1.2e-05
0.123576
0.133952
0.147268
0.207852
0.315576
0.541324
0.62674
0.630608
0.63306
0.66334
0.693208
0.838484
0.845616
0.847764
0.860416
0.93314
0.964132
1.044
1.05842
1.06996
1.127108
1.171928
1.177768
1.382156
1.416936
1.4632
1.49634
1.503308
1.517128
1.521288
1.652924
1.788656
1.82124
1.842068
1.881624
1.928664
2.021056
2.048952
2.109476
2.157636
2.282812
2.3865
2.442792
2.475356
2.5698
2.61984
2.684784
2.747252
2.764724
2.944264
3.029844
3.073436
3.097388
3.120336
3.1254
3.241996
3.253476
3.258828
3.283024
3.344836
3.40524
3.430028
3.459948
3.493048
3.55048
3.573616
3.580728
3.612048
3.6207
3.661816
3.765216
3.84622
3.878772
3.903664
3.975836
3.984324
3.987056
4.01132
4.047372
4.109972
4.118892
4.207112
4.278736
4.289888
4.339868
4.34544
4.381836
4.39916
4.413036
4.514128
4.553776
4.571252
4.603136
4.64516
4.660616
4.665264
4.667264
4.756424
4.88058
4.969564
5.02804
5.043784
5.169068
5.317056
5.386876
5.519164
5.555612
5.606324
5.62048
5.736104
5.779384
5.794212
5.809476
5.901808
5.985148
6.091708
6.175168
6.261276
6.487648
6.508508
6.6001
6.62558
6.656512
6.6752
6.772456
6.928696
6.949884
7.0295
7.092764
7.157324
7.23056
7.50878
7.585276
7.61682
7.929568
8.007188
8.027764
8.127396
8.156292
8.17032
8.33204
8.356108
8.390756
8.568844
8.584156
8.670724
8.7078
8.815908
8.8324
8.850172
8.926032
8.950352
8.962448
8.988524
9.046964
9.136428
9.197024
9.213012
9.30492
9.41448
9.44588
9.583416
9.684224
9.692304
9.725704
9.85046
9.890768
9.915244
10.061184
10.07168
10.204892
10.226184
10.2321
10.418692
10.457872
10.722692
10.725928
10.82374
10.873024
10.936656
11.006436
11.051528
11.070416
11.096296
11.099404
11.327584
11.353624
11.38246
11.408868
11.534008
11.575624
11.636824
11.655684
11.71624
11.8184
11.82482
11.837704
11.89808
11.901676
11.910688
11.9498
11.9766
11.97848
12.005592
12.095908
12.140684
12.217944
12.310164
12.367276
12.442284
12.519548
12.532428
12.56768
12.68004
12.701604
12.708812
12.719708
12.723876
12.730784
12.753508
12.930496
13.013732
13.069616
13.07628
13.203016
13.22984
13.265556
13.350908
13.382332
13.410568
13.435788
13.602344
13.627968
13.694484
13.74936
13.837996
13.9199
13.954648
14.040864
14.179328
14.230024
14.24736
14.273512
14.347964
14.373016
14.4642
14.51312
14.771488
14.83982
14.90286
14.917464
15.040628
15.064076
15.187852
15.214504
15.292792
15.359968
15.370984
15.444676
15.637788
15.678464
15.773556
15.80958
15.908328
16.12382
16.16598
16.183112
16.189404
16.437736
16.459412
16.722196
16.856688
16.869644
16.960104
16.970732
17.044712
17.061288
17.075684
17.094152
17.115772
17.21046
17.22956
17.253888
17.265676
17.289716
17.302364
17.315852
17.347824
17.368856
17.435744
17.459704
17.527068
17.58602
17.628412
17.644004
17.704596
17.786928
17.926044
18.00628
18.151688
18.162304
18.202028
18.297876
18.350024
18.369652
18.403564
18.581308
18.730792
18.736536
18.886048
18.899284
19.191488
19.211188
19.577212
19.6096
19.666268
20.033048
20.107648
20.112272
20.180508
20.34476
20.488392
20.583276
20.645236
20.710696
20.731416
20.751728
20.834388
20.86326
20.915188
20.97034
21.016564
21.071
21.131876
21.154456
21.160684
21.174456
21.218576
21.328596
21.338884
21.344116
21.38148
21.54828
21.577908
21.740196
21.751504
21.758316
21.787236
21.817276
21.885008
21.941424
21.956672
22.01074
22.08036
22.105324
22.112972
22.243292
22.260028
22.28858
22.372768
22.477988
22.497936
22.527624
22.535716
22.626396
22.646308
22.673844
22.841452
22.911984
22.98504
23.05238
23.143808
23.23546
23.346948
23.375608
23.415512
23.59738
23.741908
23.785124
23.926356
24.06162
24.103752
24.116256
24.261308
24.279296
24.335448
24.410376
24.637632
24.640872
24.754144
24.790592
24.815952
24.93064
25.01916
25.05606
25.107732
25.148768
25.180044
25.224756
25.286408
25.382816
25.455828
25.481272
25.502956
25.686624
25.769512
25.775596
25.860172
25.884016
25.918324
25.921236
25.944284
26.002668
26.102464
26.259064
26.354788
26.363908
26.433056
26.524884
26.586536
26.638508
26.70314
26.741592
26.814424
26.836192
26.873204
26.935632
26.951564
26.958812
27.014888
27.018372
27.070016
27.081
27.108568
27.122956
27.328872
27.375128
27.55964
27.638488
27.702684
27.7256
27.96684
28.263852
28.267752
28.289092
28.606476
28.64366
28.833576
28.850452
28.877648
29.118044
29.14572
29.160872
29.26476
29.31018
29.363968
29.4007
29.460276
29.767156
29.870452
29.903408
29.974184
29.990984
30.101724
30.164368
30.207324
30.2102
30.224924
30.232444
30.340272
30.390348
30.52874
30.58662
30.766116
30.892084
30.972036
31.20914
31.234024
31.321712
31.32906
31.35272
31.535124
31.60448
31.611496
31.641604
31.643168
31.654488
31.678696
31.68032
31.824608
31.87578
31.882804
32.027588
32.077772
32.097068
32.100804
32.10436
32.259992
32.28636
32.338664
32.34078
32.385532
32.753856
32.860944
32.92228
32.925064
33.015596
33.051156
33.1882
33.394348
33.40124
33.409024
33.510048
33.537816
33.539548
33.607372
33.724608
33.736072
33.82056
33.839088
33.91442
33.953524
33.95548
33.959592
34.108084
34.123044
34.127924
34.234284
34.336284
34.447496
34.515816
34.629596
34.768448
34.958236
35.0062
35.074392
35.1267
35.145036
35.165348
35.241472
35.303008
35.409116
35.454464
35.475244
35.504772
35.533276
35.58738
35.789256
35.816228
35.839756
35.846984
35.902436
35.97142
36.121504
36.188264
36.307532
36.321292
36.535956
36.550556
36.573928
36.741168
36.830636
36.933656
36.962988
36.98774
37.073492
37.076496
37.151584
37.16572
37.272988
37.2966
37.360608
37.384336
37.403844
37.430292
37.466876
37.501156
37.532316
37.624176
37.672136
37.695664
37.719924
37.727848
37.739968
37.860364
37.968596
37.979656
38.140308
38.184748
38.242592
38.335536
38.48196
38.513264
38.534752
38.63314
38.703744
38.842988
38.857608
38.87556
38.943908
38.950332
39.049152
39.31136
39.329652
39.502708
39.506764
39.509668
39.529548
39.556448
39.66158
39.674148
39.823668
39.92516
39.939816
39.989132
40.05608
40.151576
40.190428
40.226272
40.256608
40.265296
40.270644
40.274068
40.291872
40.49692
40.621368
40.65584
40.71686
40.728428
40.816388
40.826932
40.832708
40.87656
40.962664
40.992084
41.208988
41.246856
41.260448
41.307436
41.432192
41.63346
41.69558
41.711032
41.792544
41.88628
41.898692
41.946496
41.972832
41.976104
41.9822
42.061088
42.189716
42.206592
42.694936
42.807452
42.832228
42.914304
42.916536
42.930424
42.934532
43.011888
43.137444
43.153864
43.18654
43.221508
43.22718
43.266216
43.344748
43.35944
43.384472
43.40658
43.43738
43.4429
43.478496
43.528508
43.579796
43.789408
43.806404
43.809204
43.865936
43.881536
43.982768
44.016652
44.08844
44.195756
44.378932
44.457064
44.468876
44.488184
44.560124
44.634564
44.712912
44.724516
44.731828
44.781496
44.79774
44.8504
44.854968
45.223152
45.234888
45.3371
45.5993
45.663484
45.683032
45.792756
45.794568
45.925004
45.9298
46.070608
46.11144
46.29334
46.300764
46.366896
46.417068
46.421784
46.489772
46.527012
46.57458
46.588952
46.602292
46.644996
46.648728
46.702256
46.771872
46.800172
46.802956
46.869376
46.965716
47.02444
47.072848
47.101392
47.162972
47.303308
47.381212
47.38524
47.475104
47.493592
47.615432
47.640884
47.653168
47.685404
47.692964
47.718476
47.7685
47.892344
48.035312
48.06392
48.078148
48.239388
48.36374
48.405544
48.426716
48.460256
48.532148
48.537176
48.551584
48.562304
48.584776
48.74906
48.763504
48.798356
48.836428
48.864592
48.870652
48.875576
49.162312
49.369576
49.373088
49.38726
49.41708
49.436832
49.557396
49.571196
49.591272
49.696188
49.714252
49.727172
49.759444
49.833608
49.891628
49.894948
49.95234
49.99646
50.018176
50.078988
50.1046
50.1338
50.186404
50.20758
50.263944
50.312944
50.331556
50.337032
50.359008
50.463868
50.634156
50.673536
50.753172
50.76698
50.772876
50.79046
50.843164
50.851648
50.870124
50.876084
50.885672
50.924168
50.993372
51.138576
51.16628
51.210804
51.218168
51.23936
51.304432
51.320908
51.360096
51.364348
51.430232
51.574144
51.585592
51.654376
51.99914
52.005268
52.011444
52.067956
52.071464
52.152728
52.181936
52.236648
52.25918
52.31466
52.439052
52.568172
52.604072
52.613704
52.83018
52.983716
52.987704
53.053556
53.106388
53.221844
53.249232
53.386704
53.391396
53.418024
53.591004
53.606784
53.64338
53.878736
53.898884
53.930136
53.97742
53.981284
54.069376
54.150508
54.207612
54.26298
54.266352
54.503888
54.627644
54.658156
54.7689
54.789268
54.797636
54.843608
54.992116
55.045136
55.10588
55.118056
55.156856
55.283676
55.293276
55.31328
55.479204
55.502944
55.523016
55.540368
55.54554
55.553844
55.585344
55.675376
55.683912
55.746184
55.747908
55.784696
55.79338
55.824892
55.85052
55.940264
55.971224
55.983456
56.033368
56.17214
56.222844
56.24502
56.42002
56.440844
56.49324
56.530136
56.603672
56.618336
56.682292
56.700004
56.797484
56.799356
56.810556
56.893096
56.915768
56.94014
56.959304
57.048212
57.200232
57.261872
57.325264
57.431644
57.44332
57.5609
57.64056
57.704384
57.86652
57.89902
57.969204
57.991604
58.106536
58.144244
58.373976
58.467116
58.489612
58.493584
58.548348
58.758244
58.765056
58.88716
58.905196
58.90812
58.980604
59.072276
59.125836
59.231512
59.399228
59.402496
59.434056
59.454812
59.522152
59.52474
59.578956
59.587696
59.660656
59.662384
59.701968
59.714828
59.716752
59.728008
59.780404
59.78292
59.847452
59.886108
60.003808
60.027644
60.083852
60.097848
60.230624
60.268504
60.313824
60.346988
60.375124
60.424824
60.501028
60.57658
60.638296
60.825552
60.832876
60.861672
60.900676
61.017228
61.249688
61.280916
61.338064
61.345336
61.795824
61.811464
61.959756
61.973472
62.157568
62.164136
62.183988
62.197236
62.297608
62.466456
62.553292
62.572228
62.61696
62.691976
62.695908
62.708656
62.782824
62.863964
62.981992
63.076464
63.11652
63.13716
63.177284
63.257032
63.292828
63.399644
63.465748
63.554424
63.573624
63.600844
63.622672
63.693684
63.826504
63.833436
63.848064
63.900536
64.031668
64.225784
64.259356
64.26984
64.287616
64.349652
64.378228
64.39594
64.444092
64.509032
64.60286
64.789148
64.806184
64.854904
64.869684
64.958708
65.031336
65.087272
65.093724
65.135152
65.182236
65.268976
65.302544
65.320512
65.3551
65.378576
65.384792
65.391732
65.451024
65.5802
65.658876
65.678568
65.682172
65.705224
65.738636
65.768696
65.969704
66.09918
66.115724
66.186728
66.212812
66.273496
66.31092
66.326192
66.404516
66.677516
66.716508
66.734152
66.774732
66.82268
67.0674
67.091512
67.099308
67.1163
67.206156
67.271824
67.30512
67.361472
67.570472
67.57574
67.664216
67.773308
67.96926
68.01102
68.0552
68.068148
68.093556
68.152472
68.243248
68.263476
68.268864
68.460416
68.479092
68.52052
68.69154
68.742268
68.883896
68.92214
68.964384
69.045008
69.04962
69.076248
69.125072
69.163208
69.317204
69.367348
69.5268
69.67948
69.693612
69.859376
69.927904
69.967044
70.029876
70.127508
70.172032
70.32588
70.390936
70.508264
70.609868
70.748196
70.804324
70.815252
71.254324
71.312452
71.327852
71.498444
71.605424
71.643104
71.703184
71.747828
71.868316
71.880224
71.891496
72.10998
72.153276
72.206584
72.3178
72.328088
72.525656
72.646348
72.67392
72.676348
72.691984
72.789716
72.937252
72.963024
73.226168
73.303676
73.321728
73.410352
73.417956
73.481048
73.50184
73.592384
73.811896
73.862308
73.877956
73.89878
73.918048
73.920292
73.941948
73.981512
73.998104
74.10086
74.109388
74.264384
74.462584
74.506432
74.550436
74.645172
74.742516
74.917188
74.951516
75.113456
75.124236
75.182308
75.2222
75.278788
75.28602
75.383948
75.411676
75.421288
75.466676
75.521092
75.52902
75.616904
75.765556
75.830904
75.876104
75.89224
75.9891
75.995072
76.06918
76.153884
76.233556
76.236844
76.38694
76.458432
76.4745
76.494412
76.533696
76.647876
76.781592
76.96226
77.05744
77.14934
77.196444
77.306356
77.466704
77.471144
77.525356
77.529304
77.615476
77.61804
77.716956
77.741672
77.773376
77.777224
77.846848
77.863632
77.93136
77.938044
77.993016
78.065504
78.163504
78.186104
78.2435
78.303136
78.352932
78.407816
78.555264
78.595184
78.615168
78.64056
78.68408
78.729108
78.736828
79.082992
79.1353
79.15268
79.2601
79.35226
79.369196
79.374536
79.4739
79.583508
79.630296
79.660224
79.800352
79.819484
79.963376
80.092344
80.10384
80.116336
80.121668
80.1643
80.16684
80.169224
80.182244
80.203032
80.307184
80.338032
80.358096
80.410516
80.439568
80.649068
80.701036
80.715236
80.919544
81.074156
81.36578
81.445748
81.504892
81.514716
81.578188
81.709448
81.736188
81.744708
81.779268
81.809856
81.837364
81.92126
81.93558
81.947196
82.030496
82.15074
82.156164
82.265416
82.288664
82.303
82.390528
82.928512
82.932568
82.951532
83.001628
83.016004
83.11928
83.247848
83.271608
83.292492
83.295448
83.319664
83.439072
83.598304
83.7455
83.7755
83.840432
83.90514
84.1077
84.133176
84.165744
84.214828
84.244304
84.41132
84.485432
84.495484
84.51332
84.58852
84.61084
84.669124
84.69234
84.74848
84.899132
84.92592
85.08038
85.234976
85.26898
85.376028
85.445768
85.448196
85.478884
85.516832
85.544492
85.73964
85.814332
85.969036
86.02378
86.033392
86.130396
86.194356
86.206516
86.278128
86.345448
86.497
86.509148
86.570932
86.591908
86.892896
86.93184
86.97308
87.073992
87.098312
87.198228
87.226264
87.330552
87.360484
87.630252
87.687152
87.7677
87.800304
87.813556
87.929184
87.994688
88.131316
88.1714
88.21332
88.285104
88.306388
88.345084
88.359036
88.42226
88.426988
88.462132
88.510212
88.591168
88.624164
88.625256
88.63412
88.64312
88.694616
88.753356
89.068092
89.1115
89.118664
89.222548
89.355276
89.389416
89.4391
89.534036
89.53528
89.732032
89.914904
89.937716
89.986212
90.156172
90.247424
90.271676
90.321596
90.327056
90.421948
90.457244
90.725272
90.735388
90.744456
90.789836
90.859672
90.91296
90.952396
90.985408
91.091272
91.210936
91.238536
91.339824
91.45544
91.459168
91.521704
91.552492
91.675556
91.842372
91.904408
91.91628
91.947404
91.97606
91.998648
92.023376
92.055244
92.076956
92.29682
92.367872
92.456136
92.483148
92.685984
92.711444
92.720952
92.774288
92.923992
92.97604
93.0257
93.047008
93.174968
93.22336
93.439264
93.458736
93.502992
93.611724
93.6243
93.711432
93.723976
93.930668
94.067596
94.084604
94.107852
94.111672
94.138824
94.247376
94.263248
94.29152
94.300912
94.377496
94.47238
94.510036
94.587608
94.780484
94.793096
94.79982
94.854036
94.909608
95.014328
95.031232
95.080584
95.162224
95.189496
95.275108
95.327936
95.40276
95.599292
95.625652
95.67252
95.703444
95.750948
95.844312
95.863168
95.975476
95.980752
96.258624
96.392732
96.525512
96.649136
96.664872
96.736692
96.77618
96.778736
96.954292
96.969076
96.977896
96.98054
97.016828
97.0249
97.116584
97.1568
97.185544
97.212972
97.215624
97.260364
97.363252
97.415096
97.518932
97.527776
97.710056
97.726724
97.792904
97.806768
97.817356
97.831528
97.939172
97.959604
97.967664
97.993332
98.021028
98.045832
98.069436
98.158096
98.180768
98.246512
98.479008
98.5046
98.587964
98.790784
98.83108
98.837772
98.891972
99.005872
99.220892
99.29386
99.454224
99.497996
99.708832
99.91628
99.944508
100.02566
100.03084
100.15908
100.286152
100.310896
100.324116
100.462528
100.474652
100.635232
100.682648
100.692412
100.792916
100.860588
100.898388
100.931636
100.998776
101.06776
101.167072
101.2593
101.350344
101.389124
101.440432
101.559056
101.57592
101.998116
102.064776
102.109524
102.249816
102.321764
102.333544
102.404484
102.442864
102.584184
102.588512
102.611652
102.655608
102.667012
102.777492
102.790664
102.931132
103.079892
103.140708
103.312988
103.456432
103.565452
103.638848
103.734556
103.779824
103.850124
104.043944
104.169408
104.201432
104.308256
104.342352
104.360176
104.56472
104.575696
104.795544
104.81904
104.839776
104.871716
105.012836
105.01892
105.165588
105.48412
105.710284
105.800004
105.81078
105.83854
105.90942
105.937784
106.015764
106.078276
106.094432
106.114072
106.191056
106.212656
106.225548
106.252372
106.287816
106.343192
106.379676
106.489484
106.520776
106.829152
106.900216
106.90598
107.024592
107.076748
107.124732
107.201904
107.283812
107.328656
107.411876
107.489436
107.651936
107.688104
107.732668
107.74484
107.848604
107.880368
107.946764
108.044628
108.189304
108.207048
108.235672
108.2434
108.384136
108.414532
108.427468
108.525472
108.677924
108.69122
108.918128
108.937296
108.9938
109.0878
109.113824
109.3079
109.344032
109.470488
109.541912
109.590744
109.596528
109.688036
109.697488
109.751052
109.852428
109.902816
109.955748
110.0587
110.062316
110.102892
110.358892
110.37132
110.392844
110.40354
110.428192
110.593484
110.728672
110.78972
110.861092
111.013748
111.048368
111.14694
111.20378
111.211664
111.286056
111.293168
111.484608
111.521212
111.560164
111.658508
111.711076
111.80318
111.872832
111.892128
111.990656
112.017944
112.094872
112.110968
112.113304
112.19128
112.20612
112.255504
112.266216
112.269644
112.2932
112.333752
112.449712
112.475124
112.726336
112.729004
112.772416
112.855436
112.900688
112.910204
113.10088
113.115108
113.118688
113.189044
113.242524
113.320084
113.367532
113.376992
113.461212
113.52766
113.607312
113.622028
113.840728
113.893196
113.963984
114.009244
114.102152
114.12064
114.127676
114.461572
114.526416
114.537944
114.609528
114.733056
114.754788
114.83346
114.846816
115.02122
115.250568
115.41226
115.429144
115.465744
115.512316
115.669312
115.802904
115.8161
115.876676
115.926716
115.949196
115.963184
116.002936
116.121944
116.196444
116.267688
116.355752
116.440184
116.477448
116.52304
116.844544
116.869232
117.006032
117.015272
117.028992
117.120612
117.144556
117.385164
117.46506
117.51652
117.537912
117.615684
117.636312
117.720604
117.883444
117.954336
118.05732
118.19114
118.25634
118.387036
118.491348
118.500528
118.655808
118.68748
118.756768
118.909788
118.968184
118.985512
119.038088
119.109884
119.234788
119.30086
119.302616
119.336424
119.468864
119.492668
119.57958
119.665836
119.719568
119.746192
120.043348
120.151444
120.31624
120.424084
120.460052
120.532672
120.5725
120.614796
120.64246
120.6536
120.707144
120.713896
120.73596
120.740724
120.760116
120.804732
120.853888
120.940392
121.021016
121.034464
121.051456
121.092552
121.111376
121.195216
121.354504
121.483696
121.606396
121.739604
121.748908
121.80474
121.91256
121.929104
122.088696
122.196808
122.20978
122.275808
122.293852
122.335724
122.369764
122.38356
122.406028
122.419588
122.616264
122.65702
122.674388
122.757948
122.764696
122.787876
122.805772
122.838868
122.927628
122.944972
122.947668
122.949708
122.996492
123.029088
123.048528
123.112804
123.114804
123.15522
123.230364
123.387536
123.463516
123.549296
123.71046
123.784008
123.832528
123.861848
123.870608
123.934316
124.039248
124.05154
124.147836
124.347256
124.379744
124.610808
124.801544
125.096244
125.132232
125.204172
125.348756
125.368768
125.414796
125.569676
125.71052
125.828948
125.925684
125.92774
125.984492
125.987512
125.995708
126.030876
126.039732
126.084268
126.108452
126.143672
126.185656
126.315008
126.368996
126.411136
126.574892
126.60846
126.643072
126.655408
126.658548
126.665636
126.872212
127.248536
127.251856
127.325328
127.35466
127.362808
127.553112
127.65598
127.670996
127.673272
127.79502
127.823264
127.88854
127.92936
127.950928
128.032752
128.108192
128.208592
128.369108
128.38012
128.41558
128.449412
128.49728
128.645716
128.682736
128.725064
128.813308
128.915344
128.940944
128.959452
129.105496
129.135324
129.347032
129.463824
129.479272
129.57522
129.612916
129.69706
129.729948
129.741688
129.744408
129.816516
129.94308
129.956592
130.05702
130.323072
130.342732
130.349588
130.409832
130.44772
130.503916
130.51424
130.527492
130.59328
130.667856
130.6836
130.754412
130.794136
130.973456
131.01988
131.11396
131.279936
131.303
131.359732
131.436368
131.564912
131.613944
131.659172
131.72718
131.732604
131.740204
131.850264
132.102032
132.155052
132.328844
132.35386
132.360204
132.462744
132.605996
132.615
132.663172
132.685088
132.699588
132.803108
132.851232
132.855836
132.87642
132.961144
133.044228
133.119108
133.242156
133.489704
133.529736
133.53254
133.616072
133.687376
133.697228
133.83194
133.836136
133.91616
133.92024
133.927208
133.961612
133.9838
133.986972
134.050872
134.191972
134.195672
134.30076
134.395212
134.427288
134.608068
134.950092
134.95924
134.983104
135.022256
135.03304
135.081364
135.359592
135.376772
135.45502
135.503552
135.54678
135.554772
135.62076
135.786296
135.798064
136.081164
136.120776
136.184744
136.240604
136.315224
136.383628
136.386516
136.416568
136.56904
136.613848
136.692284
136.848028
136.910816
136.978008
137.178976
137.329604
137.333868
137.346732
137.474272
137.530676
137.886596
137.944892
138.069948
138.200228
138.26244
138.381932
138.396568
138.519532
138.52512
138.566096
138.596612
138.670944
138.776468
138.781816
138.8003
138.836596
138.915952
138.967132
138.972796
139.055832
139.128856
139.139996
139.217644
139.23564
139.253416
139.333684
139.394384
139.616128
139.833152
139.875708
139.937196
139.964972
140.037732
140.089912
140.113816
140.16156
140.210376
140.254024
140.261428
140.297168
140.31228
140.316032
140.339964
140.438356
140.458476
140.622116
140.85452
141.001704
141.287372
141.311888
141.38136
141.393572
141.464456
141.475676
141.589624
141.67426
141.759048
141.815168
141.822824
141.950468
142.003684
142.071892
142.075544
142.173768
142.3206
142.34616
142.377308
142.595404
142.647532
142.685156
142.692532
142.703048
142.841048
142.962336
143.007356
143.02074
143.029048
143.104124
143.117276
143.17754
143.228788
143.235252
143.493824
143.505236
143.522608
143.569076
143.576756
143.625568
143.697268
143.700316
143.71248
143.730252
143.748984
143.800748
143.80988
143.940148
143.948588
144.009084
144.144484
144.160132
144.213432
144.288664
144.349204
144.465228
144.522668
144.568576
144.585328
144.609144
144.638492
144.72586
144.727704
144.746964
144.800648
144.930536
144.950052
145.016292
145.082004
145.11694
145.13894
145.263864
145.305404
145.497752
145.54994
145.727876
145.741572
145.838552
145.901884
145.9204
146.020436
146.155004
146.217152
146.286184
146.292056
146.297488
146.363052
146.391756
146.445068
146.470504
146.474412
146.585412
146.598268
146.653932
146.696888
146.875276
146.880192
146.93972
147.08336
147.12474
147.171368
147.229208
147.262056
147.337212
147.339964
147.383968
147.414644
147.432012
147.484148
147.570032
147.573736
147.608708
147.61272
147.619604
147.638332
147.653332
147.767056
147.810888
147.879332
147.96756
148.16848
148.233964
148.3047
148.334392
148.353616
148.375328
148.426212
148.520696
148.528892
148.648016
148.764268
148.85698
149.105476
149.151564
149.276076
149.327104
149.356352
149.416764
149.537596
149.539668
149.564232
149.598636
149.620444
149.652252
149.683224
149.721144
149.94956
150.192596
150.223696
150.364052
150.374768
150.39674
150.413548
150.469964
150.52894
150.554104
150.605008
150.608436
150.660584
150.892744
151.042932
151.06234
151.086704
151.171616
151.277092
151.329904
151.537832
151.608092
151.671152
151.690908
151.751976
151.76508
151.775508
151.996412
152.064428
152.148332
152.17272
152.467664
152.562464
152.61358
152.886264
152.924204
152.958492
153.007404
153.012844
153.024576
153.051376
153.22934
153.33856
153.38362
153.494412
153.506736
153.562496
153.613884
153.664588
153.7319
153.889392
153.898796
153.914364
154.081012
154.137008
154.17178
154.2776
154.305744
154.34926
154.42456
154.825112
154.834124
154.891084
154.980736
155.225956
155.299616
155.395396
155.450184
155.485568
155.500324
155.686144
155.702036
155.7179
155.803
155.805536
155.812572
155.866864
155.905584
155.930396
155.935936
155.94072
155.947888
156.24274
156.46554
156.467992
156.540716
156.559584
156.705144
156.731356
157.013888
157.149864
157.15612
157.21434
157.292656
157.298256
157.346088
157.381416
157.393092
157.443432
157.565952
157.7414
157.852904
157.893116
158.041428
158.08462
158.09596
158.10334
158.16414
158.284992
158.302704
158.35146
158.357812
158.461976
158.495532
158.505068
158.601468
158.739424
158.765156
158.909788
158.923256
158.977264
158.989908
159.067516
159.13838
159.271392
159.28032
159.330616
159.391564
159.404756
159.491588
159.499216
159.692632
159.722764
159.806784
159.832992
159.84276
159.8757
159.9316
160.013012
160.127788
160.13458
160.172712
160.228196
160.282756
160.289188
160.41972
160.423388
160.546044
160.557148
160.573452
160.589592
160.643356
160.808304
161.13102
161.328792
161.336044
161.390188
161.431548
161.444192
161.67596
161.711208
161.721904
161.771892
161.869216
161.885292
161.99704
162.102504
162.117748
162.22796
162.255348
162.33186
162.417596
162.498364
162.676716
162.813256
162.824176
162.830196
162.868176
162.876128
162.928632
162.942824
163.197012
163.255852
163.272956
163.284724
163.305048
163.394744
163.415244
163.599024
163.602248
163.629392
163.799008
163.852328
163.9586
163.994068
164.053564
164.148596
164.181124
164.220648
164.333804
164.359776
164.37636
164.420292
164.44898
164.594328
164.629004
164.700524
164.707988
164.714016
164.772576
164.902636
164.98428
165.025324
165.151876
165.268204
165.290424
165.45384
165.479728
165.597408
165.637912
165.763664
165.766284
165.805276
165.902012
165.937016
165.950488
165.986732
166.065752
166.189784
166.241168
166.276392
166.281256
166.468608
166.5845
166.617456
166.639128
166.65444
166.672116
166.694976
166.76544
166.824916
166.889992
167.05018
167.10766
167.1315
167.140688
167.185156
167.347032
167.367496
167.461572
167.703556
167.727292
167.827108
167.981364
168.0584
168.156488
168.20082
168.267128
168.30128
168.308308
168.527472
168.64022
168.759876
168.763324
168.796564
168.845516
168.907716
168.95616
168.963888
169.051096
169.07814
169.106624
169.181624
169.201168
169.247736
169.254104
169.28938
169.295656
169.350488
169.369916
169.439744
169.481976
169.490024
169.537436
169.57588
169.578952
169.599552
169.642616
169.657552
169.662904
169.732436
169.862104
169.86368
170.068524
170.08642
170.123724
170.126248
170.132304
170.16006
170.166992
170.175408
170.19266
170.205768
170.228276
170.242392
170.246072
170.25618
170.302768
170.375644
170.586212
170.588596
170.651172
170.689224
170.702228
170.850996
170.977412
171.084404
171.152124
171.179544
171.300472
171.343644
171.459868
171.487664
171.522148
171.649684
171.708072
171.75954
171.835636
171.996368
172.079092
172.186724
172.190128
172.34564
172.456244
172.512088
172.593432
172.747152
172.799564
172.872764
172.8976
172.954024
172.958656
172.973652
172.98534
173.000352
173.114976
173.266244
173.362088
173.489712
173.495296
173.721032
173.8073
173.857404
173.900652
173.954336
173.985684
174.122268
174.223708
174.529612
174.607948
174.7553
174.917388
174.957116
175.102564
175.111516
175.31266
175.332552
175.353756
175.48126
175.49992
175.50424
175.542692
175.632672
175.64644
175.792776
175.807292
175.903444
175.913248
176.066368
176.136428
176.204416
176.359512
176.36328
176.484996
176.74796
176.757908
176.8124
176.937584
176.977832
177.046364
177.15114
177.338936
177.434896
177.449424
177.479752
177.483904
177.517884
177.568028
177.614732
177.871148
177.942352
178.201968
178.486232
178.488964
178.55876
178.601756
178.613656
178.623164
178.627436
178.832424
178.848804
178.963076
179.010984
179.034532
179.070824
179.086464
179.181144
179.318536
179.371004
179.419524
179.451
179.496004
179.561736
179.564876
179.706992
179.8514
179.89904
180.334076
