0.050704
0.127896
0.219244
0.316772
0.582716
0.599584
0.665728
0.67978
0.696928
0.784728
0.915028
0.95994
1.189388
1.334424
1.563768
1.769996
1.835244
1.925952
2.2509
2.256968
2.271216
2.416224
2.450528
2.5464
2.635868
2.649272
2.726876
2.764896
2.798764
2.993924
3.350836
3.468584
3.59028
3.60232
3.704152
3.713964
4.102532
4.184076
4.194448
4.214156
4.295708
4.328408
4.433424
4.50206
4.569128
4.72624
4.835376
4.856252
5.076128
5.177424
5.179872
5.40042
5.573636
5.644576
5.68534
5.750616
5.799992
5.916496
5.994212
6.076384
6.167812
6.42012
6.561808
6.577264
6.58482
6.592188
6.698388
6.769828
6.778504
6.856368
7.072296
7.080072
7.130504
7.168692
7.46718
7.552256
7.635776
7.863212
7.869496
8.143428
8.246452
8.538716
8.551456
8.657796
8.718996
8.783804
8.839692
8.84298
8.983248
9.092908
9.316052
9.619096
9.623744
9.656672
9.73878
9.969704
10.070044
10.179696
10.214768
10.274536
10.314856
10.629024
10.645944
10.65838
10.933872
11.02762
11.230496
11.262168
11.345076
11.349256
11.368888
11.413008
11.423916
11.546636
11.768436
11.89702
11.95482
11.97042
11.997592
12.183232
12.19202
12.261828
12.300648
12.320296
12.338536
12.39396
12.64018
12.797408
13.113816
13.120764
13.123304
13.23334
13.238056
13.245652
13.423816
13.558128
13.636312
13.644508
13.716444
13.734088
13.839452
14.045076
14.182076
14.335496
14.574132
14.641772
14.6475
14.657764
14.662236
14.679372
14.819108
14.910284
15.022504
15.172832
15.24338
15.308708
15.384204
15.486288
15.509876
15.66894
15.680852
15.7251
15.82786
15.863264
16.019744
16.05636
16.148932
16.185856
16.195248
16.228556
16.278312
16.289188
16.295748
16.429572
16.4425
16.507092
16.889232
17.20374
17.239784
17.796568
17.873892
18.20678
18.456136
18.538024
18.736508
18.776236
18.831852
18.868984
18.883536
18.994308
19.085016
19.10564
19.26992
19.295024
19.365612
19.4408
19.450064
19.496884
19.54844
19.563892
19.601436
19.636
19.8062
19.813284
19.875936
19.922072
19.934652
20.176728
20.20234
20.213596
20.468484
20.637612
20.691472
20.733852
20.752404
20.831556
21.068908
21.101204
21.139756
21.233972
21.833868
21.842684
21.944172
21.994304
22.476216
22.578088
22.727644
22.755956
23.053952
23.143252
23.155624
23.183708
23.192816
23.20136
23.259928
23.396724
23.743268
23.791304
23.881208
24.218916
24.220796
24.276124
24.464656
24.506288
24.687468
24.756984
24.809936
24.874888
25.083192
25.20526
25.24324
25.44202
25.445904
25.487668
25.550632
25.630816
25.782908
25.833764
25.8391
25.853564
25.856852
26.162484
26.503304
26.665548
26.678648
26.832628
27.071884
27.12738
27.246732
27.342124
27.430136
27.620076
27.699768
27.844692
28.188456
28.38924
28.414408
28.720888
28.943752
29.15074
29.230208
29.325912
29.392804
29.649424
29.657508
29.871376
29.96892
30.032732
30.125956
30.15774
30.276728
30.583236
30.634912
30.83906
31.123796
31.125948
31.134152
31.44358
31.480564
31.577056
31.59466
31.677412
31.765544
31.771952
31.84786
32.010972
32.107996
32.395412
33.063132
33.177256
33.491376
33.597168
33.632304
33.66754
33.688344
34.033692
34.058448
34.066544
34.551944
35.040492
35.087948
35.1425
35.174972
35.413484
35.457472
35.480352
35.549336
35.580412
35.646936
35.853396
35.860024
36.360832
36.434116
36.917804
36.996952
37.012072
37.103968
37.200956
37.40934
37.725472
37.733956
37.780412
37.78466
37.856564
37.888812
38.019688
38.168512
38.364248
38.367444
38.4742
38.583652
38.644916
38.725232
38.947096
38.9888
39.043268
39.07834
39.104472
39.126856
39.136092
39.153596
39.204944
39.321084
39.392656
39.5821
39.615244
39.642452
39.865656
39.900504
40.0721
40.094016
40.100696
40.213668
40.32864
40.342212
40.500404
40.584692
40.699852
40.787516
40.810488
40.920316
41.0259
41.034848
41.042584
41.05796
41.207148
41.284464
41.442912
41.575836
41.68398
41.761448
41.775132
42.091292
42.119664
42.233516
42.522348
42.633328
42.648012
42.7174
43.003724
43.0087
43.034152
43.180532
43.482056
43.896588
44.042888
44.089656
44.174992
44.25032
44.258936
44.389504
44.449136
44.506656
44.62622
44.778328
44.78656
44.880324
44.972548
45.01138
45.023256
45.045692
45.064728
45.174128
45.180328
45.217488
45.367904
45.40532
45.5591
45.616444
45.645104
45.685756
45.71978
45.746992
45.917816
45.987084
46.123116
46.178184
46.232536
46.37986
46.436148
46.462172
46.586116
46.611332
46.972536
47.004068
47.052536
47.056648
47.169944
47.440144
47.465164
47.618544
47.805
47.832448
47.99978
48.036132
48.143632
48.15968
48.165616
48.200944
48.227592
48.238132
48.467512
48.492628
48.51988
48.56784
48.595084
48.617732
48.820104
48.966576
48.999508
49.011192
49.110092
49.150308
49.594184
49.830388
49.891464
49.893872
49.997872
50.01814
50.04882
50.153284
50.58046
50.86858
50.937108
51.032448
51.205132
51.233028
51.282296
51.345532
51.436648
51.775544
51.858136
51.98448
52.031452
52.055932
52.080752
52.09484
52.175912
52.258336
52.456848
52.602928
52.728036
52.756148
52.794724
52.802452
52.968368
53.08268
53.10012
53.13764
53.191176
53.233728
53.460444
53.501608
53.510708
53.530496
53.577184
53.754632
53.775744
53.857328
53.868836
53.95936
54.036652
54.227268
54.300456
54.363152
54.398668
54.57072
54.593052
54.713452
54.769764
54.799872
54.857376
54.871084
55.017308
55.055936
55.180624
55.26944
55.286328
55.317136
55.473964
55.516008
55.576972
55.603752
55.686048
55.7343
55.87836
55.939564
56.050584
56.088608
56.147248
56.197492
56.259012
56.364632
56.395368
56.439956
56.595272
56.59868
56.921648
56.972392
57.022888
57.136212
57.427476
57.445968
57.478752
57.554904
57.562848
57.715184
57.721656
57.745932
57.816848
58.072608
58.11424
58.136344
58.141216
58.264744
58.283752
58.436104
58.4841
58.857144
58.904772
59.036268
59.077988
59.08972
59.154348
59.236752
59.407052
59.69432
59.776148
59.909436
60.000732
60.08562
60.262444
60.296308
60.587304
60.837344
60.981368
61.21126
61.296988
61.511528
61.59974
61.624944
61.728516
61.794756
61.848716
61.854808
61.983188
61.998704
62.36462
62.366536
62.506892
62.838152
62.859424
62.984816
63.08832
63.239736
63.274228
63.341904
63.4196
63.423676
63.479156
63.552872
63.605708
63.86378
64.06192
64.117704
64.14362
64.170968
64.593844
64.64216
64.710872
64.75614
64.7616
64.829752
65.042924
65.144064
65.192508
65.22326
65.339896
65.534408
65.583472
65.595024
65.604604
65.647532
65.655444
66.037188
66.114872
66.405748
66.729416
66.8272
66.842012
66.905616
66.93752
66.981684
67.129744
67.19252
67.236388
67.238556
67.461664
67.47902
67.546688
67.775808
67.94408
68.182176
68.263012
68.387608
68.394924
68.42082
68.452208
68.515444
68.533308
68.57276
68.714396
68.902968
68.948852
68.97888
69.173024
69.380724
69.567584
69.582884
69.617688
69.739616
69.79966
70.037636
70.271192
70.368548
70.400748
70.409244
70.62858
70.712716
70.959188
70.969152
71.097684
71.1173
71.141776
71.148128
71.213008
71.559124
71.695724
71.737084
71.783824
71.956508
72.12668
72.190848
72.25718
72.379952
72.697592
72.969068
73.285848
73.333296
73.383684
73.445812
73.459452
73.474696
73.522772
73.629544
73.717828
73.764092
73.917696
73.921808
73.954168
73.963196
74.005948
74.012148
74.051012
74.237656
74.335268
74.403816
74.510172
74.533492
74.639568
74.648376
74.758456
74.93282
74.992936
75.151168
75.157648
75.159308
75.341432
75.444204
75.469136
75.473924
75.499476
75.581236
75.596672
75.721596
75.771828
75.8002
76.55576
76.58296
76.602732
76.635136
77.15434
77.164228
77.310724
77.68038
77.68548
77.69652
77.718128
77.74926
77.846876
77.859732
77.93614
78.009984
78.490768
78.583128
78.9026
79.029932
79.323136
79.387252
79.466236
79.824364
79.962092
80.082544
80.371196
80.376324
80.51622
80.593468
80.765616
80.833064
80.908284
80.981004
81.152628
81.310192
81.360976
81.387004
81.469216
81.479152
81.490428
81.878236
82.049636
82.0883
82.280384
82.495804
82.625696
82.660824
82.944672
82.996284
83.162652
83.168372
83.192896
83.657496
83.7187
83.753164
83.85106
83.966284
83.980812
84.054704
84.05876
84.146012
84.434364
84.440828
84.667632
84.7168
84.788508
84.927484
85.03368
85.274808
85.319144
85.410004
85.590612
85.595704
85.652492
85.692988
85.785812
85.95048
85.978172
86.024488
86.04224
86.221768
86.340412
86.46258
86.540196
86.543968
86.829748
87.1811
87.373424
87.560348
87.58922
87.62852
87.883604
87.905528
88.008468
88.282724
88.288752
88.403472
88.521448
88.565508
88.576536
88.658492
88.744184
88.746996
88.839916
89.089752
89.101364
89.260188
89.329244
89.40234
89.543532
89.63432
89.845096
90.034492
90.222772
90.233844
90.277132
90.337592
90.439236
90.515308
90.573412
90.629096
90.674244
90.829104
90.833984
90.84428
90.943648
91.14548
91.195012
91.241664
91.555088
91.621068
92.044716
92.046948
92.090592
92.151232
92.17638
92.201748
92.29954
92.32352
92.409228
92.511052
92.558544
92.574336
92.646384
92.70788
92.882948
92.996852
93.03498
93.145368
93.310052
93.353136
93.390816
93.473988
93.518352
93.654768
93.804196
93.983936
94.007232
94.02288
94.048816
94.075
94.484592
94.603232
94.843704
95.0147
95.160296
95.267528
95.352844
95.455704
95.469456
95.532168
95.570296
95.785944
96.329696
96.472144
96.574788
96.936516
97.010472
97.283024
97.355504
97.383348
97.401628
97.66634
97.695176
97.716052
97.76166
98.14458
98.180004
98.254484
98.30006
98.374848
98.473376
98.488064
98.762688
98.781012
98.868292
99.011804
99.01996
99.163064
99.520688
99.62992
99.681832
99.879436
100.401992
100.407344
100.571628
100.596628
100.710996
100.943104
100.957016
101.1818
101.201728
101.259916
101.405024
102.061788
102.165116
102.4772
102.496716
102.577508
102.67202
102.742224
102.753724
102.762752
102.85224
102.88992
102.931416
102.96952
103.001932
103.038148
103.153972
103.244208
103.306536
103.543372
103.548616
103.710204
103.733312
103.814256
103.98322
104.02062
104.17626
104.1786
104.317096
104.3818
104.462556
104.618104
104.6333
104.670356
104.78946
104.839236
104.881084
105.360024
105.41442
105.45268
105.463836
105.536176
105.843792
106.551552
106.705112
106.808832
106.841864
106.865388
106.87074
107.144084
107.439948
107.512016
107.613324
107.760168
107.782368
107.839968
108.021584
108.03118
108.062188
108.128888
108.214924
108.301688
108.497572
108.553704
108.713424
108.717864
108.76032
108.812164
108.952808
109.280748
109.33648
109.42712
109.541488
109.56054
109.57388
109.592104
109.616656
109.687412
109.76566
109.954308
110.076544
110.200372
110.456784
110.488292
110.512644
110.57946
110.58656
110.634092
110.797632
110.820856
110.915364
110.921072
110.966556
110.97164
111.021224
111.06748
111.23946
111.274048
111.40962
111.519196
111.55226
111.77496
111.827716
112.027852
112.07836
112.281068
112.284848
112.524576
112.82774
112.923548
113.01856
113.428648
113.49348
113.601912
113.912576
114.14622
114.16086
114.207272
114.218196
114.285884
114.713712
114.734444
114.86982
114.940264
115.110308
115.158112
115.300776
115.446888
115.605148
115.70186
115.83222
115.954716
116.171704
116.208164
116.304332
116.310076
116.32232
116.33318
116.595336
116.613788
116.74452
116.781932
116.884164
116.912884
116.938336
116.966724
117.035248
117.131012
117.357976
117.409144
117.421144
117.438308
117.450836
117.651112
117.788252
117.933676
117.944604
118.132916
118.23136
118.386708
118.466628
118.690044
118.839144
118.940632
119.209064
119.5371
119.567504
119.631636
119.94644
120.117736
120.272004
120.280632
120.296124
120.346784
120.415276
120.431244
120.555876
120.591064
120.6965
120.77616
120.793632
120.897816
121.000048
121.011428
121.129948
121.183968
121.292544
121.298684
121.337152
121.413196
121.60266
121.871316
121.919268
121.965036
122.054004
122.158668
122.316236
122.395608
122.417888
122.456484
122.729504
122.758156
122.874732
123.122084
123.13914
123.25258
123.371628
123.524476
123.546224
123.589008
123.689372
123.840832
123.849544
124.028728
124.149648
124.172576
124.414884
124.482404
124.500508
124.54468
124.564236
124.753452
124.915032
125.043488
125.20986
125.308696
125.47084
125.599272
125.708848
125.751048
125.884284
125.97706
126.291084
126.57362
126.916132
127.563772
127.5916
127.670972
127.734132
128.161348
128.306696
128.486436
128.583744
128.862036
129.051188
129.19828
129.230096
129.454992
129.483844
129.500372
129.618876
129.62246
129.977556
130.099024
130.197184
130.3401
130.36668
130.530832
130.563664
130.616688
130.673708
130.759828
130.864104
131.035712
131.058156
131.137956
131.153284
131.237128
131.502544
131.595936
131.803736
131.890624
132.140848
132.244628
132.347072
132.421004
132.470284
132.555168
132.618556
132.66522
132.700956
132.733352
132.736524
132.8193
132.907496
132.9373
133.022876
133.352276
133.384668
133.399308
133.406032
133.520848
133.531412
133.54126
133.67488
133.69644
133.837784
133.859948
133.869364
133.968664
134.25736
134.269064
134.293848
134.333908
134.579824
134.667
134.710136
134.764436
134.857912
134.978596
135.006776
135.123488
135.222156
135.50122
135.577172
135.971
136.216128
136.244992
136.35488
136.422644
136.456516
136.463048
136.557116
136.656356
136.7138
136.764404
136.807936
136.877168
136.952316
137.145136
137.418312
137.423884
137.545228
137.603836
137.625468
137.76528
137.7986
137.837584
138.024244
138.057288
138.130244
138.193724
138.215064
138.353356
138.44578
138.571216
138.579868
138.657684
138.81522
138.900984
139.285312
139.292496
139.326756
139.341864
139.377844
139.493068
139.513508
139.555244
139.675308
139.797912
140.07332
140.077748
140.131224
140.247856
140.278312
140.312272
140.382472
140.47144
140.479368
140.553928
140.66232
140.717708
140.756124
140.774604
140.793904
140.899252
141.031856
141.283536
141.287188
141.319224
141.347544
141.36002
141.391832
141.445476
141.572292
141.650816
141.806496
141.884448
142.221384
142.317836
142.373944
142.443864
143.216812
143.220264
143.733588
143.885288
143.93546
144.006448
144.209064
144.277168
144.394532
144.50294
144.506752
144.59294
144.615576
144.71644
144.844812
145.049188
145.114848
145.12376
145.147788
145.353296
145.58102
145.724444
145.8027
145.900696
145.902848
146.036728
146.17838
146.240408
146.29808
146.379604
146.416864
146.696776
146.715316
147.131316
147.181872
147.207388
147.309408
147.457456
147.711292
147.790548
147.87348
147.882164
147.961764
147.96714
148.014484
148.305468
148.607624
148.723312
148.880588
148.891
148.975364
149.031444
149.048564
149.109236
149.127112
149.243284
149.3362
149.347024
149.391516
149.3988
149.405404
149.43244
149.568216
149.685964
149.767876
149.793964
149.922416
149.994132
150.216804
150.281732
150.444148
150.500356
150.508148
150.528
150.5628
150.671392
150.88164
150.905516
150.919812
151.181732
151.18712
151.201052
151.224532
151.517168
151.54518
151.583444
151.623056
151.636204
151.673348
151.679952
151.842756
151.846712
151.938168
151.942728
152.107276
152.123052
152.189736
152.25332
152.256748
152.312988
152.375428
152.444736
152.571484
152.59824
152.6639
152.814572
152.890628
152.916224
153.020212
153.217596
153.423652
153.538868
153.592544
153.620796
153.718568
153.812616
153.96918
154.349776
154.484464
154.50716
154.517456
154.55362
154.590036
154.594336
154.648532
154.708448
154.755508
154.784292
154.802288
154.868576
154.886784
155.03342
155.1983
155.236404
155.27504
155.385592
155.5073
155.55946
155.568556
155.689268
155.699804
155.817208
156.07862
156.26802
156.26994
156.37726
156.457808
156.465588
156.478468
156.481308
156.541288
156.5613
156.650432
156.868696
156.972172
157.073156
157.08968
157.09392
157.114856
157.394756
157.508868
157.625392
157.678164
157.826096
157.966216
158.492348
158.920608
158.959524
159.667784
159.71712
159.776204
159.97934
160.044692
160.081052
160.139124
160.245528
160.472408
160.687284
160.742592
160.750764
160.83088
160.862768
161.021688
161.167308
161.19258
161.285368
161.35218
161.377508
161.395364
161.40606
161.459636
161.533904
161.557684
161.631536
161.682112
161.687376
161.79754
161.85204
161.8819
161.958168
162.07124
162.421036
162.449064
162.55688
162.576264
162.657188
162.857424
162.883044
162.946496
163.02836
163.23198
163.324208
163.583848
163.65416
163.6948
163.804684
163.868948
163.909396
163.922484
163.994336
164.215592
164.270744
164.335636
164.386884
164.479448
164.67836
164.70354
164.756272
164.87778
164.89668
164.97924
165.0327
165.088764
165.23848
165.312324
165.614176
165.800028
165.887804
165.937372
166.063416
166.32316
166.481788
166.512568
166.56662
166.87494
166.879348
166.884996
167.097248
167.430572
167.730548
167.893548
167.975
168.210448
168.280576
168.308684
168.417268
168.517528
168.556608
168.575336
168.693624
168.708312
168.792776
168.989352
169.007776
169.123364
169.265464
169.393172
169.600864
169.645812
169.684148
169.709284
169.762836
169.821324
169.912592
169.995748
170.014668
170.180732
170.451724
170.489884
170.508524
170.52474
170.534688
170.559816
170.62132
170.635408
170.678144
170.688024
170.702048
170.78306
171.01782
171.029788
171.255212
171.50814
171.597052
171.702548
171.926876
171.993376
172.0779
172.188124
172.197912
172.233376
172.38418
172.642644
172.64566
172.651156
172.664752
172.95644
172.961816
173.039684
173.271264
173.478196
173.501524
173.522648
173.77704
173.904688
174.091416
174.306356
174.363564
174.383548
174.477504
174.541556
174.629448
174.853184
174.860432
174.945588
175.01448
175.20744
175.209948
175.340832
175.388172
175.545544
175.549204
175.564552
175.781716
175.903972
176.01738
176.054588
176.079548
176.08302
176.51186
176.515792
176.545572
176.631484
176.6827
176.696104
176.771344
177.24514
177.438988
177.853212
178.07212
178.120972
178.182116
178.693152
178.710376
178.822576
178.880804
178.903188
178.95454
179.121188
179.12496
179.156444
179.232696
179.334748
179.408208
179.559988
179.843548
179.851144
180.024332
