1.2e-05
0.086604
0.1787
0.47796
0.71788
0.800976
0.812836
0.81784
1.01168
1.149036
1.16844
1.19382
1.269724
1.30148
1.30702
1.335476
1.352688
1.425744
1.536736
1.607852
1.686692
1.705444
1.74358
1.818096
1.837624
1.858736
1.884408
2.400968
2.538656
2.729996
2.896036
2.91502
3.003728
3.252048
3.27598
3.290616
3.346796
3.544848
3.55184
3.700304
3.827112
3.926748
3.96084
4.050424
4.577668
4.62824
4.660664
4.746472
4.852676
4.864384
4.904336
5.002752
5.09218
5.124236
5.23808
5.4034
5.483072
5.48598
5.527732
5.621016
5.687056
5.78534
5.824292
5.870112
5.896748
5.996548
6.114104
6.119728
6.177116
6.234816
6.380352
6.613592
6.683032
6.687052
6.866156
6.990136
7.09136
7.14574
7.159356
7.237104
7.284372
7.303472
7.341132
7.579724
7.633164
7.655856
7.782064
7.81698
7.818836
7.873004
7.877888
7.909788
7.98866
8.008984
8.050872
8.09646
8.19778
8.35416
8.439088
8.552144
8.708136
8.811516
8.873092
8.898728
8.908812
8.92698
9.188048
9.237604
9.277928
9.399944
9.555124
9.577396
9.590796
9.609136
9.741008
9.746488
9.770644
9.83606
9.928128
9.932436
10.022024
10.099912
10.10264
10.20204
10.280072
10.389248
10.453896
10.843628
11.003284
11.016296
11.165372
11.476784
11.596156
11.61934
11.656036
11.683388
11.749344
11.768868
11.840048
11.89796
11.908968
12.032932
12.315168
12.388384
12.393132
12.394952
12.437864
12.532528
12.544636
12.87956
12.919212
12.944932
12.952064
12.999404
13.180064
13.187764
13.270616
13.315012
13.337536
13.371096
13.385124
13.450428
13.488596
13.522424
13.581268
13.642512
13.704416
13.768368
13.792052
14.126564
14.198264
14.256232
14.412704
14.45636
14.644984
14.788976
14.810988
14.873312
14.957732
15.284868
15.299884
15.32714
15.424812
15.43352
15.447572
15.497476
15.711376
15.716672
15.726368
16.106012
16.222376
16.289752
16.34974
16.46666
16.55258
16.815616
16.840588
16.869276
16.906368
16.971428
17.09302
17.122152
17.130104
17.358864
17.391648
17.430024
17.519812
17.629344
17.800536
17.806852
17.85268
17.87412
17.918036
18.083576
18.167708
18.17154
18.261004
18.429228
18.55362
18.609024
18.631988
18.657868
18.719352
18.747536
18.756104
18.879708
18.905152
18.945664
19.02342
19.101864
19.152664
19.407776
19.44962
19.546964
19.767212
19.983708
20.011012
20.106072
20.115792
20.256756
20.29234
20.370208
20.390724
20.41832
20.453072
20.563684
20.582696
20.60788
20.64398
20.65164
20.720196
20.933064
20.981944
21.029196
21.061456
21.089552
21.237436
21.322528
21.463876
21.475016
21.537048
21.564248
21.604124
21.639788
21.669632
21.689396
21.737672
21.800796
21.8157
21.829156
21.906464
21.929708
21.97708
22.649276
22.690512
22.69636
22.809656
22.984668
23.055916
23.336292
23.453444
23.499132
23.572376
23.615616
23.682848
23.801072
23.899744
24.030548
24.096648
24.151332
24.267908
24.297284
24.303852
24.506188
24.510008
24.660032
24.907176
24.956584
24.973216
25.115376
25.280564
25.310208
25.373356
25.427204
25.436172
25.634156
25.837132
25.862724
26.05092
26.132268
26.3018
26.334916
26.410068
26.502916
26.524388
26.548212
26.680848
26.698668
26.71706
26.76228
26.826388
26.912604
26.924308
26.98456
27.005172
27.035928
27.04834
27.083712
27.149336
27.169296
27.234832
27.250884
27.392208
27.518888
27.635876
27.686284
27.71026
27.806472
27.811088
27.856556
27.86886
28.0537
28.140236
28.234932
28.277524
28.364004
28.486684
29.026188
29.11402
29.14078
29.292628
29.355004
29.434336
29.448708
29.480208
29.508888
29.536344
29.710264
29.73276
29.839528
29.846808
29.85456
29.857144
29.992128
30.05664
30.193656
30.221772
30.289752
30.321252
30.402544
30.443584
30.46056
30.46696
30.552988
30.737084
30.788568
30.87544
30.9431
30.961588
30.979348
31.00292
31.057628
31.144048
31.192792
31.431544
31.474396
31.526088
31.663048
31.703668
31.728232
31.75706
31.772296
31.809596
31.848872
31.874824
31.918284
32.03258
32.05596
32.167304
32.234756
32.249048
32.317336
32.403972
32.588748
32.612752
32.640116
32.727016
32.776604
32.973056
33.13024
33.164204
33.244596
33.287608
33.43134
33.438488
33.471568
33.77768
33.869936
33.928948
33.975436
33.986784
34.078652
34.091152
34.16828
34.191256
34.208668
34.2754
34.374128
34.379892
34.543332
34.580788
34.61304
34.665236
34.807052
34.860668
34.870912
34.910844
35.056952
35.111488
35.354636
35.407808
35.435124
35.45544
35.676
35.678896
35.718264
35.875176
35.892272
35.973764
36.054452
36.056364
36.1058
36.108836
36.185848
36.199784
36.214616
36.272932
36.317704
36.36248
36.557228
36.749344
36.80552
36.887064
37.021504
37.02558
37.215856
37.240912
37.269716
37.32052
37.452612
37.544304
37.566892
37.676388
37.714048
37.720572
37.771532
37.991236
38.031148
38.062044
38.105332
38.129888
38.154108
38.178932
38.249768
38.265556
38.541424
38.627764
38.708432
38.723636
38.763128
38.76918
38.783024
38.857376
38.913468
38.987508
39.05688
39.090744
39.131652
39.331096
39.333204
39.45528
39.487396
39.553908
39.601356
39.614112
39.645684
39.701072
39.981408
40.061224
40.266828
40.441688
40.459128
40.605656
40.637884
40.76808
40.795852
40.858276
40.974744
41.069136
41.158644
41.409404
41.441948
41.444148
41.58454
41.668784
41.713148
41.727976
41.759968
41.772392
42.075332
42.159116
42.365536
42.609228
42.654452
42.7282
42.732352
42.80666
42.872484
42.889
42.939504
43.130892
43.201648
43.317088
43.399444
43.429024
43.47998
43.483464
43.532912
43.59118
43.658164
43.663104
43.761576
43.772228
43.91442
43.975936
44.227556
44.265536
44.326636
44.350952
44.469044
44.4875
44.516148
44.529676
44.538276
44.541472
44.64742
44.766928
44.8933
44.914712
44.972132
45.125428
45.139704
45.352192
45.465036
45.503896
45.512528
45.561412
45.684568
45.77426
45.881852
45.885852
46.065792
46.082512
46.168656
46.356412
46.372704
46.53622
46.545848
46.563372
46.724608
46.793096
46.862
46.9143
46.933132
47.022572
47.027652
47.151164
47.301712
47.346936
47.41176
47.536252
47.874232
47.919024
48.133276
48.143932
48.308376
48.34498
48.520632
48.607008
48.690316
48.711992
48.768176
48.854632
48.918012
48.93628
48.986472
49.006424
49.196956
49.268092
49.293928
49.343532
49.4346
49.444556
49.459316
49.506208
49.5823
49.690084
49.715564
49.727956
49.876904
49.91198
49.959512
50.08406
50.336284
50.391872
50.399764
50.442984
50.503384
50.55728
50.594816
50.81874
50.832324
50.918868
50.972164
51.130496
51.197992
51.218952
51.329688
51.625824
51.6692
51.77312
51.8483
51.922836
51.968396
51.991072
52.040888
52.113352
52.28096
52.3823
52.398052
52.416524
52.535944
52.61244
52.745292
52.761104
52.872756
52.9348
52.971488
53.043844
53.068856
53.14394
53.182288
53.283432
53.695008
53.799856
53.82444
53.995912
54.016004
54.024404
54.033544
54.414752
54.44516
54.730364
54.740524
54.857388
54.88806
54.925108
54.996592
55.01736
55.272664
55.307228
55.324428
55.343948
55.448556
55.513336
55.712028
55.736416
55.810164
55.90448
55.942732
56.11708
56.157304
56.180828
56.193424
56.247128
56.27228
56.312812
56.37998
56.420104
56.752468
56.775632
56.814988
56.837508
56.984076
57.081632
57.23024
57.309212
57.343872
57.414324
57.422784
57.513664
57.664068
57.714288
57.7197
57.7942
57.944348
58.013076
58.020592
58.025084
58.093312
58.099476
58.212236
58.290312
58.302412
58.460028
58.485284
58.55662
58.68034
58.7683
58.775852
58.811612
58.869628
58.99474
59.134784
59.2055
59.452152
59.511368
59.569544
59.606772
59.634484
59.710328
59.718524
59.760652
59.777228
59.854052
59.86902
60.042176
60.37072
60.391424
60.450376
60.591664
60.667816
60.846784
61.155872
61.161892
61.257788
61.30412
61.356016
61.643184
61.647748
61.666068
61.840232
61.892128
61.948104
62.004488
62.017732
62.283184
62.33018
62.385228
62.507248
62.599528
62.729784
62.754512
62.911448
62.992312
63.126044
63.15922
63.174596
63.240376
63.244516
63.286408
63.353768
63.3742
63.397456
63.511208
63.526664
63.675028
63.69104
63.763572
63.88018
63.916644
63.959584
64.02058
64.184804
64.218508
64.274488
64.441836
64.443992
64.503756
64.514348
64.516316
64.659416
64.760412
64.852088
64.87906
64.906808
64.982628
65.410444
65.56296
65.66466
65.793668
65.804112
65.83312
66.002016
66.134156
66.267004
66.2783
66.291736
66.301088
66.3705
66.53214
66.550156
66.605576
66.621296
66.668404
66.687476
66.873892
67.293032
67.436776
67.591708
67.718852
67.855516
67.941436
67.993456
68.021756
68.316676
68.33956
68.386268
68.598608
68.694364
68.789188
68.814928
68.853556
68.969172
69.001352
69.061748
69.16364
69.232212
69.246152
69.291564
69.384128
69.398804
69.49742
69.553244
69.566576
69.789956
70.016984
70.122312
70.125876
70.24744
70.279712
70.313164
70.4851
70.530064
70.57324
70.839792
70.875512
70.940268
70.952472
71.011124
71.062768
71.199532
71.248148
71.268476
71.290636
71.376428
71.398196
71.647576
71.703908
71.74482
71.85156
71.938736
71.983048
72.011728
72.025088
72.131872
72.340852
72.358264
72.447908
72.564872
72.57576
72.607156
72.769352
72.832728
72.84618
72.9703
73.041392
73.24362
73.344304
73.449032
73.546288
73.599336
73.649764
73.708544
73.735044
73.761804
73.802108
73.820776
73.868876
73.908328
74.108384
74.217492
74.400312
74.414916
74.543132
74.566252
74.599304
74.690856
74.751568
74.795012
74.892872
74.918552
74.933672
74.957444
74.964404
75.118116
75.180076
75.192016
75.195
75.2163
75.4341
75.503392
75.527452
75.53758
75.627564
75.671544
75.680008
75.811856
75.827572
76.04726
76.057732
76.221516
76.422236
76.43026
76.618648
76.63482
76.735976
76.817372
76.981056
76.997348
77.010844
77.311572
77.385636
77.393104
77.455132
77.457396
77.477328
77.728984
77.770784
77.786084
77.83422
77.869468
77.894652
77.916556
78.05254
78.085844
78.105764
78.134376
78.155772
78.400292
78.47984
78.563136
78.676852
78.7372
78.967796
78.995212
79.134008
79.174824
79.247428
79.255304
79.301068
79.30982
79.46384
79.5695
79.710928
79.731964
79.800788
79.844164
79.881608
79.905636
79.971528
79.980504
80.083824
80.13764
80.139584
80.171248
80.173872
80.21202
80.260156
80.360424
80.383108
80.398768
80.420272
80.58764
80.758588
80.761376
80.8546
80.913404
80.945056
81.063476
81.093256
81.174892
81.195364
81.202708
81.258232
81.304624
81.312068
81.46148
81.493256
81.69276
81.705268
81.75648
81.78092
81.792888
82.086924
82.146092
82.167392
82.175744
82.24364
82.266136
82.28058
82.292788
82.316392
82.342736
82.374788
82.400924
82.549588
82.588536
82.598232
82.626432
82.729024
82.757832
82.820616
82.867364
82.884492
82.895428
82.949068
83.045984
83.135712
83.164916
83.170388
83.212888
83.369716
83.480568
83.541484
83.650916
83.741972
83.872144
83.883584
84.07304
84.15506
84.292856
84.341116
84.379712
84.387932
84.544056
84.5942
84.651044
84.657428
84.759472
84.852192
84.854484
84.93682
84.959848
85.198872
85.259784
85.286148
85.408808
85.41336
85.647748
85.835916
85.841868
85.93568
85.95166
85.972892
86.105584
86.192652
86.28924
86.324068
86.330676
86.384992
86.604272
86.774904
86.783836
86.864084
86.92068
86.943488
86.948516
86.976532
87.369008
87.400124
87.477552
87.50296
87.526064
87.587832
87.66012
87.690132
87.712136
87.840916
87.92498
87.980896
88.031336
88.146956
88.173824
88.252428
88.385496
88.408236
88.431984
88.460284
88.521504
88.547072
88.602204
88.739804
88.8884
88.89204
88.968628
89.00786
89.009724
89.012504
89.111584
89.1178
89.13106
89.241824
89.246564
89.252148
89.286804
89.37568
89.40222
89.469768
89.474248
89.701388
89.759036
89.823944
90.08592
90.121508
90.208284
90.244336
90.332644
90.37252
90.409808
90.578232
90.776708
90.827472
90.908644
91.483032
91.551992
91.64632
91.71472
91.764252
91.83082
91.975928
92.1161
92.171264
92.18734
92.219372
92.272896
92.541964
92.580544
92.693556
92.704556
92.94496
93.184752
93.399164
93.44424
93.54986
93.729292
93.8596
93.970688
94.054724
94.134556
94.163844
94.188936
94.5812
94.616672
94.85626
94.877336
94.903852
94.907632
95.192396
95.26808
95.279336
95.312564
95.329292
95.418996
95.660588
96.065956
96.100068
96.135472
96.336144
96.544832
96.637984
96.717896
96.82018
96.849304
96.974144
97.179572
97.32264
97.32666
97.56132
97.623428
97.866456
97.891604
97.914776
97.965
98.012156
98.014864
98.049352
98.167888
98.18876
98.248088
98.269776
98.276148
98.287236
98.30902
98.34552
98.40822
98.412032
98.441356
98.48596
98.52558
98.558336
98.667984
98.805756
98.85956
98.879984
99.116828
99.134384
99.175508
99.188244
99.26192
99.265484
99.322896
99.475968
99.498192
99.718304
99.73778
99.867056
99.874668
99.880232
100.027256
100.042736
100.115912
100.215492
100.22484
100.387176
100.392076
100.621624
100.684376
100.855836
100.868692
101.01836
101.038512
101.254892
101.316016
101.333544
101.43412
101.50832
101.705988
101.746456
101.760492
101.77826
101.9826
102.199004
102.275016
102.311088
102.400232
102.423556
102.460328
102.479684
102.531316
102.67674
102.7772
102.794468
102.857092
102.908436
103.00164
103.045648
103.065664
103.070144
103.167168
103.195812
103.25132
103.314708
103.316568
103.360964
103.395288
103.40144
103.634652
103.69172
103.731376
103.739452
103.781588
103.789664
103.790664
103.821984
103.904224
103.93534
104.014336
104.04052
104.06874
104.090636
104.153256
104.32678
104.468072
104.481452
104.484236
104.501536
104.569836
104.671032
104.747164
104.801236
104.861196
104.9329
104.938984
104.943404
104.95394
105.0038
105.055436
105.495656
105.556456
105.5993
105.657712
105.665776
105.699148
105.793232
105.860476
105.868632
105.884888
106.244712
106.350604
106.385088
106.409472
106.430768
106.486388
106.564976
106.660056
106.668564
106.675396
106.678248
106.698256
106.708232
106.868376
106.887424
106.912156
106.964576
106.997092
107.00964
107.093284
107.134912
107.23452
107.261732
107.330924
107.372052
107.38058
107.410292
107.537968
107.57906
107.601468
107.741324
107.742972
107.777512
107.85878
107.9031
108.175624
108.184996
108.321516
108.413024
108.553912
108.587084
108.758628
108.772912
109.056744
109.115236
109.151936
109.18414
109.215972
109.265368
109.27556
109.287412
109.365208
109.410064
109.418816
109.428824
109.48648
109.67886
109.704544
109.753292
109.814444
110.051684
110.287476
110.358288
110.464284
110.581404
110.596996
110.816788
110.82948
110.972616
111.044264
111.057568
111.107652
111.109356
111.140736
111.169524
111.181724
111.29412
111.30148
111.411228
111.4285
111.459072
111.466016
111.529432
111.77424
111.847012
112.150508
112.18688
112.200892
112.22758
112.25182
112.344212
112.36438
112.390796
112.656996
112.96822
113.138304
113.290184
113.340516
113.416888
113.53454
113.56924
113.730512
114.15366
114.212116
114.261012
114.31266
114.361476
114.401164
114.413992
114.432096
114.644112
114.73744
114.85552
114.877372
114.925452
114.970408
115.033308
115.105944
115.10946
115.249856
115.264852
115.373692
115.381552
115.409088
115.466484
115.609972
115.663156
115.715452
115.739164
115.761852
115.912372
115.944028
116.015804
116.06926
116.105568
116.174164
116.190772
116.21108
116.215596
116.245152
116.304688
116.372976
116.435624
116.452408
116.496956
116.529064
116.588244
116.603356
116.710324
116.736832
116.91258
117.0136
117.09234
117.107368
117.220996
117.290448
117.467164
117.492768
117.545052
117.574964
117.6131
117.737112
117.814152
117.922328
117.93234
117.982208
118.242972
118.24548
118.302176
118.344076
118.363028
118.379912
118.417788
118.430228
118.485924
118.6473
118.692772
118.730752
118.805732
118.904232
118.993144
119.010032
119.099736
119.14108
119.294492
119.350284
119.376568
119.692388
119.779708
119.877948
119.965176
120.031652
120.079396
120.182652
120.390276
120.523028
120.544644
120.598052
120.865368
120.877608
120.88768
121.055348
121.140604
121.207112
121.246568
121.2835
121.393236
121.459196
121.583356
121.622768
121.630244
121.655572
121.76272
121.768132
121.842292
122.005716
122.1676
122.238076
122.266196
122.369192
122.44368
122.49806
122.576816
122.606668
122.687664
122.70638
122.752724
122.889992
122.9237
122.95698
122.96778
123.128596
123.242684
123.360588
123.436016
123.616208
123.672804
123.730936
123.849628
123.854296
123.881292
123.897132
124.12482
124.211484
124.252356
124.330292
124.339296
124.346812
124.4427
124.49788
124.560176
124.614716
124.685044
124.988132
125.05748
125.113596
125.193944
125.368912
125.412328
125.673608
125.750264
125.780812
125.984076
126.168876
126.252284
126.354952
126.418004
126.510092
126.565932
126.614572
126.619272
126.62246
126.671064
126.691044
126.714892
126.78342
126.785724
126.829676
126.870304
126.897668
126.973512
127.044432
127.055188
127.173152
127.27084
127.281128
127.4139
127.502632
127.641932
127.650248
127.68946
127.708496
127.939288
128.004504
128.134612
128.147364
128.155612
128.1891
128.282648
128.364344
128.369048
128.41026
128.454668
128.519292
128.595388
128.623408
128.72118
128.808512
128.921776
128.9435
129.05036
129.132588
129.244428
129.30948
129.348492
129.443512
129.509624
129.544904
129.565964
129.58796
129.668096
129.724248
129.778684
129.825576
129.836852
129.98892
129.9914
130.030152
130.1681
130.243132
130.4562
130.471484
130.558636
130.680508
130.740028
130.745428
130.868844
131.052128
131.132536
131.150036
131.157336
131.190704
131.260792
131.565312
131.592588
131.718204
131.759196
131.908336
131.939492
131.943704
132.00168
132.253192
132.287264
132.32212
132.333336
132.379036
132.390208
132.413344
132.528372
132.635828
132.75902
132.834276
132.992604
133.127632
133.174044
133.277048
133.293296
133.396324
133.421292
133.4375
133.46578
133.56174
133.584288
133.693468
133.735516
133.845016
133.884024
133.92364
133.999436
134.028956
134.093924
134.147128
134.203148
134.250872
134.28382
134.308804
134.545788
134.662048
134.8278
134.90318
134.942848
135.003972
135.041124
135.130196
135.295456
135.558576
135.58718
135.692676
135.711968
135.730808
135.734324
135.860824
135.947088
136.023136
136.114372
136.224016
136.250432
136.444164
136.516244
136.53888
136.635792
136.682168
136.701644
136.7526
136.828696
136.947944
136.960404
136.979448
136.988356
137.158076
137.213012
137.215324
137.241812
137.387576
137.520296
137.584796
137.616156
137.708912
137.788064
137.854636
137.904604
137.92454
138.073612
138.139284
138.146528
138.314916
138.631736
138.644716
138.658276
138.810508
138.831372
138.837004
139.05426
139.064052
139.072088
139.110152
139.228296
139.240688
139.274744
139.27728
139.316284
139.341332
139.366676
139.404764
139.441068
139.477304
139.5329
139.595308
139.609564
139.654704
139.669068
139.694672
139.729952
139.776968
140.016764
140.23288
140.236044
140.257748
140.260228
140.280552
140.420948
140.636684
140.777344
140.873072
140.901344
140.903424
140.977824
141.031908
141.063616
141.10306
141.187284
141.33424
141.352296
141.390312
141.461532
141.522052
141.708928
141.737444
141.760424
141.861904
141.916172
141.927704
142.025904
142.145208
142.229092
142.267072
142.27474
142.409192
142.47392
142.61478
142.666744
142.83766
142.845276
142.928052
143.136132
143.168876
143.185756
143.212548
143.336072
143.386856
143.398364
143.6477
143.712876
143.776496
143.915576
143.944948
144.021028
144.163164
144.187084
144.3373
144.347304
144.443572
144.4467
144.616676
144.649152
144.702304
144.772092
144.80046
144.814628
144.845136
145.027404
145.033636
145.05532
145.0612
145.117844
145.219028
145.26086
145.274064
145.335208
145.3656
145.38046
145.42836
145.4441
145.484192
145.558888
145.63224
145.677788
145.68466
145.691796
145.72028
145.74442
145.971176
145.984032
146.008284
146.089868
146.140472
146.149852
146.158948
146.258488
146.553408
146.5839
146.589384
146.701896
146.8318
146.838488
146.946796
146.993916
147.049824
147.062636
147.153056
147.231808
147.30806
147.335968
147.345152
147.479088
147.54432
147.63966
147.81238
147.868556
147.889416
148.087676
148.163172
148.19822
148.259996
148.311552
148.36804
148.545352
148.561284
148.673
148.897924
148.907496
149.18462
149.284084
149.510736
149.614668
149.891724
150.069784
150.141652
150.353768
150.380188
150.399908
150.46332
150.567252
150.626512
150.823116
150.973288
151.008856
151.060588
151.07076
151.120892
151.224112
151.2314
151.28188
151.326016
151.354432
151.366848
151.469312
151.609288
151.627012
151.672636
151.762504
151.81656
151.841572
151.879744
151.891256
151.900924
152.025556
152.03868
152.091856
152.207144
152.386388
152.524244
152.55176
152.603152
152.927084
153.086628
153.77966
153.840472
153.928008
153.992976
154.016224
154.161604
154.211124
154.228144
154.234164
154.251292
154.262776
154.269876
154.33064
154.39976
154.409964
154.41932
154.422696
154.698352
154.758752
154.783188
154.80074
154.814876
154.858288
154.88426
154.90536
155.048232
155.105384
155.205124
155.25126
155.2856
155.329404
155.34952
155.46248
155.523044
155.602676
155.890372
155.91572
155.935312
155.959812
156.033332
156.052356
156.075736
156.35062
156.394792
156.790084
156.902648
156.976284
157.004844
157.006872
157.01042
157.102668
157.146384
157.160204
157.314296
157.3292
157.35722
157.389428
157.424444
157.476932
157.607532
157.780468
157.836436
157.924892
158.247676
158.255052
158.370972
158.526388
158.57074
158.731524
158.774448
158.77966
158.815776
158.832316
159.01154
159.019976
159.101212
159.112908
159.212428
159.319792
159.34252
159.461556
159.471416
159.62926
159.684628
159.770972
159.799564
159.850784
160.042648
160.105976
160.151852
160.273044
160.45014
160.460448
160.51846
160.526972
160.576924
160.684668
160.708
160.801024
160.812128
160.971896
161.019396
161.232844
161.247076
161.250416
161.334724
161.360748
161.378384
161.523196
161.668032
162.213924
162.297972
162.341708
162.524184
162.64638
162.677016
162.714012
162.753548
162.923948
163.025412
163.062316
163.079724
163.189044
163.336748
163.430936
163.467896
163.57598
163.604388
163.608924
163.78602
163.79654
163.857908
164.148452
164.335516
164.354856
164.359356
164.463784
164.48242
164.547824
164.584836
164.636368
164.665228
164.837608
164.880992
164.979224
165.14786
165.172396
165.346956
165.619832
165.690728
165.720956
165.723504
165.726808
165.77592
165.825408
165.94482
165.99668
166.06994
166.077272
166.137548
166.190412
166.355508
166.3676
166.378348
166.421144
166.635436
166.682636
166.710536
166.743184
166.77386
166.880088
166.898004
166.978904
167.007344
167.07012
167.173636
167.180792
167.266136
167.35264
167.399984
167.408576
167.428288
167.523212
167.810816
167.962988
168.134064
168.197072
168.204176
168.226536
168.28252
168.34524
168.36946
168.39596
168.403184
168.440996
168.5481
168.709944
168.740792
168.79622
168.853528
169.01802
169.032852
169.05398
169.262236
169.375104
169.415256
169.430004
169.51696
169.758192
169.768496
169.85966
170.196136
170.241676
170.353868
170.37338
170.386744
170.437724
170.63306
170.742452
170.882276
171.022308
171.175928
171.189072
171.334224
171.35022
171.693496
171.705888
171.841672
171.862264
171.947272
172.015236
172.018016
172.094932
172.105764
172.112308
172.213656
172.220152
172.37464
172.421372
172.530192
172.678132
172.761468
172.77068
172.84542
173.10406
173.121332
173.139172
173.27876
173.391376
173.473028
173.890148
173.9262
174.165392
174.259108
174.283432
174.301448
174.49784
174.506784
174.686548
174.743832
174.792632
174.803584
174.829988
175.030348
175.039632
175.140596
175.2174
175.266544
175.289592
175.296984
175.391048
175.684776
175.7065
175.848816
175.89222
175.933552
176.188136
176.27906
176.349728
176.352252
176.68306
176.710844
176.727324
176.736216
176.864316
176.957152
177.00744
177.036416
177.114512
177.241656
177.441532
177.45854
177.463144
177.803256
177.86186
178.005772
178.162428
178.392288
178.405696
178.4216
178.470656
178.47644
178.49532
178.640952
178.762052
178.859556
178.884244
178.888932
178.957192
178.974708
178.978956
179.054632
179.222828
179.393632
179.42386
179.61122
179.630236
179.671076
179.687904
179.69696
179.74494
179.746988
179.791988
179.885884
180.00298
