1.2e-05
0.317712
0.458628
0.531976
0.633572
0.643188
0.858276
0.86312
1.107464
1.233872
1.3043
1.338832
1.357388
1.433564
1.687376
1.977736
2.174012
2.46406
2.603568
2.636224
2.711272
2.797804
2.956304
2.958776
2.976204
2.980136
3.018168
3.03984
3.060424
3.07238
3.109628
3.122584
3.54718
3.6657
3.736444
3.781452
3.962244
4.043896
4.523636
4.644148
4.779152
4.838244
4.86814
5.097596
5.303628
5.549744
5.610232
5.619852
5.661932
5.681004
5.765372
5.861476
6.135956
6.197968
6.274896
6.292828
6.416772
6.494028
6.666692
6.788156
6.824696
6.837984
6.873896
6.958364
7.092936
7.18026
7.185524
7.273544
7.608332
7.662032
7.671484
7.708908
7.724336
7.765844
7.780976
7.792168
7.806568
7.87986
7.9968
8.016956
8.089424
8.199728
8.240528
8.295952
8.325956
8.461744
8.537748
8.587444
8.688276
8.703856
8.84182
9.197836
9.242616
9.320068
9.424908
9.913968
9.99636
10.170712
10.213676
10.264068
10.267748
10.390696
10.460408
10.51506
10.6035
10.702688
10.748044
11.06082
11.090828
11.185684
11.41396
11.602644
11.679308
11.736032
11.863732
11.998884
12.011712
12.034616
12.064936
12.189956
12.211224
12.452492
12.510984
12.53496
13.060932
13.078112
13.346424
13.616688
13.646492
13.883988
13.935664
14.004252
14.073196
14.260284
14.45282
14.600388
14.773616
14.856268
14.891512
14.93426
15.339712
15.377172
15.524048
15.712468
15.739524
15.826476
15.951468
16.140272
16.33238
16.377116
16.444428
16.459028
16.747936
16.789152
16.812352
16.836844
17.08514
17.189788
17.280936
17.351016
17.908832
17.931652
18.016548
18.052816
18.078064
18.138624
18.155044
18.20124
18.24104
18.280384
18.308164
18.352756
18.419848
18.435848
18.58198
18.585928
18.722484
18.76614
18.808468
18.8548
18.931436
18.963388
19.153728
19.184352
19.195088
19.312752
19.327128
19.368148
19.38388
19.516196
19.605308
19.608524
19.673308
19.692788
19.706892
19.76066
20.000288
20.241768
20.315624
20.347464
20.383928
20.513788
20.629688
20.658688
20.893768
21.126588
21.190476
21.320444
21.363468
21.426004
21.481972
21.489564
21.520748
21.783088
22.047464
22.09762
22.100228
22.122456
22.12862
22.154324
22.297832
22.647476
22.809512
22.846216
23.181564
23.284456
23.289636
23.346028
23.486004
23.521076
23.588936
23.682228
23.688888
23.722544
23.731412
23.951152
24.173944
24.195892
24.202732
24.231868
24.3441
24.529376
24.546172
24.691756
24.702856
24.987824
25.072904
25.195632
25.312908
25.318508
25.33322
25.352456
25.387032
25.578364
25.647048
25.761816
26.000332
26.052824
26.062132
26.114928
26.137656
26.285972
26.428248
26.685268
26.713784
26.761868
26.830296
26.989992
27.044312
27.566124
27.606384
27.665008
27.736124
27.765528
27.908564
27.979444
28.000252
28.01482
28.163524
28.241112
28.368616
28.782168
28.824916
28.869072
28.9086
29.106168
29.172088
29.274404
29.347044
29.420208
29.505404
29.623336
29.632644
29.676764
29.753016
29.790048
29.96528
30.500496
30.509172
30.521016
30.538564
30.549416
30.587244
30.695268
30.743144
30.94768
31.0335
31.128192
31.301704
31.33788
31.358892
31.416916
31.436252
31.608252
31.688748
31.844264
32.015164
32.185472
32.543104
32.682888
32.743068
32.789332
32.842584
32.946988
32.973384
33.117904
33.139132
33.446168
33.56508
33.606648
33.753932
33.792672
33.811196
33.837368
33.86072
33.892208
33.950444
33.999828
34.16404
34.184984
34.304192
34.307124
34.37504
34.411792
34.413532
34.432908
34.58266
34.59948
34.646828
34.725916
34.943048
35.159312
35.229756
35.276352
35.365852
35.378344
35.76162
36.033124
36.05494
36.074488
36.237248
36.324348
36.390788
36.509564
36.6963
36.700444
36.751636
36.765956
36.77094
36.873144
37.018236
37.044196
37.108284
37.118016
37.26368
37.298252
37.3816
37.414904
37.877976
38.076348
38.079484
38.24488
38.292412
38.329848
38.547228
38.633352
38.752128
38.756696
38.872188
38.889264
39.001716
39.073548
39.227656
39.43534
39.703704
39.744444
39.809024
39.824576
39.997188
40.020452
40.040748
40.059888
40.234084
40.376764
40.543288
40.68132
40.777448
40.793896
40.9233
41.10764
41.131476
41.157444
41.24266
41.255876
41.321
41.40494
41.510668
42.219848
42.359004
42.485196
42.6352
42.647472
42.888396
42.969468
43.089772
43.138804
43.293396
43.407628
43.502704
43.95972
43.97494
44.265052
44.434956
44.775012
44.800376
44.822768
45.135624
45.204004
45.322628
45.64702
45.672884
45.699332
45.833824
45.866088
46.078856
46.205828
46.280732
46.367104
46.382368
46.411536
46.608628
46.627276
46.634896
46.691704
46.85728
46.865968
46.932192
46.987004
47.08484
47.297576
47.306828
47.416176
47.452312
48.037228
48.063136
48.281856
48.457712
48.807496
48.880216
49.17054
49.312904
49.321512
49.481852
49.527212
49.661632
49.834516
49.907344
49.940708
49.977676
50.016764
50.1314
50.216916
50.261408
50.338232
50.528276
50.821872
51.107404
51.1354
51.147668
51.282828
51.659484
51.907932
52.062836
52.19554
52.696992
52.860672
52.962856
53.015
53.076388
53.115168
53.320988
53.394764
53.609252
53.700136
53.785976
53.880608
54.037628
54.116364
54.321768
54.346552
54.365988
54.6598
54.742068
54.773444
54.832868
54.900188
54.926872
54.96146
55.005996
55.037628
55.287416
55.484996
55.518984
55.574
55.955268
55.985332
56.121624
56.35724
56.389336
56.689396
56.73366
56.776688
56.957724
57.00382
57.180924
57.286972
57.299096
57.32634
57.345492
57.494224
57.51936
57.810484
57.88136
57.925612
57.93494
57.963732
58.181364
58.188568
58.287824
58.39426
58.506924
58.573892
58.605424
58.75476
59.063652
59.162428
59.184204
59.304764
59.435008
59.489352
59.504096
59.57514
59.754952
59.79644
59.885864
59.970164
60.03318
60.150532
60.222424
60.577224
60.755296
60.782856
60.812392
61.08182
61.099512
61.46268
61.5612
61.583044
61.739684
62.009548
62.048436
62.170136
62.26298
62.277304
62.327352
62.331724
62.368996
62.418
62.553356
62.656152
62.841672
62.958956
64.097624
64.32874
64.371832
64.385268
64.388448
64.494688
64.654008
64.749908
64.884112
64.890056
64.89328
65.039028
65.059452
65.13656
65.168564
65.182968
65.631636
65.724536
65.841492
66.134344
66.138188
66.313472
66.411992
66.480564
66.591152
66.662392
66.738344
66.798856
66.94642
67.1171
67.3049
67.436
67.672268
67.727412
67.750656
67.792764
67.853492
68.049328
68.08026
68.09806
68.143864
68.353012
68.447896
68.573628
68.628
68.63508
68.643864
68.937348
68.978188
69.072768
69.26632
69.315672
69.462996
69.504128
69.523508
69.571832
69.575148
69.686668
69.870768
69.965728
70.126792
70.229856
70.327608
70.343392
70.393872
70.40276
70.470896
70.507424
70.549404
70.6816
70.746092
70.828648
70.951896
71.029396
71.053664
71.138208
71.293996
71.298672
71.370068
72.000668
72.088408
72.242144
72.400452
72.460568
72.574756
72.577636
72.672096
72.701416
73.074044
73.606832
73.640752
73.850016
73.973588
74.047388
74.059684
74.315344
74.471916
74.478824
74.553752
74.5831
74.595348
74.64466
74.697088
74.715848
74.72804
74.795568
75.01676
75.072952
75.12534
75.189028
75.299964
75.387932
75.395896
75.460888
75.783384
75.839912
76.166752
76.172552
76.35936
76.520288
76.54422
76.573348
76.81588
76.9439
76.98784
77.215352
77.242316
77.489328
77.560808
77.566448
77.644092
77.686176
77.768028
77.77382
77.85106
77.894124
77.906976
77.999864
78.02904
78.163292
78.411168
78.572924
78.633048
78.667864
78.719864
78.943292
79.004836
79.027516
79.286972
79.36282
79.415016
79.51146
79.584448
79.636832
79.694288
79.752204
79.79292
79.801476
80.07662
80.306412
80.620136
80.68328
80.6868
80.799212
81.083928
81.237944
81.495456
81.58948
81.601824
81.774528
81.802724
81.85088
81.965176
82.106308
82.142408
82.1694
82.49336
82.59204
82.751384
82.80216
83.044612
83.079264
83.135028
83.137028
83.214108
83.282388
83.358752
83.3705
83.40486
83.441016
83.448492
83.47944
83.563148
83.589312
83.61762
83.672604
83.716188
83.718952
83.794588
83.818384
83.87428
83.883556
84.06334
84.103556
84.1072
84.201852
84.21106
84.360868
84.389484
84.631884
84.69238
84.771396
84.785272
85.015528
85.070612
85.259964
85.32078
85.333684
85.5594
85.632844
85.733796
85.759424
85.88652
85.994784
86.015668
86.048724
86.053184
86.1852
86.196868
86.2495
86.324704
86.381852
86.484568
86.545964
86.561496
86.638752
86.674692
87.132172
87.188632
87.285772
87.366356
87.376604
87.386312
87.483956
87.506436
87.521212
87.575032
87.589232
87.616668
87.783316
87.802816
87.997596
88.276008
88.565704
88.720944
88.811144
88.918116
89.09884
89.403652
89.876712
90.229348
90.257516
90.340536
90.350532
90.385336
90.40366
90.556656
90.865976
90.927104
91.078068
91.096672
91.11814
91.227296
91.545804
91.612756
91.704516
91.747752
91.906752
91.9422
91.95826
92.04548
92.204572
92.33056
92.507888
92.73274
92.773572
92.789864
92.804624
93.032596
93.448264
93.487712
93.521324
93.75842
93.775352
93.79546
93.82234
93.980512
94.023152
94.124752
94.228064
94.257104
94.628988
95.24672
95.27472
95.38668
95.479668
95.534024
95.547804
95.61496
95.68156
95.784736
96.019284
96.037604
96.171996
96.328372
96.347588
96.492256
96.587564
96.72738
96.75636
96.76334
96.977216
97.174064
97.36656
97.517548
97.572308
97.8796
97.915148
97.976996
98.01374
98.142312
98.240212
98.282964
98.459972
98.537068
98.576836
98.578968
98.605992
98.717124
98.851088
98.864472
98.962728
98.991632
99.292812
99.442584
99.65498
99.744948
99.968352
100.068336
100.145548
100.156848
100.202868
100.636944
100.74754
100.934948
100.952472
101.05878
101.096716
101.18512
101.359392
101.481044
101.61446
101.646192
101.741124
101.962716
102.279876
103.114648
103.233172
103.38024
103.416652
103.559408
103.60248
103.671296
103.887912
104.023668
104.11356
104.136372
104.307564
104.364232
104.38706
104.484228
104.516868
104.566392
104.911496
105.188552
105.341424
106.06814
106.087112
106.122028
106.29884
106.328488
106.709148
106.822624
106.902404
107.030892
107.04128
107.231008
107.293892
107.342372
107.444508
107.53106
107.64116
107.645212
107.650376
107.789684
107.91976
107.971388
108.33796
108.506552
108.509488
108.591976
108.769748
108.795484
108.852224
108.951552
109.261496
109.329576
109.571284
109.580336
109.659228
109.910232
109.955136
109.96626
110.122264
110.143576
110.466956
110.47452
110.633444
110.698336
111.100436
111.155328
111.469168
111.47124
111.655828
111.703472
111.71574
111.788188
111.915964
111.953316
112.009312
112.056988
112.085732
112.243144
112.264376
112.270136
112.418904
112.495592
112.594112
113.126712
113.25506
113.30678
113.324972
113.523336
113.670336
113.730216
113.765532
113.858252
113.943592
113.990036
114.163028
114.390696
114.813076
114.890468
114.98526
115.010256
115.029312
115.16158
115.202012
115.219504
115.337376
115.4955
115.516384
115.527604
115.757684
115.76958
115.849072
115.867608
115.967912
116.015368
116.151396
116.293284
116.473432
116.592164
116.792692
117.016612
117.1623
117.188452
117.222168
117.42136
117.438396
117.602532
117.764308
117.818068
117.920528
118.099484
118.123968
118.33582
118.455584
118.469732
118.484972
118.543632
118.675116
118.695768
118.73302
118.9754
119.264204
119.552364
119.644008
119.655344
119.706696
119.76124
119.900736
119.90272
119.92062
120.118972
120.392668
120.406404
120.536736
120.544388
120.623928
120.6408
120.781624
121.088016
121.140944
121.520904
121.736104
122.135152
122.322544
122.380704
122.602356
122.650164
122.662816
122.764344
122.825052
123.00558
123.098608
123.128536
123.147328
123.160136
123.23876
123.265312
123.270304
123.410196
123.465228
123.570516
123.678608
123.709376
124.169848
124.235024
124.248392
124.265152
124.270332
124.329224
124.373112
124.446512
124.458152
124.757908
124.799112
124.996016
125.130972
125.136028
125.237444
125.243712
125.255072
125.32808
125.44418
125.498576
125.524096
125.558828
125.566844
125.607712
125.609976
125.842828
125.952428
125.964932
125.9734
126.130984
126.153724
126.202436
126.219884
126.343336
126.370316
126.463984
126.565752
126.591736
126.764004
126.88748
126.89788
127.02946
127.075832
127.288568
127.459688
127.495792
127.585448
127.71436
127.739016
127.764988
127.774548
127.926696
128.0111
128.077548
128.439124
128.512912
128.527396
128.530144
128.848388
128.902888
129.026644
129.096536
129.22356
129.29002
129.657712
129.696708
129.98858
130.031808
130.08974
130.136172
130.204512
130.257648
130.290844
130.337196
130.428224
130.500424
130.808528
130.9797
131.0759
131.280344
131.50812
131.76832
131.772728
131.80348
132.18566
132.23288
132.238852
132.322784
132.37902
132.532884
132.70346
132.731
132.801636
132.85662
132.961304
133.38634
133.401928
133.532116
133.632188
133.66302
133.76312
133.903704
134.28198
134.346236
134.374012
134.422352
134.520044
134.524872
134.56672
134.667744
135.144804
135.162512
135.43708
135.490728
135.541636
135.76752
136.048848
136.07292
136.233288
136.278064
136.369624
136.39438
136.455004
136.72178
136.887972
137.017044
137.128888
137.30008
137.397224
137.427548
137.442056
137.468424
137.669396
137.706516
137.736596
138.090596
138.21822
138.285036
138.420856
138.503568
138.541132
138.66592
138.778856
138.912112
139.192856
139.302864
139.30972
139.376892
139.391032
139.47296
139.54504
139.546808
139.662996
139.835024
140.002972
140.006572
140.062416
140.1824
140.38002
140.393992
140.439044
140.526188
140.621148
140.71378
140.81826
140.940344
140.945752
140.964476
141.022512
141.064888
141.0705
141.12696
141.13146
141.162808
141.225504
141.237848
141.430488
141.448648
141.457684
141.480016
141.489332
141.522148
141.538392
141.563988
141.625496
141.631716
141.72364
141.775928
141.930908
142.089064
142.232192
142.236764
142.271356
142.364412
142.504744
142.524872
142.558048
142.564304
142.661224
142.720328
142.91586
142.980188
143.082052
143.188404
143.191192
143.668792
143.714652
143.784468
143.885388
144.01732
144.141236
144.22806
144.230928
144.542348
144.717688
144.789224
144.794404
145.043276
145.082672
145.095036
145.13822
145.169288
145.309872
145.349112
145.51356
145.554652
145.572976
145.70002
145.711088
145.799412
145.920072
146.018692
146.099084
146.201976
146.33414
146.38726
146.514344
146.539704
146.730648
146.781976
146.981056
147.11422
147.168356
147.191612
147.252692
147.443892
147.614356
147.682344
147.689904
147.999624
148.20686
148.513952
148.6174
148.631536
148.874504
148.91782
148.962792
149.145584
149.41414
149.51026
149.617556
149.655752
149.744328
149.81206
150.170428
150.227612
150.234884
150.277796
150.32456
150.412636
150.4525
150.487008
150.63598
150.6762
150.941492
150.95294
150.958508
151.169464
151.18538
151.373188
151.383924
151.408832
151.42014
151.872504
151.875028
151.877308
151.952568
151.974536
152.282672
152.325116
152.454292
152.460544
152.534384
152.56596
152.585428
152.602972
152.951056
153.004196
153.141244
153.186408
153.453068
153.4758
153.668624
153.678576
153.6824
153.765952
153.888456
153.905044
154.013488
154.24672
154.265316
154.374288
154.727124
154.745924
154.809144
155.00202
155.02858
155.384376
155.55764
155.603788
155.62664
155.6892
155.793904
155.960112
155.974244
156.077604
156.181504
156.438472
156.441284
156.719392
156.73238
156.783888
156.956504
156.985424
157.276288
157.305356
157.430276
157.798008
157.824476
157.86182
157.865692
158.002924
158.034116
158.059616
158.099248
158.112332
158.201324
158.294756
158.382644
158.456352
158.475308
158.477324
158.743824
158.826168
158.872652
158.918916
159.046896
159.127388
159.34744
159.34884
159.534308
159.673988
159.794292
159.812752
159.954488
160.03162
160.106096
160.205932
160.253332
160.288308
160.399952
160.406384
160.438052
160.536516
160.548532
160.685932
160.886316
161.029616
161.207352
161.221116
161.640756
161.697248
161.885816
161.893332
161.94602
162.084276
162.238124
162.347212
162.37894
162.391264
162.405888
162.58976
162.79608
162.912884
163.093516
163.171984
163.189512
163.251868
163.271244
163.361228
163.437188
163.860444
164.023876
164.211796
164.272216
164.470812
164.66928
164.779884
164.913244
165.001192
165.081392
165.290664
165.360316
165.368132
165.599376
165.63992
165.718472
165.824184
166.112468
166.164832
166.361792
166.428088
166.7746
166.811288
166.882224
166.901748
166.97862
167.075628
167.097208
167.470296
167.73168
167.762928
167.979512
168.109384
168.20334
168.402692
168.447572
168.597768
168.620588
168.639664
168.827856
168.894404
169.081544
169.322508
169.412752
169.430028
169.439712
169.480132
169.561072
169.6169
169.871792
170.064472
170.141604
170.146
170.22474
170.231448
170.366196
170.903144
171.153252
171.180452
171.355832
171.365208
171.374696
171.41846
171.42512
171.451696
171.467736
171.56188
171.599532
171.607172
171.664996
171.677696
171.696912
171.733708
171.795896
171.812052
171.99422
172.018692
172.047044
172.127012
172.34642
172.38516
172.805696
172.86226
172.901536
172.964452
172.9768
173.40782
173.543984
173.608388
173.621148
173.806316
173.815012
173.8715
173.967584
174.039972
174.090356
174.134776
174.2459
174.277024
174.30392
174.423596
174.563448
174.6595
174.876436
174.9043
174.964384
175.220252
175.235456
175.327336
175.447468
175.463728
175.523056
175.656104
175.67944
175.746872
176.430344
176.437492
176.488348
176.538564
176.689664
176.697792
177.101844
177.61766
177.738324
177.747052
177.756876
177.844536
177.865016
177.875304
178.05238
178.209628
178.277868
178.46932
178.528256
178.535328
178.665356
178.825584
178.933464
179.067676
179.080444
179.092184
179.1523
179.16338
179.218376
179.308704
179.424068
179.592484
179.703016
179.709864
179.74228
180.168464
