0.03206
0.101104
0.173044
0.364776
0.472784
0.586412
0.667352
0.803736
0.82946
0.865712
0.879396
0.883188
0.97272
1.027148
1.18516
1.67864
1.718692
1.767452
1.785348
1.824764
1.860212
1.97424
2.021592
2.040468
2.04206
2.052508
2.143736
2.165176
2.195968
2.322272
2.364432
2.42992
2.507556
2.64966
2.715592
2.779116
2.815512
2.920992
3.03232
3.070232
3.129696
3.143924
3.15222
3.353284
3.454588
3.599176
3.7591
3.87116
3.99722
4.276136
4.386848
4.408264
4.572012
4.725056
4.799124
4.865292
5.026248
5.128808
5.318804
5.453516
5.602428
5.616176
5.661088
5.770144
5.86556
6.064252
6.285352
6.303652
6.332756
6.63456
6.682104
6.738292
7.040916
7.12754
7.145992
7.264988
7.468104
7.479476
7.712644
7.74324
7.75878
7.789688
7.849848
7.871356
7.943152
7.956556
8.101212
8.157044
8.422912
8.47298
8.554116
8.568372
8.577084
8.694588
8.738452
8.989404
9.205464
9.248492
9.382244
9.398888
9.553056
9.663456
9.815068
9.852736
9.945184
10.017844
10.040692
10.051768
10.069244
10.145568
10.265352
10.280512
10.393516
10.412388
10.418624
10.696824
10.848156
10.883064
10.914792
11.006968
11.019236
11.130772
11.170584
11.323644
11.391612
11.40398
11.60062
11.85162
11.86238
11.930996
12.283192
12.296052
12.32722
12.371956
12.506232
12.585316
12.6302
12.985708
13.178904
13.197184
13.257512
13.315692
13.393688
13.432076
13.457768
13.694144
13.85962
13.876204
14.02708
14.183772
14.260072
14.320864
14.379628
14.381868
14.56806
15.102364
15.123816
15.171436
15.177436
15.179068
15.194048
15.215004
15.278048
15.331712
15.503812
15.525964
15.579868
15.668848
15.891332
15.898536
15.966608
16.093216
16.157048
16.358236
16.510464
16.513156
16.759804
16.791728
16.810316
16.832528
16.936932
17.011724
17.013576
17.0374
17.231792
17.426716
17.430528
17.454724
17.734204
17.756772
17.853552
17.899456
17.936312
18.0609
18.21422
18.321412
18.35134
18.408068
18.43502
18.643628
18.700436
18.770476
18.773088
18.775616
18.786044
18.825196
18.970188
19.080316
19.1894
19.194868
19.201768
19.210696
19.23642
19.404756
19.418804
19.514668
19.77218
19.775224
19.814592
19.909328
19.94698
20.109056
20.171708
20.299024
20.378776
20.421016
20.442944
20.569992
20.693128
20.917836
21.041096
21.096496
21.397012
21.554784
21.814932
21.827004
21.859888
22.0201
22.120464
22.124396
22.182464
22.186292
22.203792
22.3183
22.359172
22.568416
22.651372
22.7842
22.7985
22.809828
22.848824
23.188024
23.327432
23.372588
23.4141
23.54714
23.604876
23.750968
23.804972
23.840232
23.91228
24.037584
24.045176
24.199248
24.246308
24.390124
24.397216
24.455232
24.600008
24.674152
24.719288
24.759528
24.787704
25.0031
25.066596
25.1971
25.328952
25.754444
25.814936
25.890284
26.09162
26.177512
26.209016
26.315184
26.378024
26.451804
26.4758
26.776976
26.897172
26.907516
26.998268
27.045296
27.121812
27.169324
27.245276
27.3941
27.50234
27.61826
27.66372
27.685196
27.74938
27.875484
27.900608
27.938076
27.951612
28.284084
28.954056
29.02042
29.165396
29.198332
29.365812
29.439956
29.451052
29.530572
29.728
29.78834
30.155428
30.256256
30.35054
30.369804
30.37338
30.458904
30.53182
30.661988
30.664848
30.768748
30.773164
30.785928
30.85252
30.975188
31.141572
31.171284
31.612868
31.617432
31.676884
31.74764
31.872956
31.87598
31.921636
31.923844
32.039652
32.085624
32.279232
32.356128
32.410156
32.497524
32.531888
32.754328
32.878636
32.94262
32.984728
32.99566
33.181544
33.218968
33.402352
33.447668
33.566804
33.579816
33.611808
33.690244
33.906748
33.916228
33.99982
34.109232
34.116812
34.134732
34.281432
34.296364
34.309232
34.535272
34.697464
34.795016
34.86634
34.881668
34.88346
34.921104
34.993184
35.00866
35.01226
35.22292
35.253728
35.38902
35.686916
35.734664
35.759188
35.942396
36.120912
36.259308
36.319436
36.326288
36.333236
36.355312
36.40802
36.423744
36.52708
36.53076
36.566712
36.6057
36.622656
36.63248
36.724588
36.842656
36.906252
36.959244
36.972896
36.995016
37.014076
37.091108
37.129364
37.134864
37.16064
37.175384
37.352256
37.358604
37.410008
37.480848
37.505048
37.553624
37.65958
37.750596
37.83528
37.864344
37.86682
38.0472
38.114092
38.12942
38.238944
38.288948
38.311752
38.364876
38.548348
38.688972
38.765572
38.799256
38.823708
38.83452
38.839368
38.904396
39.114452
39.237168
39.260104
39.365912
39.439112
39.500544
39.514712
39.53706
39.876248
39.986652
39.994568
40.082788
40.326392
40.330432
40.379148
40.43446
40.438764
40.482388
40.607088
40.625476
40.735468
40.82214
40.879804
40.921632
40.956088
40.990152
41.142956
41.297112
41.392248
41.417256
41.470012
41.55872
41.576388
41.611224
41.737172
41.900544
42.049696
42.08224
42.1878
42.224824
42.38882
42.425048
42.551104
42.84958
42.907088
43.133816
43.18752
43.248724
43.292084
43.324572
43.360764
43.388036
43.431644
43.504632
43.540264
43.5919
43.629504
43.653132
43.663536
43.77022
43.775112
43.862212
44.036608
44.120656
44.123268
44.149136
44.164196
44.180248
44.230192
44.44568
44.557628
44.570756
44.58356
44.641412
44.667188
44.780456
44.818472
44.856936
44.880356
45.350868
45.353224
45.389876
45.429976
45.542568
45.7779
45.90802
45.943392
45.965276
45.980908
46.163508
46.213736
46.314896
46.322708
46.372412
46.450144
46.578084
46.884544
46.948996
46.95868
47.08304
47.182224
47.260712
47.367368
47.384724
47.402232
47.448444
47.6515
47.938004
48.077648
48.130664
48.20294
48.210652
48.25898
48.280612
48.382092
48.461644
48.50658
48.615452
48.673568
48.679728
48.747568
48.82878
49.049508
49.345072
49.494004
49.508492
49.537664
49.706436
49.792628
49.8063
49.809872
50.15182
50.237384
50.45272
50.71386
50.965556
51.1318
51.2202
51.382744
51.391932
51.443632
51.55026
51.737288
51.747212
51.874444
52.1255
52.242284
52.343584
52.49096
52.802016
52.804568
52.828316
52.837472
52.961236
53.085172
53.091268
53.12718
53.128936
53.253904
53.390368
53.392824
53.424628
53.571612
53.683228
53.753188
53.846448
53.88882
53.90652
54.096656
54.15288
54.258144
54.394
54.417688
54.89054
54.95816
54.983268
55.127872
55.152108
55.202204
55.228868
55.425636
55.482252
55.499456
55.552028
55.869152
55.990548
56.02462
56.03586
56.403656
56.414868
56.697348
56.726416
56.781476
56.829076
56.855372
56.869168
56.929008
56.957848
57.058672
57.151544
57.188792
57.357024
57.417384
57.580536
57.608796
57.619992
57.685916
57.881864
58.29472
58.339296
58.393552
58.511248
58.573264
58.688964
58.699224
58.728168
58.787908
58.836016
58.854676
59.011064
59.1555
59.158616
59.201384
59.264288
59.281252
59.44184
59.552012
59.557676
59.654592
59.710056
59.789792
59.924108
59.998792
60.080876
60.107448
60.110936
60.168284
60.29374
60.333908
60.340204
60.440404
60.518888
60.634856
60.750068
60.842488
60.913764
60.962776
61.142508
61.158052
61.288864
61.578704
61.688216
62.010368
62.099564
62.163188
62.258656
62.426968
62.43508
62.728448
62.76606
62.816136
62.835632
63.057296
63.158752
63.19654
63.4318
63.447372
63.5292
63.662488
63.689588
63.788548
63.80426
63.82402
63.915164
63.962216
64.050512
64.090408
64.099712
64.11528
64.133308
64.184176
64.1922
64.471052
64.479316
64.498912
64.61064
64.973676
65.034076
65.151024
65.306148
65.440088
65.474308
65.585984
65.660876
65.71676
65.723928
65.779372
65.791304
65.819004
65.847832
65.89918
65.997804
66.056004
66.162416
66.3366
66.439188
66.614244
66.773572
66.812976
66.840716
66.879656
66.98788
67.095804
67.128168
67.178488
67.271184
67.310828
67.354476
67.386092
67.443456
67.477808
67.779036
67.884796
68.001964
68.02934
68.216024
68.238212
68.255568
68.477188
68.53736
68.576604
68.690824
68.74802
68.77482
68.822684
68.918076
68.924172
69.055956
69.108312
69.1271
69.144648
69.479664
69.751964
69.760716
69.977988
69.997208
70.31858
70.504684
70.623644
70.77486
70.93562
71.079444
71.130124
71.233352
71.235464
71.269836
71.338764
71.4378
71.482536
71.50054
71.512776
71.531652
71.610368
71.658268
71.689672
71.842896
71.893016
72.06038
72.146104
72.19338
72.323444
72.45418
72.515868
72.536588
72.576
72.580888
72.741324
72.752872
72.771636
72.855812
72.857692
72.876124
73.080272
73.118996
73.155288
73.207456
73.211304
73.233712
73.263812
73.40166
73.593452
73.709836
73.757496
73.86638
73.90994
73.913584
73.974876
74.115788
74.144396
74.233428
74.35686
74.586264
74.642528
74.755144
74.83536
74.983596
75.119324
75.338212
75.34394
75.442568
75.63036
75.672524
75.785456
75.815756
75.843668
75.88574
75.915424
75.97816
76.347904
76.47336
76.50966
76.559916
76.603848
76.608176
76.613512
76.627128
76.724252
76.727116
76.745248
76.805968
76.87122
76.907012
76.912016
76.928132
77.227052
77.245452
77.26772
77.43998
77.645344
77.658084
77.92216
77.950464
77.977116
78.200556
78.20394
78.240268
78.333516
78.352548
78.38658
78.441504
78.506636
78.544688
78.630044
78.763756
78.7839
78.877172
78.92986
79.011652
79.027076
79.102912
79.118532
79.1481
79.15552
79.2301
79.273632
79.282552
79.28926
79.319144
79.417632
79.438168
79.447928
79.51842
79.6538
79.668492
79.748848
79.80522
79.843592
80.0276
80.036348
80.04596
80.15328
80.169568
80.345276
80.374496
80.433872
80.444652
80.568828
80.606712
80.72556
80.873016
80.9546
80.997876
81.036864
81.127396
81.205224
81.266736
81.322552
81.36004
81.382168
81.481108
81.506928
81.568924
81.747352
81.757024
81.97486
82.215352
82.272044
82.365348
82.40142
82.48906
82.509664
82.757676
82.770208
82.80526
83.00898
83.051292
83.122752
83.312484
83.47916
83.698704
83.898776
84.0819
84.109256
84.285832
84.370576
84.438412
84.523088
84.620064
84.739068
84.841424
84.881744
84.891392
84.946288
85.015204
85.237636
85.243528
85.28674
85.492516
85.51808
85.546536
85.572828
85.73026
85.744404
85.84772
85.968168
86.042824
86.320088
86.349144
86.415748
86.470204
86.475172
86.501504
86.504372
86.511004
86.855452
86.989756
87.07748
87.32298
87.348712
87.359488
87.364752
87.65014
87.66286
87.717704
87.802016
88.121484
88.266128
88.347308
88.385128
88.389128
88.552656
88.59082
88.646124
88.717216
88.796508
88.839536
88.856288
88.975016
89.002152
89.018316
89.083496
89.099952
89.14266
89.263432
89.276948
89.400236
89.437032
89.47386
89.537312
89.566408
89.725876
89.885836
89.918104
89.927476
90.21794
90.366648
90.434512
90.521536
90.595436
90.73676
90.799156
91.047448
91.235104
91.351784
91.357944
91.368288
91.479288
91.579552
91.80482
91.831452
92.002464
92.0423
92.085488
92.118532
92.254116
92.337992
92.425756
92.511032
92.5339
92.69916
92.70588
92.719884
92.769056
92.808236
92.821988
92.92972
93.022576
93.146012
93.248424
93.369788
93.483948
93.586684
93.616408
93.679532
93.710292
93.732568
93.906324
93.957624
94.046748
94.170572
94.334764
94.382012
94.435212
94.631092
94.647124
94.65102
94.683356
94.859308
94.91268
95.096444
95.233156
95.248396
95.38026
95.43068
95.463624
95.467176
95.476268
95.509332
95.514796
95.667916
95.799552
96.007212
96.021608
96.076012
96.235308
96.277268
96.30388
96.3487
96.424312
96.503916
96.641292
96.656676
96.785048
96.794236
96.947608
97.016284
97.0373
97.12742
97.231924
97.283296
97.355592
97.490976
97.537876
97.57098
97.60208
97.607168
97.649588
97.687628
98.240704
98.283692
98.596976
98.719948
98.73172
98.90304
99.034888
99.114512
99.194892
99.25748
99.429312
99.483036
99.581468
99.657636
99.707976
99.730852
99.901772
99.995292
100.03222
100.065236
100.188848
100.243852
100.43474
100.511468
100.673344
100.678468
100.831792
100.929208
101.035304
101.068128
101.25814
101.297948
101.421684
101.523212
101.613376
101.735936
101.78766
101.993528
102.176128
102.194008
102.492396
102.67328
102.735028
102.784784
102.8156
102.904988
103.150576
103.195112
103.266176
103.283412
103.423952
103.472908
103.517516
103.6179
103.63862
103.666948
103.672096
103.688352
103.82296
103.929356
103.943556
104.206556
104.214964
104.241496
104.304216
104.317664
104.399456
104.430256
104.445596
104.522104
104.546616
104.583128
104.750896
104.808044
104.822524
104.85134
104.85634
104.921044
104.928176
104.970928
105.015744
105.048684
105.18446
105.195012
105.532124
105.58744
105.656872
105.706332
105.818832
105.979088
105.9973
106.2081
106.287124
106.349036
106.481604
106.613028
106.6237
106.635784
106.919164
106.960296
106.987452
107.00374
107.033656
107.048424
107.106132
107.150228
107.170652
107.177244
107.344004
107.512668
107.598764
107.615104
107.628568
107.6329
107.655432
107.834492
107.880764
108.032144
108.140008
108.327204
108.37922
108.639032
108.690172
108.7198
108.735048
108.754304
108.811076
108.82386
108.888816
108.9524
108.976332
109.099052
109.14408
109.340664
109.41602
109.430076
109.472528
109.490084
109.50392
109.5534
109.567524
109.720616
109.734204
109.773976
109.82536
109.881428
109.930788
109.962412
109.972996
110.02822
110.111588
110.163808
110.217324
110.348632
110.416032
110.435884
110.51752
110.6097
110.62788
110.642024
110.669736
110.765796
110.76972
110.930664
110.933268
111.056472
111.286508
111.305068
111.306988
111.449564
111.522088
111.725696
111.994636
112.098804
112.12242
112.140776
112.161064
112.169728
112.200372
112.20518
112.301344
112.407316
112.4781
112.57214
112.578368
112.627564
112.647252
112.670228
112.67562
112.849468
112.870168
113.34082
113.495448
113.518748
113.714524
113.761172
113.79722
113.856748
113.964884
113.996352
114.114172
114.187144
114.204652
114.213012
114.2246
114.29476
114.342868
114.36266
114.384792
114.701364
114.742944
114.797632
114.874148
114.992628
115.050908
115.106524
115.200816
115.225808
115.3774
115.58836
115.604584
115.678956
115.794212
115.796896
115.806928
115.884664
115.989304
115.997368
116.087164
116.121836
116.3601
116.494928
116.577412
116.657172
116.75758
116.761132
116.85754
116.894588
116.922612
116.977376
116.981368
117.077496
117.0842
117.342204
117.405624
117.495708
117.60244
117.680896
117.714708
117.723532
117.783076
118.19368
118.429788
118.497144
118.802764
118.989004
118.991768
119.01792
119.03672
119.063732
119.170644
119.318048
119.4315
119.513596
119.71564
119.993356
120.383184
120.513596
120.581752
120.7433
120.745196
120.81552
120.830884
120.90908
120.94194
121.044712
121.103724
121.15148
121.220944
121.439656
121.613704
121.665504
121.688556
121.710032
121.811256
121.85586
121.88252
121.930556
121.972712
122.117444
122.129068
122.160164
122.183004
122.3006
122.308076
122.585124
122.673184
122.679764
122.806068
122.958132
122.98088
123.029668
123.03684
123.15744
123.212416
123.23748
123.282708
123.331752
123.366316
123.499864
123.620488
123.688008
123.715864
123.734816
124.062288
124.129784
124.223572
124.357168
124.37262
124.502656
124.520844
124.559156
124.627
124.728248
124.802812
124.86752
124.933948
125.0069
125.02522
125.0687
125.347576
125.407096
125.485216
125.509004
125.563992
125.567948
125.662692
125.89742
126.041896
126.044376
126.070984
126.141976
126.27412
126.383036
126.452152
126.620928
126.650736
126.720308
126.808448
126.812524
126.857748
126.93838
126.997736
127.073136
127.116608
127.173136
127.22242
127.238748
127.270264
127.36002
127.480408
127.5673
127.569764
127.743264
127.910988
127.932656
128.122196
128.17696
128.230696
128.33742
128.349516
128.358076
128.453884
128.551176
128.600116
128.67824
128.820356
129.221976
129.39158
129.396528
129.401792
129.84416
129.868676
130.04844
130.083864
130.2076
130.302804
130.340444
130.40054
130.449996
130.4595
130.501568
130.533164
130.630876
130.63646
130.665108
130.685764
130.74022
130.864636
130.901304
131.023756
131.064248
131.068348
131.200524
131.733824
131.762716
131.806176
131.823508
131.928852
132.417328
132.42468
132.60018
132.66404
132.708864
132.78336
132.839316
133.250424
133.309028
133.329976
133.395972
133.523484
133.575796
133.650008
133.73066
133.783128
133.792744
133.8406
133.84664
134.208268
134.553936
134.57058
134.660608
134.695964
134.714628
134.744748
134.863232
134.89804
134.900924
134.98458
135.076068
135.226552
135.35364
135.362044
135.437368
135.589704
135.592212
135.68754
135.710452
135.8803
135.901544
136.123824
136.197224
136.214484
136.242744
136.312748
136.438464
136.488108
136.5045
136.688656
136.942636
136.990028
137.012616
137.308876
137.387768
137.473948
137.549404
137.587008
137.602712
137.617116
137.649292
137.674016
137.993512
138.021836
138.126968
138.202688
138.237104
138.324328
138.344204
138.623856
138.713428
138.792612
138.938108
138.943324
138.963996
139.046668
139.216488
139.244092
139.276776
139.551164
139.586136
139.600564
139.751704
139.803296
139.810228
140.156496
140.197088
140.297748
140.43338
140.536844
140.654072
140.827284
140.871144
141.354352
141.414888
141.434552
141.537896
141.550684
141.752688
141.761392
141.782388
141.826936
141.978928
142.003332
142.077828
142.171048
142.174284
142.179316
142.198028
142.223016
142.240944
142.309588
142.4611
142.503384
142.590764
142.658832
142.950192
142.964292
143.018796
143.128736
143.448896
143.485672
143.488372
143.626992
143.70616
143.795732
143.841556
143.96276
144.067024
144.128352
144.177344
144.27252
144.31336
144.447756
144.65154
144.748828
144.780912
145.16342
145.309812
145.323308
145.32854
145.355804
145.413052
145.457552
145.506752
145.606456
145.733128
145.763452
145.974436
145.976464
146.007432
146.247256
146.302144
146.415732
146.417852
146.607124
146.610268
146.684912
146.759772
147.004736
147.007608
147.155452
147.239692
147.362768
147.386828
147.595076
147.861928
148.01726
148.100972
148.129088
148.18548
148.285988
148.3131
148.407324
148.447128
148.5621
148.564072
148.620604
148.688208
148.756492
148.881132
148.975224
148.988416
149.003516
149.041472
149.086596
149.16848
149.218556
149.252476
149.329752
149.508192
149.547644
149.555152
149.592392
149.624948
149.875144
149.981412
150.117088
150.202076
150.243712
150.325736
150.341596
150.368664
150.402408
150.4398
150.454696
150.754264
150.787864
150.894572
151.038316
151.061096
151.236716
151.24154
151.273904
151.275568
151.286808
151.351048
151.448064
151.496932
151.637332
151.666972
151.718952
151.73228
151.995512
152.268856
152.42092
152.645512
152.690128
152.712904
152.761612
152.810856
152.89328
152.928332
153.00266
153.372572
153.396412
153.455956
153.53698
153.557456
153.629568
153.74684
153.789808
153.889528
153.968964
154.127316
154.146468
154.280704
154.5453
154.792912
154.808484
155.060952
155.076368
155.096516
155.15692
155.199816
155.339292
155.45718
155.617252
155.663864
155.91112
155.921216
156.028816
156.089608
156.10062
156.209748
156.381648
156.397392
156.458552
156.527748
156.587728
156.65116
156.727732
156.860492
156.895372
156.924772
156.96298
157.11806
157.131784
157.135184
157.257596
157.274468
157.487236
157.579388
157.721916
157.73564
157.761036
157.763056
157.784076
157.943876
158.141148
158.1782
158.237832
158.286736
158.34852
158.420696
158.46514
158.726132
158.751524
158.934928
158.950068
159.1691
159.172728
159.508696
159.656704
159.80718
159.849144
159.901408
159.951776
160.179768
160.371812
160.47426
160.478232
160.69354
160.832876
160.944332
161.204012
161.259704
161.39794
161.420684
161.460744
161.541648
161.570764
161.648036
161.663108
161.740824
161.807908
161.904852
161.908204
162.310392
162.326108
162.36126
162.568264
162.908352
163.1589
163.213032
163.278028
163.293376
163.569056
163.656036
163.70684
163.787436
163.8122
164.026088
164.083152
164.088404
164.15042
164.214636
164.58098
164.830392
165.271164
165.334012
165.573916
165.769888
165.847044
165.918128
165.955644
165.965812
166.272708
166.293468
166.413604
166.530132
166.600932
166.636556
166.639484
166.7572
167.009176
167.147092
167.269056
167.634464
167.8772
167.926044
167.955432
168.000792
168.0487
168.115452
168.325676
168.411832
168.525948
168.541764
168.557968
168.59164
168.635624
168.645556
168.655068
168.972988
169.052408
169.176036
169.21434
169.217736
169.220464
169.225916
169.240244
169.32342
169.348752
169.444664
169.50496
169.53988
169.835048
169.851152
169.962112
170.004456
170.008124
170.044796
170.071236
170.157636
170.241504
170.327672
170.544416
170.916092
170.94756
171.048244
171.364056
171.382164
171.410124
171.53348
171.650012
171.689756
171.748712
171.756404
171.836308
171.8498
171.858128
171.877404
171.88872
171.899872
171.90858
171.914552
172.127556
172.166272
172.212504
172.3169
172.320696
172.50006
172.517084
172.599604
172.68996
172.810048
172.817396
172.973128
173.065996
173.174812
173.244084
173.383832
173.388924
173.47804
173.490876
173.515216
173.634632
173.659512
173.906036
174.081312
174.089368
174.092032
174.12284
174.1391
174.279408
174.461612
174.478444
174.51922
174.564704
174.634588
174.780428
174.837944
174.965672
175.108568
175.138828
175.15012
175.164616
175.19308
175.401208
175.556276
175.726536
175.961828
176.008388
176.022816
176.092328
176.144536
176.222792
176.336716
176.340348
176.375192
176.378632
176.381332
176.436188
176.515568
176.526696
176.617388
176.92878
177.058388
177.100276
177.153396
177.410612
177.469608
177.725704
177.786852
178.185916
178.341292
178.38628
178.445464
178.461316
178.511524
178.65054
178.741064
178.752028
178.758184
179.09732
179.310296
179.335544
179.370412
179.415076
179.514296
179.564624
179.587552
179.61882
179.671156
179.792572
179.82164
179.861276
179.976824
180.025708
