0.039276
0.371856
0.702812
0.714932
1.145012
1.174332
1.240816
1.310568
1.344076
1.353164
1.401232
1.497176
1.5738
1.937972
2.511624
2.587808
2.689252
2.84444
3.001132
3.00442
3.048492
3.07628
3.123092
3.130928
3.2075
3.26526
3.51142
3.799764
3.934384
4.071664
4.345076
4.51698
4.61274
4.966096
4.99632
5.051228
5.13852
5.274528
5.494664
5.741656
5.783744
6.019428
6.210448
6.369964
6.572036
6.635232
6.685368
6.926652
7.122
7.28074
7.337364
7.43322
7.602708
7.813588
7.840684
8.119484
8.528664
8.548508
8.730396
8.7917
8.801892
9.010184
9.060504
9.155328
9.352552
9.35796
9.52614
9.63254
9.981404
10.054892
10.222436
10.348664
10.506648
11.089848
11.268316
11.362228
11.381168
11.41886
11.440448
11.452608
11.706252
11.873412
11.93864
11.952864
11.972476
12.086148
12.340612
12.404912
12.457924
12.518248
12.57888
12.65076
12.697192
12.801644
12.819816
12.85694
12.933564
13.084792
13.3016
13.314824
13.530688
13.603512
13.775484
13.932208
14.102356
14.201968
14.233288
14.244284
14.459184
14.469888
14.492944
14.515212
14.603572
14.75694
15.10182
15.492608
15.994456
16.177044
16.434504
16.4612
16.521732
16.545024
16.547984
16.636968
16.81262
16.884024
17.266428
17.47442
17.496972
17.822204
17.887596
18.393344
18.50406
18.61948
18.853252
18.875896
18.880424
18.892208
19.173972
19.336416
19.35448
19.664584
19.79276
19.876316
20.661364
20.686644
20.729732
20.753872
20.949624
20.961256
21.158096
21.168816
21.187308
21.294232
21.427572
21.595684
22.143848
22.185484
22.363024
22.408328
22.43642
22.454564
22.670216
22.736168
22.845496
22.849656
22.855052
22.979108
23.09384
23.133728
23.204004
23.255204
23.385652
23.51578
23.652048
23.798212
23.868644
24.123372
24.288584
24.683348
24.688248
25.000692
25.041044
25.093412
25.162848
25.28408
25.546904
25.644312
25.8138
25.817592
25.83986
25.852112
26.105248
26.209996
26.266412
26.372032
26.471652
26.575764
26.890712
26.949596
27.14978
27.235428
27.376892
27.681172
27.69876
27.780368
27.821096
27.86992
27.944308
28.1549
28.234728
28.254248
28.307752
28.47328
28.50292
28.53428
28.647064
28.663676
28.707288
28.805408
28.8201
28.864084
28.928732
28.932156
29.03258
29.065908
29.091596
29.159264
29.257824
29.328752
29.373604
29.467576
29.572432
29.846204
29.878684
29.889308
30.168328
30.892044
31.257504
31.394816
31.528804
31.565504
31.70058
31.976552
32.007016
32.075384
32.115704
32.7614
32.82028
32.872836
32.911652
33.005536
33.30248
33.30704
33.361152
33.390488
33.48072
33.608028
33.641516
33.768344
34.271092
34.291672
34.433504
34.549456
34.624508
34.672088
34.927748
35.423112
35.433948
35.503808
35.609
35.634612
35.834288
35.85972
35.985644
36.038648
36.205056
36.2877
36.310412
36.349152
36.481872
36.51578
36.696844
36.731132
36.840108
36.944256
36.978744
37.126492
37.20756
37.36216
37.407372
37.497428
37.95474
37.969528
38.033516
38.204544
38.291848
38.29528
38.359848
38.361768
38.614744
38.851856
38.960192
39.196988
39.323968
39.408992
39.435284
39.448296
39.577324
39.96646
40.145056
40.180344
40.280396
40.29506
40.380716
40.408868
40.920268
40.98554
41.263324
41.265124
41.379064
41.726352
41.752656
41.769916
42.04706
42.320128
42.411552
42.567528
42.62016
43.421916
43.611336
43.64714
43.675636
43.733508
43.806104
43.849896
43.96458
44.126332
44.306568
44.336724
44.413036
45.116312
45.15696
45.200028
45.2303
45.256516
45.445928
45.503092
45.605624
45.6776
45.840256
45.848092
45.943864
46.023808
46.047552
46.347952
46.424512
46.462036
46.593124
46.626096
46.708144
46.797444
46.993388
47.15954
47.259212
47.273996
47.361192
47.42982
47.463844
47.481576
47.779288
48.303744
48.566536
48.596352
48.666876
48.708552
48.773304
48.794656
49.02288
49.05202
49.1004
49.103744
49.214448
49.517888
49.701836
49.907628
50.022856
50.06266
50.2541
50.296544
50.428344
50.670828
50.73704
50.776752
50.994144
51.012168
51.177584
51.206444
51.309352
51.487424
51.645432
52.288396
52.439004
52.52044
52.532616
52.608648
52.720776
53.041948
53.043948
53.118148
53.155692
53.361616
53.6715
53.968528
53.978508
54.091432
54.180076
54.271464
54.43664
54.46462
54.511732
54.547096
54.91642
54.944732
54.970632
55.077428
55.08408
55.139176
55.248496
55.33758
55.655168
55.865124
56.3068
56.542992
56.553684
57.1191
57.153688
57.1929
57.5618
57.8014
57.848404
58.19538
58.390064
58.53762
58.60504
58.644676
58.742796
58.748752
58.784728
59.26774
59.564284
59.575836
59.59702
59.616624
59.633688
59.715388
59.811036
60.413476
60.674732
60.708468
60.82962
60.902076
60.985656
61.167932
61.288376
61.39334
61.49574
61.958628
62.127368
62.137592
62.164676
62.174488
62.280088
62.287096
62.310756
62.617296
62.722884
62.934256
63.241844
63.433192
63.48968
63.50246
63.562568
63.686668
63.697352
63.730364
63.981972
64.038992
64.229228
64.441164
64.445144
64.521148
64.793792
64.850868
65.065856
65.344716
65.3534
65.36308
65.444596
65.62128
65.792908
65.836636
65.850472
65.880896
65.916268
65.968124
66.045932
66.284996
66.332764
66.415836
66.483428
66.511936
66.712296
66.929624
67.007548
67.153788
67.603304
67.640676
67.970768
68.040076
68.10496
68.20104
68.216364
68.601852
68.992192
69.071936
69.201472
69.337916
69.358108
69.444644
69.491256
69.566956
70.07568
70.196
70.285368
70.33014
70.356084
70.373836
70.439128
70.471652
70.493448
70.74228
70.775444
70.93128
71.124512
71.322736
71.495768
71.572304
71.786556
72.17662
72.558784
72.66526
72.669816
72.671764
72.7547
72.877228
73.308844
73.864684
73.872192
73.87462
73.905436
73.981156
74.023136
74.042996
74.294128
74.871964
74.986708
75.150336
75.184644
75.2994
75.308356
75.349144
75.663908
75.901936
75.955448
76.122148
76.143896
76.1628
76.251208
76.611248
76.870464
76.92288
77.052616
77.398064
77.65198
77.699132
77.700944
77.978504
77.98734
78.020032
78.327668
78.653668
78.712316
78.922996
79.154572
79.157224
79.722756
80.130792
80.378208
80.718736
81.007112
81.04052
81.202008
81.425764
81.695148
81.82398
81.909096
82.216332
82.502116
82.74516
82.766108
82.874536
83.146256
83.200932
83.241212
83.405708
83.528112
83.574528
83.956848
84.043684
84.059048
84.300476
84.5534
84.621192
84.72506
84.820328
84.83732
85.082136
85.1428
85.200496
85.441744
85.483256
85.530588
85.783428
86.347188
86.414388
86.522176
86.883952
86.907892
86.940128
87.191408
87.358796
87.553808
87.769352
87.83162
87.99208
88.020968
88.034712
88.057496
88.103092
88.162132
88.177992
88.416688
88.510792
88.5546
88.667996
88.70458
88.798912
88.873268
88.906836
89.10754
89.173864
89.23102
89.292492
89.47954
89.753644
89.799332
89.883076
90.283808
90.354496
90.480348
90.495036
90.695368
90.711744
90.85484
91.133384
91.616412
91.778408
91.859104
92.03938
92.050784
92.094912
92.099704
92.254344
92.309216
92.436732
92.8016
92.862044
92.86902
92.964648
93.023244
93.211328
93.218708
93.399836
93.709008
93.760456
93.851808
93.9063
93.9729
94.073248
94.298076
94.440132
94.469132
94.508692
94.541564
94.719888
95.05628
95.098776
95.201204
95.256304
95.310836
95.34804
95.592704
95.62234
95.675816
96.090404
96.103036
96.216556
96.347948
96.62238
96.65182
96.685808
96.724084
97.050956
97.086616
97.722564
97.79782
97.819868
97.978748
98.219868
98.471028
98.631072
98.806208
98.970676
99.653588
99.82896
99.862864
99.90798
100.13068
100.136964
100.141376
100.155288
100.62738
101.053368
101.21872
101.586392
101.95148
102.006328
102.10466
102.254872
102.31096
102.384468
102.503808
102.567292
102.61002
102.681684
102.944292
102.977984
103.354596
103.81976
103.9634
103.997424
104.02414
104.165504
104.367984
104.404344
104.409156
104.457128
104.570056
104.652712
104.731428
104.980776
105.03016
105.096672
105.5832
105.6604
105.794672
105.815268
105.827144
106.127088
106.37698
106.596164
106.701868
106.892
107.03962
107.07844
107.094896
107.203
107.311056
107.422508
107.455704
107.462544
107.480376
107.488876
107.569132
107.577264
107.582696
107.631828
107.796812
107.806228
108.107992
108.225048
108.321088
108.491264
108.613212
108.799264
108.961788
108.976856
109.62512
109.728812
109.76502
109.815464
109.929752
110.124352
110.351776
110.398012
111.213768
111.218068
111.3277
111.787756
112.099444
112.18038
112.274816
112.910252
112.945732
113.15332
113.258476
113.486788
113.597812
113.614588
113.694404
113.772456
113.802028
113.996936
114.077304
114.298136
114.52444
114.656336
114.659204
114.69416
114.782896
114.870412
114.899936
114.981904
115.050312
115.111236
115.144568
115.347488
115.414584
115.674832
115.80214
116.11686
116.229032
116.533852
116.580816
116.796908
116.9793
117.01268
117.038728
117.125828
117.165436
117.435544
117.445392
117.633708
117.84426
118.226644
118.253596
118.379716
118.549392
118.619808
118.663268
118.878556
119.096776
119.165072
119.184552
119.211884
119.297668
119.36512
119.427692
119.53496
119.588736
119.841068
119.90586
120.017548
120.428916
120.534444
120.645056
120.648524
120.65014
120.982236
121.243924
121.31224
121.482224
121.51008
121.59854
121.644336
121.719084
122.13718
122.155228
122.221296
122.5495
122.613264
122.936236
122.95398
123.088892
123.134648
123.271352
123.301524
123.323056
123.374216
123.417908
123.490572
123.591704
123.698996
123.7111
123.801768
123.967892
124.179372
124.226072
124.306388
124.42512
124.509036
124.624896
124.70714
124.790036
124.998828
125.04042
125.04674
125.212704
125.340748
125.376732
125.42996
125.83946
125.929872
126.012516
126.081844
126.556592
126.586268
126.599976
126.660792
126.847136
126.866332
126.912748
126.967176
127.100348
127.236404
127.324752
127.386112
127.511344
127.972204
128.147328
128.545028
128.633772
128.807868
128.935564
129.035852
129.037708
129.12946
129.143904
129.158648
129.166624
129.189208
129.255764
129.45362
129.462264
129.560896
129.658624
129.703024
129.77958
129.827052
129.847752
129.919332
130.079504
130.355012
130.36996
130.375796
130.429608
130.544696
131.075788
131.213296
131.363352
131.66136
131.666268
131.690316
132.223004
132.32922
132.367476
132.509588
132.612108
132.634228
132.668736
132.720948
132.7541
132.775344
132.972108
133.056328
133.131716
133.190388
133.204124
133.398772
133.479424
133.753932
133.769372
133.783952
133.804008
134.1811
134.305724
134.399104
134.443632
134.510308
134.803416
135.50794
135.550868
135.636732
135.743728
135.833504
135.842836
135.96638
136.0495
136.190696
136.209076
136.27732
136.591248
136.651944
136.721856
136.734496
136.85012
136.940664
136.94582
136.969372
137.077868
137.109016
137.178324
137.488288
137.575552
137.787292
138.220904
138.256248
138.2929
138.35254
138.825112
139.3086
139.392796
139.430148
140.017708
140.24224
140.519476
140.5224
140.55486
140.561156
140.571244
140.639208
140.790412
140.955868
141.25122
141.411
141.505404
141.555644
141.641944
141.6472
141.721628
141.932616
141.995952
142.14944
142.26636
142.330476
142.462572
142.555736
142.58282
142.999748
143.191796
143.407664
143.570044
143.599388
143.831128
143.896176
144.11284
144.196688
144.262832
144.393488
144.607208
144.644436
144.656048
144.93008
145.120764
145.193044
145.489204
145.5344
145.7061
145.825808
146.069876
146.090556
146.101736
146.110884
146.179968
146.285776
146.293852
146.457136
146.462132
146.555364
146.729544
146.890784
146.897668
147.037936
147.044068
147.078288
147.12188
147.12734
147.310752
147.406868
147.411768
147.707172
147.743884
147.77786
147.802668
147.96652
148.043244
148.046088
148.140732
148.183176
148.362612
148.429312
148.631948
148.896732
148.954736
149.104532
149.118308
149.249176
149.252356
149.522568
149.544612
149.795284
149.866368
149.94976
150.183784
150.34078
150.577484
150.609356
150.749796
150.786464
151.324456
151.421564
151.647776
151.894916
151.905324
152.311948
152.316848
152.410156
152.43802
152.508948
152.70104
152.9925
153.06398
153.158236
153.22818
153.422108
153.454132
153.599828
153.783132
153.91094
154.016796
154.018696
154.052232
154.092008
154.129508
154.260372
154.407564
154.409432
154.492216
154.663472
154.68694
154.782292
154.84442
154.855096
154.866012
154.892196
154.95236
155.234696
155.855668
155.908032
156.120084
156.142848
156.161616
156.24808
156.723672
156.751548
156.798664
157.160392
157.162956
157.246836
157.302736
157.451988
157.551484
157.566388
157.629096
158.048724
158.073768
158.194392
158.267104
158.472872
158.712116
158.719748
159.219452
159.30524
159.392104
159.418308
159.556188
159.5674
159.588392
159.860484
159.991168
160.006092
160.204656
160.246612
160.338468
160.424836
160.561624
160.662876
160.759176
160.778736
161.093792
161.197112
161.203064
161.214928
161.27158
161.367912
161.518848
161.855584
161.911084
161.95708
162.026752
162.042124
162.082416
162.304388
162.317324
162.604116
162.808948
162.947748
163.0212
163.029068
163.051368
163.186248
163.29912
163.368688
163.406008
163.495904
163.550968
163.689684
163.69184
164.101748
164.181148
164.19992
164.207244
164.393364
164.536008
164.541808
164.54882
164.636692
164.883976
164.916016
164.930648
165.061604
165.11302
165.415836
165.512588
165.576084
165.6924
165.709768
165.743368
165.923064
165.938924
166.161524
166.197032
166.22552
166.250288
166.384932
166.480016
166.510652
166.530164
166.639696
166.74868
166.957656
166.987584
167.37774
167.568996
167.883732
168.102796
168.477172
168.525136
168.586596
168.766732
168.92614
169.006844
169.413036
169.48626
169.629008
169.899732
170.141024
170.146644
170.20134
170.390336
170.540908
170.621656
170.760196
170.85534
171.083392
171.317912
171.54268
171.581572
171.754724
171.8902
171.985564
172.148876
172.183364
172.285236
172.33634
172.348552
172.450104
172.477984
172.55058
172.713888
172.793228
172.992376
173.162168
173.173108
173.237988
173.295072
173.36148
173.407424
173.551356
173.563136
173.568808
173.60428
173.800376
173.938532
174.032992
174.331268
174.39706
174.477096
174.61
174.641328
174.671364
174.752456
174.891068
175.017552
175.023756
175.067312
175.241292
175.261072
175.335392
175.661776
175.687044
175.70082
176.180968
176.22762
176.290588
176.303592
176.381936
176.4156
176.640276
176.914884
177.11574
177.188012
177.210612
177.433976
177.564828
177.602672
177.808928
178.095652
178.104084
178.110104
178.122476
178.168808
178.281532
178.398236
178.469812
178.733652
178.770852
179.098688
179.345656
179.391868
179.425412
179.493084
179.738276
179.77862
179.859024
179.869812
179.901604
179.933608
179.961944
180.035696
