0.878472
2.90608
3.022692
3.232668
3.26554
5.825752
6.213104
6.888468
8.13372
9.701428
14.828752
19.258316
20.271872
22.29992
22.369712
23.304532
25.177532
26.278244
26.599516
27.047536
27.947788
29.597816
30.18262
31.06234
31.211024
31.36378
31.933496
32.490176
33.162836
35.670032
36.56158
36.910284
40.018044
45.489972
45.568372
46.57926
46.965616
48.440716
49.099904
49.238156
50.267584
55.657648
56.779968
57.06622
57.314396
59.382532
60.3579
63.057356
66.175468
67.213648
67.901976
68.45458
69.090016
69.779544
71.345544
71.609288
76.824932
77.340432
80.08562
80.112488
80.355344
80.755236
81.675852
82.6092
83.646828
84.487444
85.434824
87.593396
89.219612
91.4782
92.571096
94.083312
94.263656
96.330424
96.79522
100.266268
102.103056
102.25636
102.885912
106.355004
109.51784
109.856984
110.151928
111.353556
111.727952
112.0597
113.220396
114.330024
114.44044
116.765512
117.96534
118.780308
119.044892
120.33378
121.522788
123.362436
125.238968
132.237784
135.320592
136.078784
139.978624
143.809772
144.0708
145.59032
147.018792
149.19416
151.29038
153.469344
155.70954
161.145312
162.940044
165.173076
165.76572
167.727072
168.434308
169.373112
170.564044
171.5627
172.860108
173.461348
174.251116
175.249352
175.778948
176.395788
180.84272
