0.582376
0.607856
1.226676
1.370344
1.409896
1.41562
3.054212
3.401712
3.471008
3.51006
3.70682
3.8641
4.433488
5.649
6.525144
7.043604
7.614264
8.862572
9.332688
9.400476
9.414256
9.74594
10.224644
10.801724
10.91256
11.130356
11.627416
12.600224
13.053276
13.271216
13.585332
13.789724
14.210456
14.600556
14.76328
15.965852
16.546108
16.998796
17.51766
18.03906
18.189312
18.785444
19.234236
20.416372
21.18174
21.748156
21.962676
22.246652
22.414616
22.856164
24.00698
24.014508
24.120996
25.330604
25.403316
25.516228
25.615156
25.860636
27.01238
27.145336
27.629168
28.378944
28.983912
29.19204
29.750512
30.025744
30.32582
30.834836
31.343684
31.773856
31.865616
31.910604
32.343816
32.412272
32.81994
32.897268
33.085604
33.302948
33.419828
33.765656
34.089464
35.052332
35.673724
35.696188
37.04496
37.120296
37.691312
37.862764
39.563088
39.713936
39.846228
40.00156
41.57784
42.412332
42.456084
42.66172
42.692408
42.763928
43.2581
43.370764
43.571264
43.784952
44.014356
44.20426
45.644852
45.882824
47.556568
47.705736
47.852484
48.161192
48.307512
48.697304
49.051396
49.1721
49.525688
49.92848
50.20548
50.454452
50.989964
51.023308
51.064296
51.637352
52.58114
53.03466
53.475192
53.512344
53.83382
54.073664
54.1259
54.682032
55.153448
55.389864
55.433708
55.751884
56.894292
56.959972
57.661152
58.297728
59.018552
59.096732
60.73184
61.930404
62.636868
62.951228
63.302672
63.595624
63.846412
63.903084
64.200224
64.212216
65.329928
65.362124
65.478932
66.899696
68.822832
69.040692
70.627828
71.044452
71.129
71.400188
71.674956
71.985848
72.0558
72.495084
72.585328
72.638064
72.687848
72.753428
72.866984
73.103108
73.212864
73.88214
73.981836
74.374828
74.59516
74.599868
74.700252
74.845588
75.215276
75.232488
75.432692
75.650264
76.11938
76.83776
77.43042
77.708828
79.270028
79.848364
80.119208
81.004824
81.182388
81.78196
81.978576
82.063596
82.20574
82.294972
82.357488
82.930248
83.103472
83.51032
83.860944
84.545716
84.6045
85.20282
85.32822
85.794284
85.921376
86.03878
86.099212
86.764812
87.01612
88.430324
88.987844
89.049852
89.636796
90.380776
90.657388
90.831712
92.03918
92.67982
92.726516
92.85238
92.901244
93.347268
93.3497
93.675688
94.847316
94.99978
96.816548
97.22274
97.675836
98.506712
99.45206
99.58628
99.864644
99.87072
100.375824
100.52822
100.680744
100.88478
101.593372
101.743316
101.933
102.890968
102.972068
103.321024
103.638304
103.752056
104.278072
104.389024
105.637628
105.71306
105.80062
106.139272
106.310308
107.510332
107.714892
107.947248
108.149452
108.88066
109.223048
109.539064
111.68004
111.833564
114.011928
114.091328
114.554328
115.287544
115.510248
115.885596
116.142584
116.687124
118.026316
118.254836
118.3036
118.93904
118.982404
119.251252
119.275156
119.346608
119.89112
120.464088
120.619736
121.126192
121.854308
121.883836
122.409004
122.860992
123.137624
123.145232
123.316996
124.05194
124.216792
124.894464
125.052132
125.68964
125.962372
126.111212
126.386536
127.390528
127.414596
127.79028
128.415864
129.826932
130.122136
130.5789
131.465276
131.557668
131.794964
131.812484
132.314288
132.540936
132.552876
132.652608
132.686188
133.371324
134.339348
134.579344
134.874308
135.205032
135.229248
135.326028
136.211928
136.586532
136.9495
137.076088
137.234792
137.419044
137.776304
138.67474
139.48358
139.573284
139.825588
140.02296
140.417476
140.531208
140.815184
142.439532
143.337088
143.343304
143.88104
143.927592
144.14714
144.223328
144.7889
145.838092
146.11094
146.234444
146.755452
146.815784
147.094544
147.24342
147.477656
147.647936
148.566744
148.59554
148.683268
149.105492
149.494
149.755904
150.753564
151.008636
151.534696
153.016988
153.351616
153.642968
153.715752
154.065276
154.2259
155.464616
155.694668
156.729064
157.091232
158.441488
158.54268
160.046536
160.190376
160.517028
160.9563
160.958128
161.383688
161.705976
162.172352
163.073364
163.116776
163.218068
163.68514
163.902028
165.296456
165.729896
166.081788
166.241872
166.604752
166.738148
168.17154
168.212588
168.32434
168.969076
169.129092
169.701024
169.827256
169.875764
171.14864
171.347868
171.88742
172.831764
173.247044
173.318644
173.351348
173.360508
174.519264
174.624448
174.724544
175.563888
175.579156
175.950084
176.010936
176.904192
177.146744
177.21992
177.239052
178.043404
178.307828
178.804736
178.9588
178.961832
180.087368
