0.264268
0.333672
0.418188
0.509484
0.62666
1.01376
1.133024
1.22292
1.25482
1.272316
1.414204
1.524932
2.013348
2.202352
2.25162
2.389624
2.47016
2.56482
3.012548
3.069628
3.20228
3.2592
3.731356
3.756192
3.791916
3.877784
3.93546
4.194652
4.308456
4.319508
4.643172
4.681224
4.706188
4.77528
4.951676
5.342312
5.387832
5.416848
5.524552
5.819552
5.87464
6.368476
6.382384
6.538432
6.952268
7.013872
7.261884
7.298772
7.372804
7.387796
7.424604
7.459392
7.518064
8.165076
8.201408
8.522024
8.750696
8.940736
8.954264
9.034872
9.214936
9.329788
9.356568
9.517092
9.543796
9.558456
9.740336
9.75164
9.852156
9.893716
10.01814
10.176648
10.180964
10.348412
10.370644
10.75902
10.777
10.957084
11.02416
11.41528
11.4674
11.5773
11.73156
11.903252
11.946264
12.243812
12.456716
12.517176
12.619268
12.847396
12.850732
12.876096
12.9852
13.13958
13.361604
13.51804
13.558148
13.817584
13.90808
13.928156
14.087104
14.137292
14.231344
14.258264
14.343504
14.515028
14.530288
14.677456
14.753368
15.076604
15.208076
15.2122
15.46862
15.496452
15.608048
15.670396
15.741572
16.072352
16.121548
16.290256
16.559088
16.587564
16.873376
16.959672
16.98598
17.05616
17.545228
17.854424
17.951828
18.011032
18.058488
18.187388
18.227852
18.258984
18.508004
18.518104
18.83838
18.84368
18.902932
18.93826
19.01086
19.07242
19.125812
19.170244
19.277216
19.360832
19.53772
19.664412
19.685624
19.696236
19.765768
19.819696
19.94244
20.044996
20.215628
20.221732
20.223948
20.338852
20.387376
20.489816
20.577024
20.886404
20.888524
20.909436
21.029524
21.1057
21.126864
21.36646
21.444176
21.65126
21.686236
22.011956
22.108052
22.126008
22.257812
22.67154
22.779816
22.790256
22.924484
23.359884
23.381556
23.495872
23.907004
23.911656
24.065136
24.2149
24.240936
24.313508
24.47254
24.597844
24.864692
24.995244
25.03086
25.268548
25.876596
25.971716
25.980604
26.114576
26.40486
26.536344
26.593924
26.854484
26.916072
26.92362
27.083652
27.180636
27.191504
27.52222
27.65342
27.793388
27.85054
27.867456
28.244616
28.48286
28.5114
28.521908
28.698024
28.890568
29.323248
29.63846
29.96198
30.124268
30.181884
30.246332
30.311948
30.546392
30.578924
31.115744
31.1206
31.132352
31.176216
31.29748
31.924816
32.0398
32.246004
32.634664
32.743748
32.801844
32.855096
32.993904
33.022452
33.112656
33.138064
33.368248
33.474672
33.893752
33.963432
34.021208
34.031152
34.058668
34.13552
34.253344
34.27402
34.364156
34.770296
35.272188
35.374436
35.441104
35.48562
35.576188
35.722104
35.753228
35.778108
36.178288
36.257428
36.281556
36.510964
36.709808
36.747312
37.010012
37.14256
37.145572
37.634928
37.76516
37.88162
38.092308
38.296984
38.405736
38.650332
38.780128
38.82922
39.006176
39.709292
40.405464
40.566536
41.05218
41.156132
41.497044
41.58358
41.7876
42.36974
42.411308
42.413768
42.551272
42.554096
42.703344
42.997896
43.008308
43.18802
43.193004
43.432568
43.524224
43.531632
43.777636
43.942024
43.978612
44.175096
44.265236
44.368048
44.425428
44.592792
44.61936
44.699024
44.72172
44.766992
44.795916
44.9607
45.217788
45.297004
45.465612
45.488112
45.96932
46.49476
46.725872
46.737548
46.924504
47.010756
47.079216
47.527672
47.880196
47.964864
48.21044
48.301492
48.363984
48.500908
48.6314
48.748812
49.07896
49.146972
49.252088
49.47354
49.800328
50.32868
50.345444
50.487872
50.890724
51.259096
51.286336
51.750276
51.835832
51.847328
51.85634
52.286032
52.700768
52.703588
53.40064
54.491104
54.819404
54.923852
55.118008
55.275512
55.537308
55.55006
55.65866
56.052436
56.393344
56.964316
57.0076
57.011144
57.207836
57.273952
57.69586
58.01034
58.099688
58.714728
58.948076
59.014488
59.314168
59.36876
59.424448
59.542732
59.748388
59.76032
60.010408
60.085384
60.162488
60.168268
60.274016
60.351072
60.483084
60.940076
61.016976
61.0917
61.788872
61.824776
61.855996
61.881168
61.901168
62.027252
62.665232
62.861296
62.898296
62.957388
63.062112
63.081688
63.301612
63.361332
63.624204
63.663796
63.821036
64.049052
64.096216
64.275432
64.765476
64.823664
65.204116
65.355776
65.441364
66.191632
66.297516
66.311484
66.333576
66.659508
66.866292
66.949744
67.23676
67.338068
67.527412
67.582284
67.754044
67.849068
67.879296
68.073032
68.37878
68.492744
68.56762
68.73326
68.942472
68.995476
69.415
69.772424
70.04336
70.119012
70.722988
70.98398
71.024356
71.30596
71.875908
71.922752
71.973104
72.046848
72.260292
72.341296
72.489972
72.518588
72.548384
72.610108
72.614496
72.686476
72.937596
73.072844
73.169328
73.22856
73.371676
73.596304
73.610892
73.699084
73.765832
73.955072
73.988328
74.462756
74.536768
74.736788
74.83148
75.075184
75.314384
75.418336
75.491648
75.52626
75.543372
75.5932
75.643484
75.944668
75.993948
76.419356
76.513912
76.695128
76.69708
76.983796
77.037404
77.40498
77.431556
77.72256
77.762196
77.806576
77.81736
77.909116
78.141692
78.266828
78.50736
78.589176
78.608808
78.65796
78.776276
78.8528
79.102568
79.165104
79.294204
79.932736
79.95794
80.150516
80.329012
80.386368
80.723432
80.794208
80.846384
80.877788
81.19076
81.209588
81.36056
81.403568
81.419696
81.484408
81.721436
81.88158
82.141156
82.32006
82.327096
82.480952
82.503852
82.849196
83.437924
83.594036
83.660904
83.685272
83.845848
84.309396
84.319592
84.379032
84.435956
84.718744
84.935792
85.614284
85.674536
85.757748
85.851608
85.993552
86.465488
86.549476
86.680692
87.006632
87.12596
87.378268
87.505392
87.56772
87.639496
87.899812
87.922352
87.979104
88.123312
88.184888
88.212152
88.367176
88.765584
88.793556
88.821288
88.87666
89.028856
89.127348
89.219484
89.416632
89.43662
89.559932
89.7054
89.89396
89.916364
90.127988
91.190116
91.279436
91.388952
91.531624
91.615876
91.72616
91.951616
91.956936
92.039592
92.080164
92.101864
92.132808
92.42058
92.614192
92.660152
92.776816
92.875844
92.903144
92.955428
92.957708
93.296516
93.6102
94.01436
94.03626
94.236848
94.275404
94.38246
94.62622
94.95918
94.98296
95.346104
95.844272
95.907792
95.95648
96.065788
96.187408
96.414248
96.466716
96.68208
96.81372
96.83042
96.84294
97.0011
97.512488
97.611804
97.797428
98.179428
98.390076
98.455624
98.916496
99.400612
99.512056
99.557796
99.681128
99.890804
100.096056
100.13868
100.330048
100.40584
100.428128
100.457444
100.550564
100.623216
100.62534
100.658284
100.66734
100.714056
101.025364
101.102836
101.216524
101.306936
101.333644
101.611656
101.874472
101.937624
102.04212
102.162032
102.326104
102.777976
102.9687
103.074952
103.113524
103.388632
103.502936
103.547836
103.567416
103.880924
104.048896
104.093796
104.22808
104.331908
104.393408
104.430956
104.482792
104.691036
104.700068
104.74608
104.772252
104.814568
105.001776
105.12754
105.132224
105.370956
105.675428
105.773404
105.858124
105.9444
106.057856
106.110772
106.28676
106.310532
106.502944
107.055836
107.074748
107.146872
107.651716
107.6553
107.898684
108.220612
108.71822
108.760096
108.873344
108.994268
109.129536
109.262072
109.350388
109.372796
109.395296
109.651744
109.84538
110.189968
110.366024
110.536936
110.64392
110.68438
110.700664
110.877612
110.93894
111.106124
111.21308
111.371648
111.417904
111.662248
111.9983
112.116632
112.123444
112.209936
112.361752
112.568416
112.796276
113.082236
113.176092
113.328992
113.44584
113.479232
113.611644
113.647084
113.794968
114.097544
114.10178
114.25372
114.575784
114.798848
115.021956
115.074696
115.076396
115.387804
115.44452
115.562576
115.7684
115.933736
115.943684
116.064964
116.181976
116.307124
116.336852
116.41264
116.561484
116.601332
116.671876
116.879816
116.918168
116.923704
117.066544
117.101324
117.219468
117.386508
117.527372
117.8905
117.902008
117.968336
118.332328
118.366132
118.467532
118.62692
118.715676
118.739544
118.8211
118.898144
119.166116
119.33078
119.483536
119.488932
119.845016
119.9637
120.20268
120.21838
120.551864
120.566336
120.605088
120.961516
120.973156
121.157736
121.1783
121.324836
121.340724
121.562244
121.66012
121.825584
121.835932
122.000396
122.004548
122.072512
122.10502
122.168888
122.384708
122.419232
122.692576
122.92722
122.975756
123.037856
123.064928
123.200084
123.301968
123.308732
123.492052
123.69046
123.740336
123.845628
123.896424
123.991716
124.034332
124.095588
124.252984
124.257252
124.38254
124.689116
124.833584
125.364896
125.515248
125.55274
125.642944
125.85306
126.120004
126.188888
126.282124
126.976288
127.072912
127.289812
127.424588
127.462072
127.6388
127.644648
127.796528
127.88704
127.963164
128.037744
128.153116
128.15984
128.253772
128.334636
128.440272
128.55154
129.094208
129.26048
129.486356
129.676648
129.84906
130.000496
130.040664
130.093072
130.163296
130.323468
130.360216
130.655528
130.692068
130.739156
130.85164
130.876812
130.928436
130.96918
130.995492
131.124336
131.325068
131.33604
131.530248
131.593652
131.645832
132.029052
132.058088
132.140792
132.216244
132.346608
132.759204
132.82374
132.893428
132.89616
133.465796
133.686128
133.821356
134.005908
134.36104
134.5616
134.592744
134.869776
135.139172
135.624924
135.698092
136.02498
136.034996
136.717056
136.920564
137.392728
137.626868
137.779608
137.792496
137.81466
137.83154
137.844088
137.857504
138.135828
138.175388
138.259368
138.279628
138.468216
139.317904
139.548952
139.566656
140.013772
140.037332
140.219116
140.265656
140.493288
140.578228
140.601164
140.604536
140.613916
140.738388
141.005164
141.033164
141.065348
141.12682
141.227008
141.417284
141.489636
141.50982
141.637968
141.817944
141.855468
141.878664
141.94326
141.9927
142.245264
142.803068
143.2892
143.53804
143.63498
143.90494
143.913228
143.996496
144.032196
144.047876
144.397796
144.44588
144.535988
144.987904
145.212936
145.335204
145.477764
145.554
145.986288
145.99056
146.012096
146.204824
146.31126
146.41282
146.4908
146.649976
146.75794
147.087148
147.395652
147.778884
147.885272
148.01856
148.025964
148.089168
148.260804
148.274324
148.399908
148.553932
148.613472
149.055256
149.123452
149.50624
149.876904
150.141168
150.319728
150.364616
150.422984
150.570304
150.77042
150.861308
151.134716
151.210132
151.404104
151.930404
151.987512
152.28078
152.426628
152.477188
152.531632
152.543384
152.68246
152.776372
153.10868
153.330204
153.62016
153.7309
154.275808
154.30414
154.473268
154.4942
154.621372
154.781196
155.071972
155.158292
155.615128
155.69516
155.867304
155.903656
155.908316
156.24876
156.295072
156.30796
156.36904
156.381372
156.3982
156.673728
156.800208
156.851092
157.03622
157.604412
157.905732
157.9195
157.990764
158.196516
158.2327
158.237184
158.24224
158.523608
158.5279
158.640932
158.708812
158.783432
158.95094
159.197664
159.2023
159.265944
159.316788
159.366068
159.382024
159.410916
159.593768
159.63368
159.776988
159.787644
159.804364
159.930276
159.967432
160.084476
160.255524
160.260896
160.657564
160.733604
160.745292
160.865728
161.006604
161.198652
161.23908
161.475892
161.495476
161.66322
161.92694
161.973744
161.982084
162.043524
162.469184
162.70832
162.730376
162.807164
162.965796
162.995644
163.008812
163.095012
163.115064
163.211956
163.258552
163.310284
163.34288
163.436792
163.823136
164.1698
164.174712
164.458008
164.682064
164.806828
165.247976
165.2872
165.302344
165.58366
165.606648
165.726792
165.74848
166.053296
166.217408
166.509976
166.677332
166.714568
166.93436
166.945624
167.119372
167.169352
167.206588
167.218044
167.28548
167.458088
167.46998
167.628708
167.844984
167.9494
168.191156
168.200504
168.779824
168.868156
169.045428
169.254608
169.5257
169.91558
169.972828
170.001608
170.190684
170.385204
171.041916
171.065024
171.222472
171.35584
171.48794
172.079268
172.151956
172.171912
172.608492
172.66562
172.733408
172.803676
172.958892
173.121716
173.269168
173.322844
173.51672
173.597672
173.67758
173.9837
174.119156
174.274308
174.436132
174.441764
174.444652
174.483392
174.646152
174.707288
174.730836
175.127204
175.167848
175.233952
175.325212
175.492052
175.646704
175.697472
176.033908
176.072488
176.31124
176.542964
176.632792
176.936664
177.050496
177.069484
177.138728
177.28556
177.579344
177.88034
177.94856
178.286124
178.469104
178.60462
179.125912
179.201372
179.251288
179.481564
179.494392
179.639764
179.744784
179.748928
179.782084
179.843656
180.636864
