4.15524
5.77052
12.223096
14.499356
15.148836
15.390052
19.161004
19.513708
21.473292
21.77468
21.953444
23.031684
23.751332
24.795204
25.684816
26.10344
27.480768
27.770196
28.983712
31.1686
31.636872
32.487652
34.717516
34.742464
36.027572
39.202064
41.043032
41.205188
44.159972
44.494084
45.128824
47.291188
49.355512
51.06674
53.886092
57.580968
59.003124
62.03084
62.060392
65.758224
72.016588
77.803992
78.92286
78.997784
81.296132
81.83614
83.447308
84.32244
85.1251
85.92898
89.035136
89.051904
90.618632
91.280732
96.968064
97.504172
99.905904
101.426924
101.668892
102.772052
110.10328
112.97054
113.919072
117.601584
117.695404
118.80776
119.5422
123.68548
126.519604
127.435744
127.473184
130.835848
130.945024
138.646208
138.91832
145.588296
148.906436
149.5742
155.140024
155.220328
161.346112
161.361032
163.879536
165.71668
167.693416
167.794232
168.352768
168.488064
173.955296
181.525644
