0.18694
0.20898
0.36696
0.520772
0.686768
0.732544
0.97182
1.089204
1.232112
1.27076
1.292776
1.329532
1.377812
1.415908
1.45828
1.788112
1.801652
1.804732
1.896092
1.925132
1.942732
1.976496
2.134048
2.287216
2.297832
2.478892
2.529972
2.579188
2.582256
2.640104
2.803008
2.809752
2.861536
2.940828
3.061024
3.277412
3.478864
3.484712
3.571124
3.629356
3.634696
3.909348
3.928936
3.95568
4.143936
4.270756
4.34592
4.566344
4.599696
4.96784
5.020856
5.027192
5.107512
5.121984
5.133824
5.280624
5.309784
5.47938
5.480952
5.667236
5.674796
5.697012
5.728448
5.847572
6.104456
6.200792
6.220916
6.501896
6.553392
6.619092
6.637692
6.74158
6.775248
6.88556
6.919052
6.93966
6.941632
6.989072
7.0051
7.02294
7.08196
7.099616
7.216528
7.354708
7.510036
7.567808
7.622876
7.678684
7.799412
7.808576
7.822092
7.96762
8.02482
8.188268
8.2056
8.215404
8.445584
8.464076
8.470936
8.486372
8.512752
8.557076
8.572968
8.647152
8.730004
8.761192
8.976472
9.018108
9.05442
9.153352
9.193284
9.20524
9.455332
9.54724
9.58982
9.623636
9.667956
9.808076
9.82056
9.885624
9.899616
10.026364
10.097996
10.226204
10.25746
10.33736
10.368696
10.621848
10.660396
10.709596
10.797364
10.827444
10.940376
11.089352
11.503896
11.596028
11.645092
11.837692
11.845236
11.945264
12.1182
12.163464
12.197684
12.225968
12.270784
12.351512
12.393912
12.424772
12.427248
12.623604
12.781756
13.043076
13.073188
13.079836
13.279684
13.297892
13.345632
13.66034
13.841016
13.88968
13.993976
14.00852
14.122204
14.280328
14.296256
14.39996
14.495364
14.532336
14.689776
14.695368
14.76454
14.805392
14.83668
14.928032
15.041656
15.18374
15.191636
15.195332
15.342604
15.400116
15.453004
15.471744
15.474112
15.503436
15.62196
15.71104
15.749404
15.90974
16.09614
16.162096
16.416828
16.555032
16.57406
16.651436
16.685392
17.0191
17.038508
17.045944
17.159312
17.299812
17.419572
17.529252
17.543616
17.573944
17.676008
17.751144
17.756608
17.95396
18.066184
18.416372
18.462424
18.658492
18.676188
18.702744
18.8001
18.8685
18.880092
19.04702
19.093144
19.134496
19.18516
19.275788
19.354044
19.742028
19.993244
20.066052
20.21614
20.267852
20.306704
20.391352
20.512584
20.533784
20.588328
20.596184
20.753912
20.8496
20.90042
21.143212
21.151164
21.176164
21.226188
21.259764
21.303996
21.336908
21.496532
21.51972
21.539648
21.558596
21.617228
21.73248
21.74862
21.86652
22.093172
22.100516
22.21604
22.280456
22.382856
22.408736
22.423392
22.43626
22.443424
22.59596
22.700064
22.814576
22.92542
23.040032
23.218896
23.339904
23.341988
23.395076
23.419676
23.86392
23.952244
23.985832
24.168348
24.23586
24.279788
24.296364
24.319136
24.351576
24.387988
24.487268
24.489396
24.513228
24.654404
24.734556
24.742904
24.794496
24.86146
24.9766
25.016432
25.086836
25.164356
25.235736
25.299688
25.400516
25.426236
25.554684
25.626336
25.7647
25.7669
25.950908
26.051792
26.068732
26.153232
26.230848
26.271052
26.422588
26.47924
26.498856
26.568136
26.71072
26.806716
26.91852
26.930668
26.985824
27.003908
27.075428
27.201608
27.361924
27.400176
27.443888
27.480332
27.597748
27.733988
27.830432
27.977096
28.013968
28.027096
28.041048
28.217676
28.256712
28.415788
28.431652
28.455708
28.463704
28.528456
28.55608
28.615024
28.768816
28.931624
28.964
29.131088
29.141772
29.196372
29.24622
29.323636
29.345868
29.377256
29.432868
29.714228
29.86428
30.064972
30.177392
30.193664
30.218404
30.32708
30.342156
30.377676
30.519124
30.521772
30.624728
30.64674
31.006448
31.025064
31.266264
31.276916
31.429968
31.481608
31.563072
31.611956
31.865732
31.988376
32.062668
32.151864
32.189196
32.461724
32.616336
32.634064
32.67904
32.948652
32.965996
33.001976
33.302684
33.325572
33.424648
33.593568
33.652
33.731024
33.780148
33.893796
33.929772
34.03466
34.03986
34.073208
34.1447
34.278148
34.301888
34.324852
34.365104
34.408748
34.513792
34.540272
34.610244
34.825944
34.964948
34.972928
34.974852
35.137112
35.14336
35.18906
35.228512
35.251456
35.313744
35.439388
35.470804
35.608544
35.79406
35.88192
35.99842
36.049552
36.073932
36.07704
36.444084
36.46438
36.49392
36.545204
36.569104
36.707556
36.857596
36.901572
36.918476
36.99288
37.011388
37.036544
37.046132
37.060644
37.363728
37.397648
37.57442
37.609044
37.619776
37.687736
37.899844
38.044052
38.182988
38.240808
38.250944
38.272412
38.281152
38.328276
38.453496
38.491824
38.525228
38.528184
38.706512
38.818744
38.842184
38.86736
39.0431
39.144484
39.147168
39.222696
39.237028
39.243824
39.27408
39.33564
39.607896
39.667028
39.674084
39.939796
40.029724
40.230104
40.2696
40.3546
40.51554
40.65684
40.726136
40.777804
40.809272
40.821756
40.849904
40.86772
41.041888
41.050704
41.092772
41.110524
41.15488
41.18328
41.192964
41.231488
41.24126
41.41186
41.421228
41.426876
41.498764
41.514096
41.566104
41.642132
41.84348
41.865972
42.005924
42.06894
42.097456
42.198916
42.415004
42.432868
42.474424
42.565816
42.89588
42.995544
43.047224
43.074164
43.212704
43.257536
43.275856
43.32502
43.543756
43.552724
43.688196
43.694124
43.833532
44.150076
44.165704
44.327644
44.370792
44.406332
44.425988
44.558656
44.589224
44.713504
44.718092
44.7472
44.839788
44.918028
44.934304
45.1132
45.14208
45.270876
45.490392
45.579856
45.683752
45.858288
46.22246
46.329488
46.349168
46.52786
46.826564
46.87876
46.9942
47.063484
47.093692
47.292824
47.370012
47.51526
47.577432
47.617244
47.630656
47.659116
47.730348
47.767524
47.829652
47.843716
47.859876
47.904072
47.944656
47.994036
48.117944
48.17894
48.27822
48.34942
48.369824
48.543636
48.809336
48.844492
49.100284
49.274932
49.414528
49.585188
49.803556
49.887068
49.976416
50.014572
50.027992
50.070552
50.208168
50.2145
50.26566
50.356792
50.475896
50.499116
50.503612
50.636392
50.64466
50.666748
50.672232
50.747128
50.801216
50.829104
50.953904
51.412372
51.45808
51.46854
51.552576
51.555616
51.808332
51.931992
52.097248
52.15158
52.23412
52.364176
52.374072
52.413904
52.460596
52.521576
52.658936
52.821596
53.080468
53.244608
53.247124
53.34884
53.369144
53.509548
53.538496
53.705592
53.70892
54.010792
54.12202
54.173588
54.270864
54.483884
54.48834
54.578052
54.594312
54.741464
54.832364
54.901516
54.9509
54.965552
55.085504
55.089948
55.714628
55.790352
55.896176
55.898416
56.080308
56.282904
56.521968
56.608588
56.659868
56.817764
56.842384
56.989348
56.992176
57.052364
57.243808
57.299424
57.377024
57.51008
57.531512
57.554276
57.612096
57.812952
57.889608
57.904068
57.906068
58.000896
58.092968
58.313556
58.321124
58.444532
58.637332
58.782096
58.802476
58.845488
58.851272
58.938932
58.971888
59.124612
59.178168
59.347816
59.404936
59.437824
59.484364
59.498036
59.559224
59.582248
59.687684
59.887132
59.993196
60.2655
60.310796
60.41464
60.497948
60.803652
60.84252
61.107788
61.232448
61.247356
61.273776
61.27678
61.305128
61.344664
61.382756
61.430712
61.490284
61.654316
61.657384
61.719828
61.8587
61.894836
62.148072
62.25082
62.327116
62.380172
62.724228
62.773264
62.80216
62.844792
63.018488
63.063912
63.222728
63.283212
63.344344
63.376852
63.422496
63.444652
63.456916
63.461268
63.597872
63.935296
64.074364
64.189124
64.238076
64.296116
64.309592
64.312916
64.388264
64.422372
64.50188
64.506332
64.516656
64.56612
64.770372
64.86194
64.91172
64.96876
65.021032
65.039744
65.078564
65.08378
65.089336
65.114832
65.211356
65.36056
65.406496
65.574216
65.707544
65.817776
65.869444
65.889152
66.004252
66.100184
66.160632
66.173672
66.247952
66.337496
66.466556
66.4884
66.510496
66.539796
66.589152
66.60666
66.651424
66.715168
66.785832
66.815432
66.93642
67.083936
67.11778
67.313312
67.405132
67.455864
67.4705
67.505344
67.518832
67.621652
67.638596
67.681032
67.712028
68.056012
68.060192
68.315328
68.319268
68.43268
68.473892
68.521848
68.63536
68.695852
68.888652
68.921544
69.033724
69.070844
69.099388
69.20492
69.227388
69.318756
69.350984
69.449864
69.645924
69.649908
69.765524
69.786636
69.812276
69.895036
69.96426
70.073832
70.210712
70.241976
70.265
70.36688
70.45392
70.494592
70.566828
70.941636
70.95046
71.023688
71.050744
71.121868
71.251916
71.315276
71.322312
71.357592
71.410552
71.641172
71.763352
71.77586
71.88692
72.112284
72.574804
72.587836
72.623916
72.675164
72.751676
72.754112
72.845764
72.904788
72.913116
72.949984
73.045016
73.048272
73.070284
73.125388
73.232816
73.30134
73.569612
73.593144
73.596164
73.643896
73.721124
73.810672
73.853868
74.043264
74.198668
74.344824
74.38072
74.438416
74.490672
74.513596
74.572348
74.594196
74.59992
74.665244
74.682192
74.805184
75.099884
75.132452
75.232364
75.370716
75.457196
75.49592
75.531648
75.706264
75.91342
75.922296
75.961088
76.061708
76.153816
76.41814
76.462432
76.493216
76.569096
76.655716
76.764908
76.820448
76.915404
77.133548
77.264108
77.31404
77.375396
77.474092
77.840492
78.070016
78.085548
78.093976
78.11348
78.182832
78.239496
78.661696
78.686876
78.718044
78.740768
78.759384
78.771136
78.890576
78.916052
78.92498
78.986852
79.050272
79.103868
79.152368
79.2254
79.360568
79.395248
79.434652
79.591724
79.59746
79.81866
79.95516
79.977988
80.006792
80.039368
80.292964
80.385624
80.444432
80.4811
80.528764
80.540604
80.617836
80.848824
80.885276
80.962196
80.995752
81.041012
81.050392
81.136532
81.163716
81.210956
81.245464
81.288896
81.296996
81.32976
81.382764
81.450912
81.512
81.68238
81.8453
82.001624
82.144408
82.239888
82.304348
82.329856
82.34462
82.350732
82.400304
82.430328
82.459972
82.466888
82.47838
82.519152
82.5589
82.766712
82.770704
82.823324
82.907384
82.967172
83.089224
83.12958
83.14434
83.249356
83.28348
83.303656
83.4618
83.471612
83.48236
83.562648
83.999492
84.112272
84.16894
84.179168
84.281552
84.370568
84.66742
84.677148
84.767356
84.799796
84.8129
84.871232
84.900248
84.962464
84.99096
85.066212
85.085476
85.25592
85.275616
85.313868
85.525388
85.542116
85.566728
86.00956
86.080532
86.264232
86.291156
86.555404
86.564004
86.647388
86.712948
86.768004
86.828624
86.879948
86.887076
86.93916
87.41472
87.416588
87.520672
87.543668
87.84748
87.881756
87.949864
88.057332
88.13882
88.145616
88.155524
88.280324
88.502536
88.599016
88.615472
88.643972
88.698816
89.002396
89.196244
89.512916
89.622052
89.630476
89.703464
89.772884
89.800852
89.95326
90.15166
90.238872
90.29986
90.465048
90.6234
90.678592
90.751352
90.832556
90.89022
90.901088
90.98484
91.032856
91.179944
91.181852
91.23634
91.278532
91.318072
91.354456
91.377016
91.429792
91.612856
91.842704
91.880356
91.929864
91.964676
92.082728
92.166212
92.184088
92.18756
92.203932
92.2168
92.272668
92.29526
92.532468
92.664928
92.696256
92.852148
92.87814
92.929192
92.971048
93.045048
93.183388
93.193332
93.201464
93.240988
93.25542
93.29086
93.326268
93.328256
93.34388
93.536136
93.760604
93.792244
94.015972
94.135504
94.197308
94.3479
94.373252
94.725704
94.740296
94.743604
94.823868
94.859276
94.936044
95.093848
95.113924
95.116268
95.129944
95.225456
95.344632
95.503588
95.507544
95.60172
95.619856
95.70314
95.785212
95.906972
95.978452
96.078396
96.173428
96.182428
96.322564
96.354764
96.472448
96.50788
96.551132
96.591864
96.613684
96.637276
96.672468
96.768552
96.797204
97.038384
97.150664
97.299268
97.40346
97.510192
97.618564
97.63182
97.76348
97.771656
97.922216
97.926792
98.016128
98.047088
98.07934
98.259272
98.343276
98.466672
98.537352
98.5423
98.63482
98.663748
98.7083
98.795604
98.866792
99.008528
99.10716
99.162728
99.174344
99.185888
99.465168
99.555632
99.723152
99.767536
99.804176
99.842708
99.995088
100.003564
100.109368
100.244044
100.446164
100.61508
100.628952
100.722168
100.767924
100.785224
100.899132
101.007824
101.263956
101.3125
101.356792
101.369584
101.372844
101.444236
101.62666
101.758412
101.943388
101.9724
102.058744
102.062104
102.177732
102.20698
102.316956
102.409344
102.53328
102.960144
102.97586
103.052844
103.093116
103.096084
103.119444
103.346804
103.410316
103.4646
103.761284
103.974676
104.01454
104.036192
104.074416
104.286068
104.383968
104.426508
104.500364
104.61834
104.684064
104.70216
104.816252
104.855472
104.920976
104.981444
104.992664
105.069016
105.3641
105.54246
105.748284
105.772444
105.792216
105.8746
105.895632
106.010912
106.041016
106.068004
106.142976
106.214912
106.311576
106.319736
106.496696
106.56664
106.573376
106.623512
106.745028
106.7692
106.79602
106.818168
106.836084
107.234352
107.376352
107.415364
107.456472
107.46878
107.581644
107.655124
107.886524
107.985356
108.01302
108.137572
108.158472
108.20142
108.288804
108.470784
108.488128
108.608756
108.661056
108.733768
108.820368
108.890524
109.300356
109.401784
109.433428
109.474788
109.498696
109.551156
109.605968
109.762924
109.964596
110.050232
110.254204
110.285648
110.460128
110.492028
110.551476
110.75496
110.803484
110.844628
110.943768
110.954628
111.073708
111.085704
111.183512
111.259124
111.278772
111.463264
111.576976
111.581188
111.828588
111.847176
111.954236
112.1105
112.12398
112.229936
112.273148
112.35538
112.438384
112.86198
112.95124
113.001416
113.019916
113.111988
113.14114
113.155464
113.171812
113.209788
113.315244
113.432912
113.445716
113.44774
113.492184
113.512796
113.611776
113.70102
113.730556
113.740416
113.875892
113.919288
113.9993
114.015776
114.219936
114.23492
114.240576
114.309908
114.338108
114.369952
114.504624
114.734308
114.738264
114.746388
115.120608
115.1778
115.199356
115.208632
115.212008
115.281132
115.312956
115.322932
115.507956
115.550008
115.597056
115.614928
115.6276
115.656088
115.6663
115.675308
115.696644
115.856612
115.913304
116.145228
116.25128
116.281072
116.463036
116.824796
116.885332
116.89286
116.918696
117.053728
117.059548
117.237368
117.265196
117.27004
117.36144
117.372652
117.422744
117.826492
117.957492
118.19182
118.196412
118.268732
118.330156
118.572524
118.629952
118.65926
118.664048
118.707892
118.849988
118.868544
118.88012
119.044432
119.049324
119.051476
119.067052
119.10634
119.108392
119.63364
119.784412
119.846796
119.888128
119.905392
120.097
120.114912
120.152516
120.27988
120.406516
120.447208
120.580668
120.594376
120.624656
120.686044
120.733328
120.751912
120.754984
120.822296
120.824244
120.84096
120.880152
120.94332
120.97284
121.097672
121.141712
121.1544
121.197292
121.438308
121.46736
121.699116
121.722892
121.769684
121.900524
122.012176
122.157936
122.20514
122.255232
122.35358
122.558568
122.625296
122.724704
122.759428
123.184224
123.247012
123.283768
123.436852
123.61684
123.750308
123.919224
124.02916
124.121672
124.179748
124.22052
124.296808
124.370416
124.480732
124.492608
124.586112
124.606616
124.734304
124.82068
124.866968
124.963292
125.047656
125.15704
125.319968
125.583716
125.696604
125.7199
125.725796
125.753164
125.853748
125.994152
126.108092
126.15906
126.301776
126.486212
126.5199
126.737528
126.792564
126.808388
126.869448
126.950676
127.08942
127.113904
127.314824
127.424132
127.428748
127.555392
127.569784
127.776388
127.899044
128.044696
128.140108
128.331788
128.431288
128.439884
128.546444
128.7909
128.805348
128.844852
128.86316
128.890952
128.903252
129.247468
129.415736
129.433312
129.453068
129.497672
129.538952
129.584428
129.634328
129.650888
129.921728
129.95104
130.129268
130.163464
130.19814
130.376232
130.4458
130.625796
130.701112
130.717712
130.73102
131.314112
131.459572
131.753828
131.964768
132.084584
132.098824
132.108076
132.356084
132.524256
132.6263
133.246076
133.351388
133.377204
146.564044
146.647028
146.64932
146.759224
147.035204
147.286388
147.373736
147.455808
147.586188
147.630256
147.727568
147.919588
147.941264
147.986956
148.027764
148.460932
148.499352
148.578744
148.592404
148.626952
148.634136
148.664896
148.760712
148.883504
148.89506
148.928492
149.009844
149.016708
149.21278
149.357304
149.37768
149.558816
149.629528
149.687012
149.695404
150.201484
150.242392
150.299504
150.312628
150.320072
150.551824
150.571712
150.697864
150.800812
150.8758
150.881444
151.035192
151.063972
151.100196
151.2215
151.705812
151.737272
151.839652
151.865336
151.881964
151.884136
151.93702
151.965712
152.179572
152.382412
152.396536
152.858248
152.921916
153.015988
153.078904
153.082152
153.253844
153.441044
153.518652
153.593972
153.627764
153.720488
153.765108
153.77528
153.850164
153.918524
154.17876
154.190812
154.319348
154.403968
154.537176
154.63378
154.796436
154.86528
154.870056
154.87798
154.93896
155.136672
155.30866
155.422784
155.462888
155.513236
155.595468
155.71904
155.758096
155.810356
155.822584
155.92616
156.102212
156.160884
156.335536
156.791152
156.853332
156.86336
156.88542
157.08602
157.156024
157.277824
157.295236
157.311232
157.35038
157.543588
157.546752
157.607816
157.845928
157.904112
158.003856
158.065336
158.074316
158.088056
158.092904
158.177292
158.201548
158.230028
158.381588
158.48472
158.840304
158.989448
159.027484
159.033936
159.052324
159.276872
159.27856
159.32418
159.443328
159.564372
159.628976
159.637792
159.6525
159.701248
159.72588
159.779488
159.807968
160.003144
160.231508
160.526324
160.537092
160.541428
160.60832
160.76308
160.800704
160.844664
160.879896
160.903648
161.059892
161.35064
161.408704
161.45426
161.628684
161.73346
161.768972
161.83848
161.840896
161.861908
161.877004
162.120744
162.377164
162.381188
162.502736
162.558068
162.617032
162.681096
162.74286
162.809156
162.885064
162.890536
162.916124
162.923584
162.951256
163.401064
163.455444
163.489616
163.549476
163.557908
163.654936
163.708656
163.746676
163.77864
163.807316
164.073436
164.100216
164.174784
164.18628
164.19428
164.507816
164.548844
164.638952
164.6946
164.725828
164.830312
164.870236
164.880644
164.899928
165.131084
165.168876
165.237772
165.316764
165.346836
165.374716
165.4103
165.561288
165.58142
165.672092
165.680496
165.965716
165.988992
166.106164
166.202868
166.215728
166.287424
166.297132
166.310948
166.332196
166.364148
166.379096
166.494928
166.520504
166.53612
166.544928
166.638572
166.644468
166.736232
166.80482
167.089496
167.093664
167.176328
167.25932
167.311912
167.321756
167.412284
167.42064
167.613492
167.661888
167.68602
167.782588
167.988144
168.008996
168.017796
168.163488
168.291312
168.317852
168.329552
168.482828
168.499148
168.629556
168.721664
168.74312
168.956376
169.168552
169.172484
169.313736
169.445388
169.510432
169.671948
169.699444
169.812616
169.875588
169.922396
169.935168
169.97278
169.976108
169.98378
170.092368
170.115308
170.130116
170.159036
170.178008
170.23216
170.338112
170.719756
171.0081
171.143524
171.166328
171.332672
171.413896
171.426832
171.430028
171.452908
171.523628
171.548056
171.588132
171.592328
171.595868
171.607428
171.653956
171.836356
171.906644
171.992808
172.040688
172.081172
172.132724
172.275776
172.389884
172.408864
172.587544
172.683212
172.793016
172.841328
172.854772
172.9927
173.093016
173.124488
173.157156
173.190232
173.322136
173.482556
173.681972
173.780328
173.782476
173.947244
173.970052
174.233788
174.254912
174.575096
174.577496
174.674468
174.758796
174.91192
175.064292
175.153892
175.18504
175.267316
175.464716
175.499896
175.537952
175.600412
175.603004
175.626848
175.680596
175.710596
175.86878
175.901016
176.034856
176.054048
176.134112
176.248052
176.296104
176.424116
176.494464
176.996092
177.280084
177.34928
177.592868
177.647804
177.675964
177.707316
177.787848
177.849544
177.864576
177.903548
178.174272
178.187596
178.220044
178.259232
178.281232
178.448288
178.569996
178.67252
178.687348
178.759452
178.797904
178.840912
178.845236
178.871628
178.87596
178.883904
178.95784
179.055804
179.195812
179.249452
179.373236
179.429216
179.441116
179.466548
179.685268
179.790808
179.800884
179.859888
180.18594
