0.014984
0.017256
0.04198
0.04542
0.099704
0.13224
0.29024
0.341148
0.379904
0.468496
0.542528
0.555932
0.613668
0.758576
0.92794
0.966692
0.969468
0.98676
1.119756
1.15008
1.165588
1.269944
1.303652
1.328608
1.36496
1.54238
1.582004
1.660224
1.6881
1.71492
1.962508
1.978356
2.104744
2.133976
2.179484
2.195184
2.23452
2.309136
2.372552
2.505428
2.529848
2.539652
2.59062
2.61216
2.67262
2.7095
2.79844
2.842976
2.856288
2.95172
3.276508
3.353584
3.424752
3.47312
3.526112
3.74722
3.76504
3.78352
3.84338
3.976392
4.066636
4.107308
4.2165
4.309624
4.318976
4.405244
4.413948
4.517416
4.561256
4.621572
4.778988
4.977832
5.087376
5.599776
5.646916
5.713324
5.747984
5.796628
5.84856
5.934076
5.944088
5.979244
6.01798
6.03954
6.125932
6.181608
6.184724
6.1943
6.25054
6.257608
6.265308
6.384268
6.76132
6.787768
6.798452
6.93094
6.952924
7.267216
7.33392
7.345284
7.378132
7.520372
7.57344
7.583844
7.73474
7.73826
7.775108
7.831696
8.077544
8.173696
8.176628
8.222324
8.25216
8.553804
8.582204
8.601732
8.628904
8.763572
8.82624
8.907532
9.07286
9.100756
9.220684
9.331624
9.447244
9.4775
9.623256
9.727392
9.784952
10.0052
10.395328
10.402792
10.474448
10.59628
10.622852
10.909028
10.92964
11.062412
11.155052
11.197584
11.251032
11.295168
11.487072
11.503984
11.719672
11.751256
11.923128
11.965364
11.978072
12.236692
12.319852
12.335096
12.3583
12.44296
12.45526
12.459936
12.474056
12.510092
12.539088
12.612736
12.623456
12.74644
12.7934
12.843176
12.854364
12.884144
12.906036
12.966628
13.14704
13.207412
13.2363
13.298556
13.319776
13.446516
13.449716
13.456596
13.522636
13.649828
13.673072
13.745712
13.8031
13.811424
13.84166
13.8815
13.911588
14.008524
14.106456
14.176432
14.23012
14.256996
14.25966
14.302616
14.306964
14.46684
14.568072
14.657556
14.773368
14.790836
14.805644
14.896312
15.016924
15.047552
15.312088
15.440396
15.459852
15.521904
15.555316
15.789964
15.876764
15.90394
15.918836
16.061736
16.137832
16.20678
16.226408
16.335052
16.573308
16.592988
16.66052
17.121024
17.133596
17.158592
17.42768
17.459168
17.548972
17.6599
17.663948
17.711216
17.90444
17.96614
18.050696
18.186308
18.197228
18.22418
18.375136
18.416196
18.494404
18.526532
18.528804
18.65304
18.704856
18.73488
18.779212
18.795232
18.804924
18.825412
18.833532
18.95078
19.135748
19.291512
19.345092
19.419776
19.456256
19.535688
19.616536
19.788208
19.854872
19.875992
19.923488
19.975816
20.01422
20.042604
20.174176
20.225208
20.23634
20.276936
20.326708
20.341144
20.45566
20.458776
20.6594
20.681452
20.7614
20.769812
20.833976
20.850728
20.935468
20.941624
20.977232
21.023868
21.12134
21.1384
21.157424
21.334956
21.346488
21.57244
21.576488
21.647344
21.68346
21.710916
21.81118
21.872016
21.89966
22.135916
22.210852
22.223692
22.230348
22.259344
22.343368
22.389404
22.396564
22.403684
22.445764
22.512508
22.554368
22.603592
22.61958
22.623256
22.631888
22.918908
23.289028
23.298308
23.345744
23.358756
23.49018
23.586276
23.662116
23.954508
24.02102
24.246304
24.269556
24.286052
24.464488
24.53766
24.76044
24.7718
25.060896
25.120084
25.15522
25.288628
25.378468
25.392844
25.394744
25.460136
25.523772
25.530836
25.55042
25.567688
25.586176
25.794808
25.804392
25.880908
25.915092
26.019492
26.148364
26.155712
26.288932
26.327648
26.338284
26.369624
26.417864
26.481176
26.490092
26.539532
26.551268
26.633932
26.691136
26.768368
26.864028
26.894132
26.91726
27.04832
27.087064
27.199192
27.217776
27.305684
27.323724
27.333152
27.397824
27.477896
27.561564
27.578316
27.60032
27.629952
27.664056
27.704456
27.7372
27.870152
27.900352
27.9392
27.980196
28.014256
28.045988
28.105108
28.160032
28.244336
28.249112
28.251868
28.330936
28.333496
28.455948
28.457864
28.634248
28.712692
28.732252
28.815532
28.91422
28.98068
29.053756
29.058724
29.091844
29.122872
29.17112
29.201592
29.223252
29.245976
29.262612
29.384328
29.588144
29.679932
29.69168
29.706956
29.74818
29.822296
29.927716
30.007104
30.058072
30.182488
30.328148
30.329564
30.336516
30.390488
30.39494
30.633944
30.673488
30.712192
30.745436
30.793484
30.855344
30.867992
31.025452
31.092176
31.159884
31.273628
31.290688
31.33682
31.380908
31.400972
31.50458
31.507036
31.535272
31.56296
31.567008
31.578124
31.585324
31.610964
31.626136
31.660068
31.747984
31.911332
32.054248
32.268756
32.318888
32.341992
32.344476
32.374448
32.438936
32.50324
32.506588
32.50836
32.562408
32.572716
32.630416
32.642028
32.680644
32.697032
32.715216
33.073188
33.13082
33.206276
33.385336
33.471664
33.661288
33.680324
33.948384
33.999812
34.052956
34.274608
34.285264
34.296952
34.48854
34.503448
34.525148
34.694296
34.974896
34.99142
35.12982
35.293336
35.29638
35.618756
35.65976
35.690524
35.710152
36.015716
36.036088
36.051328
36.066936
36.092224
36.173424
36.37228
36.45624
36.478628
36.503852
36.53638
36.54984
36.59238
36.729708
36.82546
36.965908
36.969848
36.987052
37.020908
37.03592
37.091028
37.139968
37.178916
37.25452
37.287208
37.314008
37.407312
37.417448
37.536676
37.770224
37.904976
37.918008
38.127904
38.222356
38.295524
38.305132
38.428052
38.45084
38.519952
38.593856
38.690032
38.822108
38.842876
38.869276
39.013988
39.238256
39.279436
39.434096
39.521516
39.555052
39.733744
39.787408
39.868972
39.89292
39.920904
39.999096
40.195628
40.316444
40.332544
40.621656
40.65112
40.662744
40.670768
40.729048
40.73582
40.782992
40.94556
41.000132
41.0026
41.061144
41.131996
41.26702
41.280524
41.393488
41.416212
41.42348
41.43432
41.500812
41.833572
42.215336
42.538936
42.599816
42.688804
42.765376
42.77038
42.861072
42.893788
42.922156
42.93932
42.957392
42.968184
43.30858
43.31162
43.358652
43.428192
43.512512
43.700112
43.835684
43.86634
43.888548
43.948068
44.139724
44.145008
44.234196
44.358124
44.47656
44.586512
44.704952
44.836716
44.8885
44.890904
44.91268
44.928044
44.964544
45.040668
45.066716
45.091364
45.155628
45.409704
45.45196
45.620668
45.785836
45.901712
45.93516
45.94142
45.97662
46.035228
46.10944
46.121728
46.127116
46.175392
46.18088
46.295572
46.31136
46.46088
46.52236
46.598364
46.669072
46.688984
46.730288
46.941344
47.000352
47.00932
47.01412
47.017712
47.120312
47.234956
47.309156
47.428232
47.471872
47.517088
47.572232
47.584536
47.619744
47.642952
47.849484
47.889856
47.911704
48.024924
48.15938
48.273076
48.298544
48.338764
48.396284
48.47634
48.599192
48.760536
48.997436
49.00264
49.062548
49.209872
49.244772
49.309536
49.312616
49.33892
49.405228
49.553556
49.579524
49.743488
49.79296
49.888676
49.90822
49.929168
50.090496
50.114168
50.214956
50.218252
50.24272
50.253728
50.310172
50.41566
50.488188
50.537528
50.550428
50.657272
50.67078
50.685124
50.734964
50.802216
50.838356
50.847624
50.87676
50.886888
50.958484
51.0381
51.21152
51.226672
51.28468
51.333628
51.4187
51.655924
51.674776
51.784204
51.92914
51.94198
51.97794
52.027512
52.092772
52.140764
52.206988
52.316268
52.514164
52.566648
52.734948
52.746596
52.857996
52.972344
53.037528
53.065508
53.176188
53.207252
53.312428
53.333896
53.63064
53.648188
53.700212
53.749816
53.902464
53.977076
54.152332
54.154628
54.260636
54.446512
54.56606
54.573732
54.604484
54.632088
54.662824
54.685176
55.06204
55.192764
55.250424
55.2675
55.667192
55.670088
55.705488
55.758476
55.866324
55.937204
56.026016
56.127648
56.199932
56.344528
56.507464
56.552064
56.579188
56.644572
56.706652
56.717904
56.788664
56.836768
56.925204
57.003704
57.165516
57.170912
57.28802
57.309412
57.320972
57.494244
57.533944
57.580332
57.629564
57.78286
57.84494
57.891668
57.926888
57.96338
58.00078
58.03146
58.090904
58.387572
58.491492
58.49564
58.510836
58.559596
58.568828
58.614968
58.625124
58.631912
58.706728
58.721896
58.778364
58.82264
58.912624
58.922548
58.93956
58.980364
58.992288
59.010152
59.186368
59.21684
59.258424
59.396904
59.463504
59.481968
59.617792
59.692988
59.732756
59.839248
59.87458
60.334272
60.393184
60.39872
60.47224
60.501436
60.684596
60.769864
60.784096
60.889024
61.229124
61.271432
61.33966
61.389444
61.448468
61.51166
61.576468
61.76146
61.890792
62.012776
62.037796
62.046128
62.162076
62.23854
62.640164
62.648564
62.725132
62.904192
62.984772
63.17718
63.178916
63.200524
63.275272
63.279416
63.399408
63.421724
63.475692
63.534864
63.885824
63.89618
64.033972
64.149224
64.17452
64.209464
64.21706
64.25826
64.319348
64.34362
64.345928
64.543108
64.717844
64.72486
64.839772
65.007864
65.053924
65.063304
65.209744
65.231816
65.28074
65.360928
65.375704
65.395492
65.423496
65.530892
65.601472
65.609076
65.692416
65.715808
65.787352
65.894324
66.003064
66.05074
66.073564
66.102004
66.135004
66.21396
66.418988
66.500504
66.688328
66.746092
66.90186
66.914712
66.960928
67.014348
67.020236
67.082904
67.176644
67.269748
67.291112
67.360644
67.376892
67.40188
67.64858
67.748992
67.773408
67.795736
67.837792
67.851052
67.9102
68.026864
68.045584
68.093776
68.245892
68.374556
68.38432
68.506228
68.563148
68.67796
68.730996
68.883532
68.95258
68.957116
69.01974
69.182232
69.239804
69.335588
69.43128
69.654068
69.686016
69.73508
69.849156
69.943704
70.044032
70.175556
70.209892
70.358472
70.417912
70.450276
70.47728
70.632484
70.77982
70.966948
70.97238
70.982868
71.05822
71.091604
71.410312
71.468228
71.486352
71.548912
71.8065
71.841084
71.897208
72.023968
72.084424
72.086912
72.137288
72.205484
72.24376
72.404632
72.42642
72.510364
72.6905
72.710808
72.746992
73.052676
73.323112
73.478336
73.487108
73.51284
73.584104
73.597024
73.669036
73.774664
73.811872
73.826912
74.018832
74.034488
74.28844
74.382436
74.398104
74.562852
74.644512
74.677372
74.853264
74.88048
74.978548
74.987408
75.004092
75.02224
75.069432
75.262564
75.30472
75.636496
75.728724
75.732848
75.96728
76.329864
76.366268
76.397848
76.692772
76.70936
76.72526
76.744972
76.747044
76.775552
76.956696
77.019196
77.027104
77.030528
77.176988
77.224544
77.261364
77.29732
77.448592
77.45438
77.481116
77.535012
77.59934
77.630624
77.661304
77.694584
77.76452
78.171736
78.189992
78.208924
78.356764
78.397616
78.559792
78.593224
78.623512
78.648668
78.687856
78.721304
78.746144
78.851088
78.907448
78.975848
78.978568
79.092296
79.17784
79.186644
79.252892
79.293608
79.325
79.354676
79.387452
79.390256
79.465864
79.480224
79.61924
79.734976
79.869448
79.984588
79.999592
80.002432
80.07718
80.129808
80.150924
80.217032
80.219972
80.24118
80.257272
80.40548
80.426516
80.523956
80.531452
80.646904
80.693432
80.737384
80.808068
80.852968
80.937024
80.94008
80.95784
80.968852
80.99874
81.105212
81.20406
81.3011
81.445916
81.48064
81.489884
81.564964
81.600432
81.621484
81.654584
81.709028
81.730252
81.753004
81.814624
81.84014
81.918648
82.068876
82.091144
82.181156
82.242264
82.325796
82.359576
82.572156
82.59812
82.822716
82.850256
82.875856
82.877996
82.89106
82.963764
82.989412
83.039688
83.141728
83.474224
83.504184
83.563128
83.70606
83.930076
83.9874
84.004916
84.236412
84.322628
84.35844
84.372764
84.474592
84.496248
84.544608
84.560236
84.569572
84.57512
84.63484
84.685048
84.802352
84.92068
84.953832
85.186236
85.315444
85.323944
85.380628
85.584128
85.60762
85.667672
85.8024
85.932652
85.961536
85.963828
86.084472
86.114252
86.121696
86.21168
86.2398
86.321548
86.471856
86.495092
86.581608
86.642472
86.72638
86.94208
86.956456
86.994668
87.041272
87.26292
87.267508
87.301492
87.322232
87.368344
87.659552
87.700364
87.782944
87.844476
87.862844
88.005436
88.105064
88.146936
88.16668
88.273148
88.37726
88.413712
88.495392
88.570184
88.6747
88.791804
88.841624
89.270852
89.282716
89.328116
89.444224
89.531196
89.628888
89.6562
89.80638
89.837476
90.030964
90.048136
90.078992
90.204448
90.248264
90.296508
90.3481
90.401744
90.451244
90.596204
90.632392
90.69534
90.840796
91.054248
91.12776
91.212504
91.503096
91.543052
91.548328
91.55388
91.672716
91.70158
91.727768
91.760296
91.794076
92.100656
92.375052
92.402508
92.450668
92.778188
92.782772
92.928212
92.941552
92.94796
93.058876
93.171204
93.294604
93.3696
93.385256
93.4514
93.499564
93.573616
93.58986
93.604732
93.658996
93.681792
93.78276
93.8319
93.847892
93.911884
93.956884
94.204976
94.20842
94.218676
94.425808
94.446456
94.492728
94.557848
94.586132
94.620388
94.624792
94.641724
94.758788
94.778024
94.873216
94.908044
94.937632
94.981944
95.062672
95.202164
95.226432
95.2886
95.355812
95.392724
95.49352
95.61258
95.637848
95.715452
95.87824
95.925164
95.990848
96.050412
96.094144
96.113668
96.466932
96.49502
96.497748
96.54882
96.684352
96.702536
96.940868
96.998452
97.04264
97.087668
97.089448
97.136184
97.14034
97.238224
97.3556
97.378768
97.428156
97.621492
97.92156
98.039204
98.079216
98.13002
98.294696
98.316612
98.344456
98.351888
98.473692
98.480896
98.593108
98.602444
98.608852
98.801476
98.845012
98.864304
98.954024
99.044672
99.079864
99.347064
99.352068
99.502732
99.523156
99.545608
99.569428
99.626396
99.64592
99.670856
99.737372
99.790276
99.87132
99.919092
99.922824
99.940612
99.948568
99.982684
100.139416
100.268456
100.31792
100.366192
100.669672
100.726744
100.755568
100.790588
100.804288
100.82912
100.85626
100.907236
100.924048
100.951052
100.962724
100.976064
101.040464
101.089276
101.157316
101.269468
101.274496
101.486384
101.490824
101.675272
101.984556
102.0499
102.0716
102.079584
102.207884
102.299348
102.328648
102.506952
102.622196
102.707824
102.73568
102.921228
102.936836
102.955256
103.196704
103.218904
103.2559
103.2593
103.35816
103.393264
103.422492
103.581912
103.703948
103.726856
103.747744
103.75466
104.040396
104.063512
104.078372
104.094128
104.10018
104.121904
104.132136
104.161404
104.229924
104.243712
104.35882
104.388164
104.4761
104.62358
104.625836
104.87584
104.913596
105.062912
105.065956
105.1063
105.17632
105.203524
105.214576
105.319704
105.430736
105.490136
105.725992
105.7384
105.799664
105.873924
106.13864
106.17778
106.194164
106.196416
106.291352
106.414784
106.449296
106.45808
106.574936
106.709188
106.712832
106.728256
106.733708
106.736448
106.873672
106.909168
106.945092
106.963028
107.000816
107.133088
107.17892
107.202364
107.20724
107.453952
107.49802
107.585048
107.619728
107.653032
107.79276
107.869428
107.958456
107.96744
108.031616
108.064472
108.078376
108.361356
108.47762
108.500292
108.732628
108.88256
108.967588
109.178836
109.411096
109.484412
109.488712
109.609772
109.628344
109.681144
109.719732
109.872724
109.874884
109.897168
109.939416
110.006432
110.2989
110.30776
110.331024
110.504892
110.529512
110.544984
110.748716
110.754336
110.877524
110.87932
110.991128
111.03496
111.081572
111.21394
111.314244
111.326828
111.349176
111.390808
111.490184
111.609884
111.750836
111.816504
111.852936
111.88514
111.891564
111.976484
112.00738
112.146092
112.15818
112.170712
112.219632
112.339716
112.448708
112.533612
112.878808
113.152808
113.32708
113.482012
113.558068
113.586892
113.658912
113.690624
113.789556
113.84188
113.870328
114.014924
114.094372
114.108908
114.210764
114.28304
114.326372
114.382264
114.42668
114.437452
114.638612
114.645376
114.650352
114.708152
114.813192
114.835764
114.9084
114.920236
114.935452
114.978432
115.099852
115.157636
115.342308
115.438432
115.5768
115.6961
115.701932
115.842552
115.959864
115.98652
115.9911
116.175256
116.191372
116.244188
116.259592
116.448612
116.464528
116.476392
116.564452
116.63584
116.7853
116.796452
116.848208
116.917136
116.993776
117.109016
117.196684
117.206988
117.353132
117.406676
117.484484
117.53622
117.671344
117.77968
117.787568
117.8171
118.015784
118.026916
118.043368
118.19322
118.253252
118.303412
118.40624
118.417708
118.423512
118.434556
118.491316
118.567688
118.651416
118.72768
118.789648
118.84982
118.96814
118.988272
119.023176
119.122592
119.180136
119.2341
119.50212
119.507624
119.532684
119.582192
119.58672
119.652324
119.738644
119.819044
119.846808
119.881192
120.085864
120.17018
120.250284
120.269148
120.27724
120.47328
120.49564
120.54454
120.624288
120.826196
120.884096
121.140372
121.245724
121.438932
121.457948
121.534244
121.593724
121.606196
121.72604
121.732644
121.817284
121.879656
122.004272
122.096144
122.120244
122.25796
122.51614
122.519712
122.552996
122.62738
122.638268
122.68552
122.830104
122.88578
122.897
122.958088
123.06328
123.109168
123.122872
123.127124
123.216096
123.233044
123.2509
123.329488
123.422292
123.454324
123.509372
123.92648
124.088632
124.18298
124.301392
124.312736
124.356044
124.440628
124.48352
124.487652
124.52558
124.55754
124.57816
124.758304
124.790324
124.937012
125.079544
125.14762
125.177092
125.355284
125.370304
125.425264
125.470984
125.504204
125.605692
125.608632
125.797668
125.834612
125.917832
125.998596
126.074908
126.24924
126.282916
126.333068
126.335224
126.374024
126.4205
126.42396
126.771832
126.800416
126.820144
126.826168
126.856304
126.865976
126.94364
126.964116
126.981672
127.007124
127.0134
127.044364
127.063736
127.167352
127.461416
127.688976
127.75644
128.011812
128.01914
128.106704
128.294992
128.395296
128.485696
128.489184
128.526564
128.651508
128.717088
128.863416
129.132656
129.206024
129.349384
129.44134
129.494984
129.602556
129.820912
129.89268
129.898436
129.958004
130.087424
130.105628
130.109008
130.165472
130.184772
130.227952
130.447436
130.56472
130.573616
130.851896
130.875864
130.970812
131.033372
131.134908
131.266148
131.36368
131.395836
131.454588
131.49468
131.820172
131.877592
131.917668
131.950528
132.022444
132.061612
132.071836
132.135128
132.239928
132.263824
132.335512
132.368088
132.42298
132.490412
132.530784
132.539712
132.696736
132.71518
132.786744
132.791464
132.8975
133.438424
133.611492
133.739824
133.762528
133.778884
133.847884
133.913932
134.02648
134.045936
134.165592
134.206992
134.213144
140.1679
140.203452
140.227916
140.294376
140.343364
140.479668
140.605252
140.720424
140.793676
140.8231
140.865316
140.87402
140.904412
140.918472
141.090788
141.115388
141.250792
141.296984
141.491212
141.504768
141.53984
141.586132
141.638164
141.67094
141.74806
141.77974
141.860248
141.919092
142.019948
142.09562
142.128748
142.341764
142.539212
142.559108
142.587448
142.643996
142.806868
142.835764
142.841408
142.873912
143.09132
143.113968
143.174448
143.185828
143.24918
143.255804
143.349824
143.464336
143.489296
143.570548
143.634008
143.65956
143.736308
143.871316
144.140052
144.174052
144.27866
144.281116
144.376204
144.46812
144.47942
144.571868
144.741176
144.973572
145.02686
145.078888
145.088012
145.103568
145.120856
145.168416
145.235164
145.28714
145.305364
145.369412
145.376572
145.821284
145.843032
145.956048
145.97334
145.978172
146.120472
146.13212
146.152468
146.288116
146.32508
146.651204
146.680472
146.722256
146.754364
146.769708
146.835732
146.858216
147.011912
147.019104
147.052992
147.13008
147.132644
147.37358
147.3889
147.437036
147.659064
147.926584
148.037752
148.247492
148.50972
148.575368
148.63054
148.670696
148.674104
148.68322
148.757788
148.764956
148.865388
148.91858
148.959288
149.067748
149.078408
149.165824
149.243176
149.334688
149.378412
149.408384
149.499248
149.605968
149.817692
149.823552
149.8288
149.924348
149.993836
150.060576
150.182016
150.22222
150.392708
150.43368
150.449424
150.66428
150.686636
150.78914
150.792708
151.036408
151.075588
151.167448
151.22446
151.349532
151.374392
151.433016
151.481244
151.563424
151.569324
151.65632
151.750252
151.873304
151.921252
151.947384
151.968244
152.05184
152.056596
152.182744
152.215988
152.224128
152.291204
152.334456
152.39666
152.478956
152.542416
152.69002
152.717652
152.80838
152.923516
152.950884
152.980804
153.013668
153.218708
153.254964
153.269308
153.291684
153.400608
153.518624
153.544428
153.685044
153.77576
153.850168
153.900188
154.048636
154.17556
154.273424
154.368444
154.416876
154.46856
154.48258
154.727272
154.747328
154.902868
154.905536
154.964532
155.065044
155.074228
155.143704
155.204272
155.273232
155.46102
155.662768
155.815568
155.82752
156.105488
156.30518
156.34394
156.420568
156.50926
156.52266
156.621584
156.624636
156.68118
156.761128
156.775512
156.843508
157.06568
157.10712
157.22024
157.2397
157.321856
157.3406
157.388936
157.456192
157.496952
157.655444
157.6579
157.720832
157.731272
158.003956
158.157136
158.207632
158.349756
158.41012
158.437872
158.492992
158.621988
158.762492
158.788896
158.89094
158.940104
159.063216
159.126356
159.154516
159.158616
159.224252
159.256416
159.372172
159.384192
159.417284
159.619204
159.751556
159.77328
159.802664
159.836348
160.023344
160.253896
160.297708
160.402376
160.462936
160.488112
160.587064
160.597252
160.61724
160.6263
160.716468
160.735584
160.809616
160.956616
161.062044
161.157784
161.459108
161.535568
161.648448
162.010604
162.04874
162.132272
162.141196
162.209964
162.220612
162.224384
162.2336
162.307808
162.358372
162.578956
162.744984
163.172088
163.213772
163.498732
163.723468
163.815632
163.82434
163.897432
163.976884
164.03298
164.090268
164.092456
164.175028
164.195884
164.284112
164.387552
164.544688
164.562032
164.564512
164.57988
164.613648
164.659264
164.73882
164.827532
164.921508
164.956068
165.030132
165.098024
165.106316
165.108972
165.373308
165.4163
165.423044
165.51032
165.541392
165.543344
165.588308
165.59914
165.614264
165.629412
165.665484
165.729944
165.94896
166.026132
166.043128
166.129076
166.24508
166.352828
166.367076
166.37924
166.421056
166.710324
166.716696
166.826544
166.93178
167.076388
167.165248
167.206612
167.573344
167.614272
167.714884
167.72968
167.752044
167.871388
168.037672
168.045896
168.109324
168.132844
168.155856
168.255868
168.3215
168.411008
168.433824
168.492232
168.529624
168.707408
169.031944
169.076492
169.167112
169.23796
169.356348
169.381192
169.475644
169.47892
169.568476
169.616044
169.721312
169.7288
169.731384
169.7604
170.076584
170.093024
170.294544
170.317364
170.39
170.473252
170.517364
170.726732
170.771432
170.854972
170.933388
171.069528
171.106964
171.173148
171.182632
171.207092
171.252632
171.335212
171.433652
171.580416
171.611508
171.633312
171.759104
171.814876
171.909628
171.990796
172.113512
172.141328
172.156048
172.207116
172.403976
172.409672
172.411496
172.416892
172.49768
172.510248
172.563156
172.588584
172.6866
172.69948
172.834048
172.86796
172.88068
172.909688
173.051452
173.099792
173.134076
173.196272
173.248
173.337692
173.361408
173.37492
173.49318
173.539496
173.546904
173.549636
173.621108
173.6914
173.708488
173.722668
173.778448
173.790924
173.803316
173.827492
173.832068
173.932832
174.009976
174.0411
174.483676
174.546308
174.581904
174.771548
174.79854
174.853744
175.065312
175.094444
175.106208
175.149456
175.235628
175.303032
175.334588
175.696336
175.726916
175.78704
175.89226
175.895288
175.899996
175.93548
175.951284
176.071264
176.106496
176.154692
176.184528
176.213444
176.279428
176.310008
176.337376
176.37136
176.382484
176.395608
176.590896
176.61722
176.645508
176.672616
176.680384
176.713144
177.149364
177.211892
177.293776
177.480788
177.720668
177.744756
177.769788
177.863312
178.073936
178.113084
178.117148
178.249276
178.275544
178.441476
178.512512
178.531756
178.622956
178.70268
178.743072
178.894736
178.922144
179.184272
179.187888
179.231224
179.232996
179.29542
179.317284
179.352116
179.365068
179.43282
179.461592
179.55392
179.610176
179.775468
179.86
179.916596
179.978308
180.19212
