0.133624
0.240052
0.293404
0.295524
0.364968
0.37324
0.5114
0.589676
0.595804
0.67236
0.682292
0.730872
0.829224
0.845056
0.898472
0.971028
1.024144
1.028192
1.047728
1.300616
1.392548
1.598496
1.643904
1.715304
1.749676
1.781408
2.054592
2.348488
2.398412
2.412768
2.566496
2.578388
2.65928
2.697764
2.762396
2.891804
2.944244
2.970104
3.028208
3.072596
3.173136
3.265372
3.303436
3.36776
3.602268
3.683116
3.726308
3.747672
3.78108
3.888104
3.960744
4.091724
4.16258
4.238692
4.29106
4.369264
4.377844
4.502428
4.521324
4.563588
4.626672
4.646972
4.736208
4.820352
4.851184
4.953068
4.984244
4.996516
4.998528
5.00946
5.14364
5.294988
5.301368
5.314208
5.378124
5.666836
5.681828
5.699624
5.745056
5.749208
6.0501
6.05906
6.084312
6.12808
6.185764
6.334168
6.485616
6.57832
6.588748
6.779124
6.787564
6.834084
6.97908
7.059572
7.118168
7.198108
7.239916
7.30574
7.31602
7.322392
7.482116
7.574756
7.602224
7.639408
7.645504
7.649596
7.679004
7.825912
7.837732
7.839416
7.968384
7.999528
8.122896
8.127332
8.29488
8.519208
8.57066
8.760912
8.864516
8.944956
9.020232
9.100272
9.117272
9.132928
9.162928
9.268496
9.470716
9.546624
9.564516
9.668044
9.687128
9.688788
9.755464
9.786304
9.821088
9.842768
9.853124
10.0202
10.051172
10.227888
10.428724
10.53128
10.634708
10.730372
10.743252
10.906972
10.935024
10.957684
10.993144
11.023372
11.041728
11.092428
11.119964
11.128472
11.13474
11.151316
11.253212
11.48068
11.52636
11.600536
11.671652
11.705116
11.727972
12.062716
12.213012
12.248544
12.300064
12.388976
12.402136
12.43036
12.519624
12.65508
12.764788
12.821844
12.98046
12.994288
13.211416
13.456952
13.469608
13.575756
13.62044
13.666012
13.68262
13.807396
13.89082
13.91372
13.928708
13.975512
13.987264
14.005916
14.125068
14.134416
14.191652
14.295328
14.309012
14.321172
14.403324
14.430504
14.44712
14.957904
14.997304
15.020352
15.024224
15.077752
15.152244
15.17028
15.21096
15.223712
15.284828
15.435096
15.624036
15.736076
15.754412
15.781704
15.815868
15.841284
15.93046
16.133848
16.187752
16.244768
16.3072
16.370296
16.766676
16.94762
17.081536
17.112724
17.14554
17.366012
17.382248
17.413252
17.582548
17.603132
17.64402
17.690956
17.823896
17.960332
17.978928
18.037352
18.093556
18.344504
18.383936
18.392396
18.427916
18.458092
18.47068
18.50254
18.629032
18.66876
18.732672
18.928068
18.946012
18.966404
18.986788
19.00692
19.036256
19.326636
19.366204
19.5292
19.573888
19.687008
19.915652
19.922516
19.99226
20.049832
20.243952
20.337984
20.437016
20.46334
20.47786
20.534768
20.562016
20.723876
20.735684
20.850296
20.85728
20.886176
20.898584
20.959732
21.200672
21.2176
21.245312
21.26804
21.29934
21.319968
21.368852
21.428448
21.643168
21.658376
21.66286
21.826484
21.84166
21.885908
21.923584
21.976984
22.010668
22.08056
22.141204
22.210468
22.366364
22.53878
22.575536
22.683132
22.717364
22.730336
22.783584
22.809264
22.811812
22.92062
23.041576
23.069192
23.126804
23.191548
23.303532
23.513536
23.552028
23.69814
23.702496
23.829116
23.861312
23.905532
23.999448
24.162
24.268532
24.315364
24.340524
24.4413
24.506508
24.564372
24.728528
24.83798
24.91758
24.986296
24.995808
25.004524
25.039832
25.069812
25.095132
25.111552
25.14062
25.17992
25.27896
25.382868
25.4342
25.43652
25.658028
25.729872
25.800172
25.88442
25.956916
26.004
26.14652
26.180936
26.345484
26.38394
26.47066
26.495288
26.761632
26.94136
27.044372
27.099644
27.198848
27.396768
27.504744
27.52316
27.525648
27.603448
27.6285
27.85486
27.954232
28.000676
28.021336
28.140164
28.175844
28.187392
28.281924
28.342644
28.349452
28.354
28.372264
28.402832
28.418632
28.557668
28.60464
28.637404
28.647072
28.808192
28.864968
28.99398
29.020076
29.089748
29.207612
29.23208
29.244228
29.254992
29.2569
29.265456
29.322236
29.322796
29.473676
29.562472
29.690572
29.698824
29.740888
29.944828
29.95468
29.95726
29.977012
30.063672
30.118368
30.507328
30.569416
30.600516
30.626528
30.697012
30.88776
30.904172
30.919292
30.922736
30.932772
31.43352
31.460276
31.491344
31.6653
31.708848
31.759564
32.006156
32.245404
32.273464
32.297108
32.369784
32.41468
32.470056
32.487472
32.505288
32.531632
32.561688
32.761124
32.84766
32.859324
32.932236
32.93942
33.023104
33.060532
33.08228
33.15602
33.235936
33.350044
33.4051
33.443076
33.478444
33.52058
33.628104
33.715372
33.750508
33.778784
33.815988
34.313616
34.512704
34.516916
34.588168
34.62674
34.668692
34.679392
34.908408
34.953928
35.008332
35.136672
35.219252
35.238732
35.41198
35.640376
35.6554
35.663576
35.72358
35.922068
36.031468
36.224816
36.547492
36.566108
36.6529
36.75828
36.828304
36.858696
36.896908
36.909296
36.986304
37.153188
37.18542
37.288684
37.575864
37.645872
37.755408
37.76718
37.810088
37.92404
37.955352
37.984068
38.054784
38.072664
38.131076
38.427992
38.464156
38.522744
38.712808
38.7604
38.800088
38.822992
38.886796
38.919772
38.935156
38.939324
38.978012
38.998604
39.1483
39.182564
39.212068
39.266232
39.274016
39.336916
39.46856
39.483136
39.515028
39.632352
39.641408
39.670768
39.822772
39.888412
39.943992
40.03456
40.063076
40.095208
40.13096
40.14962
40.170868
40.20438
40.215652
40.2672
40.364108
40.418812
40.462932
40.488888
40.5866
40.634612
40.639156
40.789872
40.837832
40.867368
40.909032
40.995708
41.006652
41.037972
41.062772
41.113556
41.175564
41.223348
41.399156
41.412776
41.444312
41.466712
41.593152
41.613636
41.689304
41.699552
41.819696
41.851204
41.91946
41.928548
42.089584
42.133096
42.169388
42.192688
42.214956
42.217048
42.257664
42.277772
42.352132
42.378452
42.394148
42.435736
42.498556
42.57284
42.62746
42.738412
42.846956
42.889712
42.903936
42.934212
43.189224
43.219488
43.309652
43.320344
43.346336
43.36778
43.628592
43.678756
43.781432
43.876436
43.980496
44.023888
44.02902
44.046176
44.073508
44.134876
44.19222
44.306784
44.334428
44.344752
44.401576
44.4358
44.58172
44.670748
44.709112
44.732024
44.744948
44.768904
44.786824
44.990152
45.028388
45.19046
45.224776
45.309412
45.384096
45.533612
45.66478
45.76646
45.925792
46.042252
46.060368
46.185744
46.439296
46.461688
46.471136
46.588144
46.634468
46.67838
46.796804
46.813052
46.853332
46.85558
46.945728
46.969428
47.012908
47.081628
47.089156
47.130364
47.14912
47.160952
47.183468
47.21204
47.292336
47.317888
47.398428
47.449676
47.507636
47.5123
47.638212
47.698684
47.846776
47.905892
47.937628
48.019648
48.035128
48.095324
48.177644
48.188604
48.205416
48.223268
48.269704
48.2838
48.441844
48.475676
48.505152
48.529124
48.733196
48.767976
48.87342
48.962364
48.979264
48.990868
49.038256
49.069796
49.104352
49.190948
49.210396
49.237324
49.27934
49.288328
49.489292
49.617616
49.72676
49.741132
49.858832
50.007424
50.174196
50.201888
50.303272
50.305664
50.314808
50.416772
50.446808
50.522044
50.537748
50.55282
50.573
50.619984
50.636392
50.661936
50.727484
50.745704
50.836012
50.851644
50.855728
50.9675
50.9829
51.057844
51.061288
51.09846
51.20664
51.303824
51.32428
51.367508
51.370304
51.52486
51.636424
51.698372
51.772484
51.821304
51.856956
51.8912
51.968988
51.978796
52.058568
52.146128
52.166704
52.309984
52.323984
52.426208
52.45736
52.52254
52.64536
52.798852
52.8515
52.923848
53.134696
53.187084
53.189204
53.194936
53.214672
53.316868
53.329184
53.342912
53.414856
53.486368
53.502584
53.510036
53.685152
53.768636
53.789032
53.868428
53.887848
53.900552
53.918932
54.037024
54.05546
54.082228
54.106356
54.113368
54.318308
54.342172
54.422316
54.6844
54.704536
54.749744
54.79478
54.819512
54.846648
54.862016
54.963772
54.97748
55.094924
55.159288
55.242876
55.327932
55.363648
55.377768
55.419104
55.580544
55.5979
55.727936
55.976144
55.978396
56.058464
56.100692
56.171612
56.192644
56.328484
56.590928
56.699004
56.71312
56.800596
56.82292
56.828684
56.849888
56.895092
57.022808
57.078536
57.095452
57.183524
57.250488
57.415024
57.43718
57.624304
57.642124
57.683656
57.7679
57.785644
57.834516
57.887384
58.039036
58.131236
58.273612
58.447168
58.496324
58.61672
58.736124
58.7962
58.860152
58.911672
58.932532
58.955652
58.996512
59.110436
59.259352
59.263944
59.35176
59.379488
59.411564
59.54826
59.64522
59.725364
59.794764
59.894204
59.918016
60.043648
60.155944
60.225948
60.265896
60.311304
60.455276
60.506808
60.66256
60.781984
60.931988
61.108508
61.345876
61.516344
61.66308
61.671948
61.710564
61.772464
61.786432
61.806064
61.821568
61.914808
61.919956
61.97116
62.062568
62.071164
62.104452
62.116976
62.57206
62.596168
62.681252
62.78366
62.808588
62.861436
62.912992
62.924812
62.958176
63.031364
63.200988
63.314016
63.453744
63.527948
63.681072
63.692376
63.79012
64.106212
64.1143
64.143896
64.315644
64.45502
64.475712
64.49178
64.597312
64.630424
64.709652
64.745124
64.793144
64.79938
64.863452
64.949148
64.996844
65.02442
65.081084
65.538888
65.54964
65.692856
65.745188
65.848352
65.888368
66.07518
66.120816
66.146532
66.169448
66.190416
66.368628
66.39668
66.426408
66.465348
66.64346
66.7498
66.897156
66.904988
67.03152
67.034288
67.2371
67.43954
67.672508
67.929192
67.964728
68.017936
68.048012
68.183596
68.210604
68.298348
68.308284
68.373828
68.538852
68.712048
68.71492
68.916436
69.09106
69.096432
69.171688
69.193896
69.244516
69.318576
69.324432
69.35156
69.361896
69.399808
69.415428
69.44566
69.649468
69.852316
69.868196
69.884784
70.010676
70.014164
70.041736
70.06352
70.136872
70.148148
70.152
70.248124
70.27814
70.480532
70.52052
70.55468
70.615964
70.64256
70.683456
70.691436
70.709904
70.731972
70.772192
71.0955
71.113268
71.159848
71.204272
71.399224
71.462684
71.482024
71.525804
71.535992
71.880176
71.886408
71.905216
71.91526
71.93632
72.016864
72.041628
72.065932
72.112776
72.34104
72.374864
72.386332
72.544896
72.606512
72.643676
72.813292
72.955576
72.975948
73.05084
73.117716
73.14732
73.15248
73.16374
73.168652
73.194652
73.22858
73.286212
73.29224
73.326128
73.357252
73.362468
73.47078
73.552412
73.560256
73.681444
73.7553
73.842956
73.888644
73.90776
74.16254
74.212768
74.216944
74.281156
74.339672
74.35156
74.35654
74.435464
74.505984
74.648512
74.787752
74.963368
75.00238
75.055484
75.147836
75.410336
75.450672
75.494388
75.580524
75.669468
75.69622
75.715576
75.95694
75.975904
75.986788
76.273456
76.395504
76.42124
76.453988
76.512608
76.522108
76.536736
76.6357
76.677964
76.70724
76.737888
76.827848
76.893304
77.005148
77.05192
77.05656
77.132816
77.140852
77.271532
77.451732
77.571176
77.62016
77.672304
77.727148
77.766468
77.804636
77.921672
78.045664
78.062932
78.103196
78.217748
78.270532
78.283984
78.361884
78.425588
78.444196
78.52006
78.775912
78.91242
78.948656
79.11892
79.145904
79.394288
79.403212
79.426556
79.436712
79.477616
79.5853
79.643992
79.682872
79.713284
79.720912
79.883924
80.111476
80.195852
80.512492
80.52116
80.535332
80.538604
80.613056
80.644824
80.701824
80.736056
80.828392
80.87498
80.927996
81.121968
81.169672
81.175536
81.229352
81.282772
81.375132
81.419444
81.545188
81.799024
81.848812
81.968604
82.049784
82.22798
82.240744
82.253552
82.266896
82.31836
82.425452
82.434228
82.46472
82.569952
82.68658
82.6924
82.70224
82.745548
82.7534
82.904648
82.916612
83.038032
83.246056
83.28736
83.36562
83.570676
83.603924
83.616492
83.695984
83.780476
83.878836
83.91172
83.977824
83.995564
84.026232
84.237228
84.247072
84.30864
84.320664
84.416052
84.52028
84.537048
84.560568
84.63042
84.727244
84.87374
85.113092
85.132692
85.145244
85.27368
85.446684
85.449096
85.8716
85.873752
85.957044
86.095988
86.13344
86.283688
86.396356
86.742808
86.88444
86.914788
87.014892
87.108072
87.176364
87.186752
87.21876
87.333536
87.335996
87.469872
87.488376
87.502232
87.512472
87.5367
87.6319
87.63882
87.678572
87.745028
87.757548
87.776112
87.832576
87.90368
87.92546
88.08614
88.305364
88.334996
88.34214
88.395452
88.407912
88.510668
88.531928
88.55234
88.555716
88.590336
88.761284
89.050468
89.081908
89.153176
89.25984
89.329696
89.368912
89.377736
89.388396
89.416552
89.488028
89.705676
89.805188
89.830872
89.887016
89.91158
89.918084
89.952408
89.992472
90.19526
90.255948
90.345708
90.4289
90.701896
90.794664
90.811528
90.82298
90.824964
90.895484
91.036876
91.047096
91.095928
91.181708
91.262212
91.418552
91.764432
91.83752
92.091876
92.132004
92.224868
92.247236
92.463688
92.533088
92.664468
92.917724
92.956868
93.02506
93.193448
93.207736
93.383
93.402828
93.405276
93.605588
93.718764
93.918176
93.934508
93.941644
94.016644
94.065016
94.107524
94.12152
94.1795
94.372908
94.375404
94.408164
94.807968
94.836376
94.849448
95.09308
95.105516
95.126112
95.152956
95.362988
95.439332
95.459568
95.826192
95.905924
95.947632
95.969976
95.981616
96.006444
96.027684
96.055708
96.126264
96.196352
96.248608
96.282756
96.297912
96.312416
96.378344
96.382592
96.413276
96.427668
96.48592
96.557472
96.616728
96.663064
96.685356
96.731516
96.800456
96.891256
96.985948
97.091196
97.172948
97.27854
97.3194
97.328276
97.379148
97.425896
97.76964
97.910812
97.933924
97.967208
97.982864
97.986356
98.0224
98.04256
98.07734
98.140328
98.223516
98.28316
98.300832
98.353956
98.453828
98.587144
98.681068
98.686252
98.730552
98.848768
98.852548
98.909596
98.963904
99.007916
99.051196
99.108444
99.190692
99.366688
99.481808
99.498128
99.5332
99.577192
99.596636
99.599932
99.740636
99.853968
99.968344
100.008744
100.249924
100.349048
100.406652
100.437944
100.66706
100.701956
100.86396
100.904204
100.905872
100.91166
100.921064
100.948184
101.06506
101.315664
101.33054
101.373932
101.43502
101.490216
101.603612
101.66968
101.744408
101.840968
101.9344
101.942476
101.978344
102.252204
102.335508
102.376908
102.37896
102.4198
102.426372
102.512632
102.580768
102.73884
103.010664
103.085916
103.246416
103.36694
103.378264
103.396692
103.668848
103.68632
103.79012
103.83184
103.83494
103.875028
103.883084
104.078772
104.09686
104.107728
104.192796
104.23348
104.252764
104.655904
104.728832
104.8096
104.873492
104.99844
105.004784
105.0086
105.042688
105.265732
105.271728
105.342156
105.402176
105.45078
105.47526
105.528152
105.546888
105.575944
105.83194
105.9397
105.951116
105.97512
106.069448
106.173724
106.331028
106.472696
106.559408
106.82772
106.857088
106.906684
106.934892
106.978668
107.06024
107.221468
107.229932
107.334436
107.38786
107.409216
107.60634
107.61488
107.644408
107.7814
108.108624
108.248492
108.284596
108.287488
108.406832
108.44952
108.458312
108.509344
108.535536
108.569016
108.659888
108.820208
108.827288
108.857676
108.99304
109.005464
109.01996
109.196588
109.254932
109.278468
109.542044
109.666836
109.670008
109.700456
109.745416
109.88824
110.099396
110.134988
110.277832
110.492876
110.641952
110.713244
110.859708
110.916564
111.104568
111.116952
111.159772
111.233044
111.267172
111.342704
111.362236
111.364352
111.402848
111.436528
111.461796
111.58728
111.60128
111.623528
111.679832
111.70914
111.813856
111.969264
112.12338
112.12558
112.130808
112.265864
112.352216
112.356792
112.410712
112.46712
112.536052
112.57868
112.656172
112.705108
112.90124
112.963888
112.965844
112.985036
113.007892
113.094272
113.129648
113.18394
113.277652
113.3907
113.457192
113.508724
113.636368
113.712228
113.835832
113.923936
113.943636
113.9589
114.058432
114.202628
114.248956
114.376984
114.5465
114.61978
114.646868
114.65566
114.708028
114.76528
114.794704
114.822908
114.99648
115.10204
115.125788
115.176676
115.23778
115.239596
115.379508
115.401944
115.51868
115.56184
115.621932
115.637796
115.795056
115.809576
115.849656
115.945088
116.011668
116.085588
116.095212
116.100184
116.133048
116.226608
116.30892
116.567648
116.620148
116.64654
116.834652
116.865728
116.923008
116.954592
117.059732
117.151088
117.178396
117.223736
117.233176
117.416616
117.496968
117.715672
117.823444
117.921396
118.218636
118.263628
118.276952
118.289428
118.314432
118.32762
118.368388
118.422564
118.579396
118.591364
118.647884
118.70308
118.76956
118.782212
118.822076
118.891784
118.929668
118.972428
119.052252
119.130432
119.169984
119.197752
119.240544
119.280052
119.366912
119.373084
119.55678
119.581324
119.791984
119.870828
119.872452
119.8972
119.91738
119.953556
120.277536
120.307972
120.368044
120.396312
120.422864
120.593072
120.631744
120.635172
120.700968
120.961572
121.013688
121.078964
121.280948
121.36276
121.374964
121.40106
121.480844
121.500164
121.50702
121.513064
121.550188
121.564188
121.62784
121.671636
121.769448
121.933956
122.00506
122.01154
122.026808
122.030076
122.087356
122.094416
122.102596
122.123736
122.159604
122.174108
122.264036
122.4163
122.420112
122.642896
122.678644
122.702448
122.821492
122.875052
122.914932
123.164236
123.413948
123.438792
123.53436
123.568816
123.805536
123.947704
124.022888
124.07172
124.08564
124.21172
124.237676
124.366716
124.533736
124.569796
124.594008
124.626208
124.629308
124.75586
124.789904
124.800712
124.837636
124.873336
124.956
125.003064
125.076324
125.178856
125.256508
125.319028
125.551116
125.847092
125.894616
126.121248
126.137152
126.238768
126.361188
126.382744
126.393
126.414004
126.563176
126.606808
126.6163
126.785484
126.85432
126.977344
127.001096
127.016088
127.171196
127.2335
127.317968
127.415472
127.450384
127.475576
127.599564
127.619024
127.632948
127.75082
127.852524
128.099288
128.533548
128.771748
128.838728
129.139048
129.165896
129.191704
129.445076
129.535496
129.572116
129.763408
130.107968
130.110276
130.277528
130.422064
130.637076
130.72026
130.758908
130.777692
130.88046
130.924992
130.930284
130.944472
130.946364
131.021716
131.053884
131.064944
131.0724
131.1657
131.180868
131.298752
131.388196
131.520576
131.648052
131.708248
131.714768
131.723848
131.800884
131.854784
131.877324
131.927972
131.984868
132.004144
132.114988
132.348192
132.41582
132.597
132.602916
132.612432
132.647548
132.690408
132.778096
132.803528
132.809564
132.831792
132.993796
133.056056
133.137
133.206488
133.395824
133.40168
133.438748
133.63568
133.644916
133.648692
133.696192
133.823984
133.85008
133.906968
134.220496
134.251688
134.291916
134.301864
134.317744
134.348244
134.501308
134.507184
134.57528
134.699928
134.71524
134.791648
134.871664
134.895004
134.959544
135.0017
135.039072
135.180492
135.329764
135.3641
135.391688
135.413348
135.614864
135.700856
135.803976
135.916176
136.0141
136.056248
136.157376
136.179012
136.195008
136.260556
136.310368
136.438572
136.440712
136.523392
136.686316
136.691916
136.72264
136.866348
136.923972
137.040764
137.101036
137.14532
137.32628
137.338444
137.389556
137.504244
137.508088
137.586964
137.595492
137.771532
137.921128
137.96808
138.163516
138.261188
138.280196
138.28606
138.433556
138.506792
138.886444
138.935716
139.021072
139.06916
139.153776
139.19884
139.63696
139.656544
139.693388
139.846804
139.8934
139.93356
139.958668
139.9639
139.982968
140.316824
140.360352
140.434472
140.615972
140.643168
140.658652
140.781956
140.90986
140.948164
140.964236
140.999892
141.002388
141.11446
141.19524
141.207252
141.225016
141.28592
141.339356
141.437604
141.480212
141.532096
141.547776
141.65944
141.690604
141.863948
141.913292
142.00026
142.013156
142.186868
142.218688
142.327792
142.400196
142.427448
142.785364
142.838152
142.884792
142.935272
142.977736
142.985648
143.050836
143.076424
143.083476
143.260704
143.348992
143.415168
143.504624
143.706544
143.711256
143.91682
143.96342
143.979968
143.991604
144.050048
144.273608
144.44336
144.480492
144.492232
144.522556
144.535796
144.632276
144.7041
144.76926
144.823732
145.057344
145.125396
145.38106
145.416124
145.499932
145.560964
145.6659
145.708228
145.75174
145.78468
145.818544
145.856012
145.957856
146.09614
146.16914
146.36324
146.422548
146.44488
146.490848
146.495468
146.669324
146.753288
146.781096
146.900096
146.9193
146.976044
146.984584
147.018536
147.032168
147.086264
147.119396
147.127576
147.254676
147.311968
147.34052
147.401728
147.409408
147.42504
147.513224
147.524488
147.57976
147.583868
147.701552
147.739464
147.74876
147.792424
147.794652
147.835248
147.953404
148.001336
148.189496
148.286208
148.414736
148.477576
148.512528
148.54102
148.61142
148.691208
148.73478
148.740372
148.745464
148.819264
148.831144
148.834284
148.877008
148.935124
149.034468
149.218996
149.310848
149.49234
149.518364
149.607868
149.619076
149.634432
149.722812
149.80664
149.809916
149.821664
150.062724
150.08524
150.088876
150.194836
150.207936
150.305036
150.345136
150.348324
150.361232
150.385424
150.572044
150.575132
150.604072
150.65344
150.748504
150.826288
150.92682
150.940828
150.942652
150.944408
151.05526
151.245416
151.291056
151.321428
151.354584
151.623504
151.71452
151.717176
151.835752
151.921768
152.0704
152.14172
152.2624
152.36502
152.371304
152.518876
152.688248
152.875004
152.953492
152.966604
152.989616
153.153892
153.1622
153.242472
153.432076
153.44642
153.757084
153.841788
153.847628
153.924712
153.931104
153.962288
153.9702
154.039592
154.075456
154.15702
154.214812
154.393332
154.719092
154.743624
154.7668
154.818948
154.902256
155.100216
155.181308
155.265584
155.302712
155.459448
155.512688
155.538404
155.575852
155.590868
155.61004
155.656964
155.697028
155.737936
155.759276
155.841076
155.849844
155.858752
155.968396
156.092096
156.1897
156.258328
156.337856
156.521024
156.526504
156.724016
156.814056
156.816744
156.905912
156.957304
157.015056
157.135776
157.181048
157.233716
157.27966
157.382336
157.429968
157.453324
157.461736
157.543416
157.551236
157.605672
157.617924
157.625952
157.64828
157.655588
157.657352
157.679856
157.778864
157.806064
157.872408
157.882428
158.027384
158.09842
158.109644
158.114612
158.270004
158.308808
158.324032
158.409436
158.414956
158.422748
158.424876
158.426852
158.43662
158.469888
158.546904
158.647392
158.701632
158.731712
158.862368
159.263292
159.370276
159.4432
159.477576
159.48802
159.551148
159.665596
159.675256
159.723344
159.889104
160.002216
160.166544
160.176572
160.199292
160.274424
160.325916
160.350652
160.366148
160.623852
160.707976
160.7984
161.085068
161.332924
161.356768
161.5626
161.578156
161.614664
161.66512
161.69994
161.82012
162.0958
162.09898
162.17796
162.228828
162.240816
162.36124
162.458936
162.466348
162.54684
162.5569
162.578884
162.706964
162.757676
162.8918
162.916828
162.993352
163.083196
163.25264
163.340908
163.384292
163.483368
163.494032
163.521208
163.686324
163.752092
164.033952
164.302952
164.36128
164.38708
164.39034
164.402084
164.765732
164.772368
164.883888
165.078508
165.214964
165.218944
165.271936
165.430884
165.437624
165.678604
165.680756
165.753028
165.968472
166.017304
166.042932
166.06358
166.201728
166.284572
166.304772
166.450508
166.628504
166.662676
166.896704
166.950332
166.99626
167.030452
167.173472
167.185196
167.34978
167.439648
167.509848
167.667696
167.735948
167.744616
167.780608
168.076356
168.126688
168.248836
168.2753
168.357232
168.377096
168.384424
168.414424
168.441476
168.46604
168.60584
168.798344
168.835072
168.857756
168.877708
168.970404
169.170728
169.259556
169.370316
169.414076
169.453632
169.49066
169.496804
169.527672
169.529928
169.596452
169.649616
169.68144
169.734504
169.855604
169.916604
169.921284
170.266696
170.32046
170.385748
170.449716
170.553236
170.557412
170.649204
170.683728
170.691624
170.694364
170.696216
170.718272
170.766468
170.790124
170.828192
170.898464
170.905284
170.954036
171.08608
171.123308
171.168552
171.186196
171.281432
171.3326
171.392508
171.448452
171.46088
171.5726
171.578108
171.609928
171.68544
171.697544
171.810372
171.962884
172.001068
172.056852
172.139056
172.175204
172.195468
172.246956
172.34298
172.482412
172.528796
172.566728
172.624012
172.779232
172.86862
172.885108
172.941144
172.962364
173.117628
173.148496
173.201256
173.203156
173.263528
173.343876
173.35264
173.43366
173.52358
173.526452
173.558032
173.653932
173.656612
173.964568
174.072352
174.074012
174.18688
174.210336
174.249052
174.265736
174.301904
174.441564
174.480896
174.671976
174.77804
174.850616
174.875028
175.021668
175.083148
175.270772
175.309904
175.400188
175.609724
175.69102
175.897032
175.962088
176.01302
176.03206
176.05666
176.114964
176.126204
176.277676
176.356848
176.544724
176.583404
176.660936
176.675876
176.763424
176.867372
176.884772
176.892116
176.901508
176.939628
176.988032
177.140448
177.21486
177.354796
177.399684
177.527076
177.540408
177.55442
177.811188
177.865488
177.871712
178.006956
178.216672
178.29544
178.325004
178.38936
178.414468
178.66154
178.683732
178.780488
178.817396
178.869032
178.871252
178.950328
179.094232
179.102232
179.12754
179.14172
179.164452
179.249916
179.272892
179.361092
179.445724
179.455188
179.622308
179.720036
179.74372
179.847728
179.925928
179.9723
180.021812
