1.2e-05
0.053648
0.065448
0.115372
0.233336
0.45126
0.527992
0.613192
0.769392
0.900052
0.933512
0.954772
1.015576
1.044608
1.0529
1.223544
1.24846
1.31146
1.330668
1.383988
1.452928
1.48114
1.534976
1.556364
1.58532
1.630324
1.710084
1.75354
1.768572
1.775524
1.80718
1.8772
1.904644
1.959308
2.021984
2.135008
2.274756
2.304284
2.31294
2.380876
2.42364
2.605712
2.609908
2.666516
2.702516
2.725676
2.750244
2.807248
2.90964
3.00378
3.07776
3.145292
3.151844
3.203968
3.244956
3.328508
3.357332
3.40038
3.42554
3.447668
3.519304
3.614044
3.668312
3.676604
3.727792
3.767148
3.812192
3.82294
3.851208
4.02248
4.225736
4.298908
4.307912
4.465264
4.51138
4.520612
4.617116
4.692488
4.75686
4.767236
4.806108
4.8847
4.899444
4.902932
4.998136
5.008856
5.026248
5.156852
5.203772
5.29064
5.347152
5.52082
5.61464
5.632096
5.728304
5.733904
5.769556
5.905984
5.988756
6.04588
6.07652
6.167628
6.175664
6.384848
6.39776
6.608588
6.727076
6.731244
6.742556
6.811484
6.861552
6.951232
7.1003
7.147724
7.170924
7.322604
7.356008
7.398356
7.73514
7.856348
7.860316
7.87898
7.976788
7.990628
8.06286
8.117468
8.141424
8.161764
8.17484
8.184804
8.366728
8.511596
8.52782
8.55826
8.569704
8.58324
8.752864
8.763
8.789016
8.79748
8.832536
8.837104
8.896448
8.913736
8.93196
9.144024
9.27804
9.29662
9.303284
9.315832
9.387036
9.450356
9.496948
9.592652
9.840196
9.85682
9.92444
9.979352
10.05118
10.099984
10.102828
10.123104
10.155924
10.268112
10.418404
10.4802
10.723244
10.758044
10.870364
10.958284
10.96812
10.974316
11.1784
11.183296
11.192788
11.22946
11.243024
11.35318
11.376572
11.386072
11.461116
11.495584
11.660664
11.772708
11.93324
11.98504
12.168324
12.223544
12.260596
12.275656
12.30854
12.317428
12.325044
12.3511
12.529696
12.595828
12.597956
12.605844
12.648688
12.69218
12.711352
12.778988
12.79372
12.881556
12.91196
12.933572
12.957864
13.125032
13.219584
13.267424
13.316392
13.426184
13.449404
13.667636
13.742324
13.875496
13.913848
14.085624
14.088532
14.105904
14.234248
14.261208
14.278572
14.31714
14.352036
14.358492
14.50246
14.545104
14.602988
14.652144
14.659756
14.694748
14.71974
14.737168
14.868332
14.870676
14.987096
15.065756
15.105264
15.131828
15.134852
15.156508
15.17244
15.20674
15.225508
15.356408
15.3911
15.39292
15.462196
15.721448
15.729548
15.73804
15.7928
15.851396
15.871108
15.992796
16.011692
16.028844
16.297324
16.300696
16.317892
16.354596
16.402372
16.435324
16.537032
16.561696
16.614244
16.882268
16.925848
17.046296
17.05158
17.133864
17.154352
17.211208
17.437564
17.473664
17.489104
17.4952
17.497192
17.561856
17.57902
17.585052
17.642048
17.649676
17.660504
17.681404
17.77878
17.899392
17.920932
17.948192
18.019032
18.033696
18.091708
18.100088
18.172244
18.2503
18.396288
18.502788
18.542904
18.584856
18.63346
18.705344
18.76834
18.791624
18.936512
19.038236
19.044756
19.093904
19.101964
19.106336
19.129296
19.211164
19.215384
19.28908
19.342172
19.357944
19.451504
19.459896
19.48922
19.523888
19.532376
19.5659
19.67094
19.685236
19.811936
19.964984
20.000508
20.15354
20.191484
20.261996
20.279948
20.32144
20.471668
20.527456
20.569412
20.612188
20.670416
20.733884
20.910324
20.92102
20.959248
21.10374
21.111336
21.320876
21.384288
21.432476
21.451916
21.605668
21.670688
21.795976
21.842588
21.906216
21.936664
21.9556
21.96796
22.063892
22.086208
22.136836
22.2447
22.263336
22.310712
22.338004
22.364164
22.400688
22.434332
22.456316
22.62622
22.63454
22.752292
22.813868
22.824956
22.82712
22.847916
22.873344
22.934784
22.962768
22.976684
23.036188
23.04948
23.05824
23.118588
23.276028
23.416308
23.455224
23.503568
23.544316
23.603996
23.778756
23.800852
23.84764
23.85752
23.934024
23.93812
23.952212
23.970092
24.04356
24.16082
24.223876
24.271668
24.340788
24.489172
24.558528
24.742236
24.768396
24.859616
24.907404
24.934896
24.960304
25.171144
25.230804
25.278088
25.303068
25.37054
25.500484
25.650832
25.68866
25.736092
25.868824
25.986364
26.024364
26.10972
26.227824
26.28174
26.289312
26.339392
26.343512
26.402984
26.417976
26.53084
26.732224
26.756228
26.817472
26.84284
26.872828
26.972788
26.980796
27.068796
27.1289
27.162496
27.166876
27.31538
27.320564
27.328016
27.509176
27.526172
27.584964
27.602
27.69114
27.87286
27.902296
27.967528
27.978412
28.084616
28.098348
28.121396
28.428592
28.535016
28.544628
28.54756
28.614172
28.649852
28.757436
28.816348
28.912676
28.974796
29.001588
29.221888
29.323956
29.388052
29.55276
29.604892
29.644496
29.773828
29.942544
30.274416
30.285556
30.321192
30.38774
30.459796
30.558032
30.58194
30.623244
30.632892
30.688516
30.767996
30.913124
31.031176
31.115996
31.217376
31.491064
31.533644
31.53654
31.591584
31.600416
31.659616
31.76256
31.919972
32.02858
32.177776
32.196564
32.241024
32.264824
32.27406
32.313176
32.32448
32.482108
32.59066
32.627264
32.726592
32.731328
32.82138
32.875244
33.009288
33.011396
33.074848
33.377312
33.461796
33.48614
33.49434
33.553696
33.567104
34.11578
34.222556
34.237372
34.351124
34.373344
34.416436
34.462308
34.48492
34.52076
34.53742
34.56374
34.588252
34.666288
34.742584
34.85922
34.869956
34.929876
35.22666
35.27818
35.32492
35.36804
35.433356
35.449272
35.619124
35.639488
35.7839
35.815504
35.860424
35.879564
35.9728
36.029304
36.043908
36.047644
36.237216
36.273992
36.288732
36.369396
36.466088
36.489972
36.776016
36.83598
36.947824
36.995192
37.0746
37.146128
37.149124
37.166104
37.173844
37.442788
37.518084
37.529516
37.559716
37.710472
37.733948
37.766816
37.909624
37.942656
37.990756
37.99866
38.091644
38.106148
38.153112
38.288832
38.329944
38.337624
38.363084
38.371416
38.482184
38.514048
38.56972
38.580624
38.58864
38.666424
38.702076
38.728716
38.75316
38.773328
38.794184
38.882736
38.939556
38.996212
39.079576
39.120152
39.130676
39.14148
39.161292
39.165788
39.222572
39.289124
39.347592
39.358036
39.413536
39.451524
39.469208
39.471324
39.49106
39.760792
39.766368
39.79014
39.800852
39.817628
39.906068
40.051792
40.07018
40.078528
40.182672
40.221556
40.28316
40.304104
40.4603
40.478144
40.506128
40.612204
40.720788
40.741424
40.76216
40.810216
40.893164
40.9114
40.92784
40.944744
41.060672
41.196556
41.21144
41.222144
41.274608
41.321748
41.323928
41.336928
41.441252
41.562492
41.579264
41.582516
41.656572
41.677668
41.776196
41.95958
42.013652
42.093268
42.131672
42.193652
42.214732
42.384212
42.409364
42.460516
42.575968
42.8077
42.893716
42.901872
42.925964
42.938732
42.970064
43.052412
43.111496
43.244532
43.268464
43.361784
43.409824
43.430304
43.434976
43.60504
43.60686
43.632064
43.650444
43.659432
43.752176
43.764348
43.79338
43.867948
43.9429
43.983112
44.048944
44.104252
44.130744
44.182
44.247028
44.266224
44.369308
44.384848
44.406016
44.43772
44.464332
44.51748
44.618712
44.664724
44.74346
44.747968
44.780624
44.794484
44.853852
44.896536
45.018652
45.052916
45.077632
45.118704
45.19746
45.211588
45.248184
45.303836
45.317496
45.357424
45.389672
45.393408
45.416172
45.419596
45.429784
45.523948
45.68534
45.734024
45.7869
45.801764
45.9927
46.013668
46.071768
46.076132
46.164032
46.19248
46.365408
46.452264
46.516188
46.57212
46.576092
46.701732
46.83232
46.85096
46.919464
47.032852
47.051992
47.07582
47.080224
47.225124
47.309456
47.400284
47.426624
47.503268
47.505476
47.567752
47.614632
47.650592
47.70136
47.740144
47.769276
47.972976
48.002528
48.1206
48.211888
48.25142
48.472764
48.488168
48.604124
48.607044
48.689456
49.028432
49.102876
49.120384
49.28588
49.294404
49.327192
49.34798
49.376824
49.453776
49.59902
49.66926
49.798276
49.851512
49.88798
49.92648
50.10404
50.164632
50.193224
50.438064
50.480336
50.489276
50.53794
50.626076
50.70078
50.736884
50.782084
50.85762
50.890028
50.91168
50.914188
50.915928
50.97052
51.002488
51.028352
51.033276
51.064296
51.12856
51.2419
51.294888
51.311668
51.3147
51.444344
51.480248
51.485792
51.529392
51.545904
51.605144
51.639972
51.719188
51.751592
51.889312
51.899336
51.920468
51.941716
51.950092
51.997204
52.030304
52.034672
52.212796
52.466232
52.556464
52.607312
52.653612
52.657252
52.68864
52.728828
52.751032
52.771688
52.828316
52.853072
52.890288
52.90872
53.016016
53.033636
53.042284
53.073016
53.096404
53.124256
53.243048
53.245608
53.247268
53.356024
53.390564
53.407416
53.488996
53.508716
53.571436
53.585004
53.58698
53.731752
53.843548
53.9076
53.939944
53.952808
54.035316
54.077664
54.2167
54.244568
54.317408
54.332644
54.338772
54.399548
54.428952
54.530108
54.60106
54.633936
54.682132
54.705724
54.852224
54.8634
54.879808
54.998468
55.060704
55.15306
55.347044
55.357144
55.510372
55.562928
55.587552
55.66242
55.802616
55.86734
55.93382
56.02164
56.052236
56.407308
56.439668
56.500164
56.530904
56.551856
56.824012
56.860556
56.886916
56.916604
56.921088
56.93284
56.93774
56.947672
56.980984
57.056436
57.280948
57.362512
57.418712
57.4367
57.444404
57.47426
57.547304
57.65672
57.795848
57.813024
57.838876
57.871596
57.875812
58.006116
58.062448
58.195352
58.240972
58.25314
58.34474
58.463624
58.469652
58.491108
58.52788
58.582432
58.699776
58.726592
58.800672
58.80262
58.816352
58.860996
58.886496
58.95568
58.96126
59.005296
59.328524
59.459756
59.479136
59.538024
59.593
59.633224
59.641108
59.654624
59.751992
59.757528
59.853012
60.013768
60.036468
60.07002
60.131496
60.277188
60.377624
60.53598
60.566804
60.592628
60.623244
60.894256
60.945136
61.052568
61.18376
61.339108
61.3914
61.437784
61.526712
61.623112
61.799984
61.848552
61.966252
61.969524
62.041736
62.052972
62.102204
62.126432
62.13274
62.187964
62.225832
62.400356
62.45268
62.456432
62.501412
62.611816
62.630224
62.641892
62.719844
62.752596
62.765264
62.823128
62.839508
62.916484
62.979736
63.006648
63.024752
63.08468
63.160784
63.2286
63.235012
63.254204
63.313944
63.397864
63.465516
63.490728
63.502496
63.73932
63.746668
63.875576
64.018116
64.0854
64.158308
64.21842
64.225876
64.26402
64.74468
64.811584
64.8807
64.914872
64.925108
64.938072
64.99
65.478216
65.485692
65.569648
65.649564
65.80904
65.899996
65.988152
65.996336
66.04616
66.150376
66.202328
66.235296
66.303664
66.387008
66.508744
66.55966
66.669324
66.697964
66.8211
66.856872
67.010572
67.032788
67.243784
67.301992
67.689864
67.862736
67.915364
68.01914
68.03456
68.054136
68.067908
68.09176
68.211372
68.313728
68.473096
68.48454
68.672028
68.795852
68.799084
68.822352
68.872232
68.95234
68.96726
69.112076
69.116848
69.244964
69.330284
69.449124
69.487372
69.493244
69.648456
69.668348
69.684216
69.716164
69.87196
69.907276
69.928144
70.103764
70.137256
70.36332
70.42078
70.441628
70.72532
70.750768
70.861036
70.880308
70.91988
71.069932
71.207
71.241032
71.39164
71.461852
71.46398
71.478432
71.515816
71.686
71.72508
71.72872
71.815808
72.016152
72.300096
72.321956
72.471124
72.47584
72.495604
72.505572
72.51704
72.559516
72.816928
72.847536
72.905176
73.008772
73.0183
73.094488
73.185912
73.328444
73.336232
73.393904
73.452988
73.475932
73.551988
73.653
73.800824
73.816792
73.94956
73.999564
74.093096
74.109444
74.222652
74.248952
74.254684
74.2886
74.297476
74.404052
74.429616
74.499924
74.620996
74.724248
74.843676
74.988228
75.06826
75.0928
75.13128
75.151136
75.166824
75.180764
75.223344
75.325036
75.368576
75.380792
75.420236
75.451164
75.455732
75.519784
75.540632
75.63566
75.638236
75.663772
75.67902
75.708252
75.726216
75.733856
75.792836
75.804968
75.9065
76.061096
76.396344
76.401956
76.577496
76.655004
76.70704
76.729264
76.913112
76.933092
76.981844
76.98692
77.031164
77.038468
77.049188
77.069564
77.09878
77.135368
77.204544
77.250992
77.272976
77.321108
77.326188
77.435128
77.51052
77.662788
77.758012
77.86604
77.8712
77.940548
78.120028
78.268808
78.2897
78.305668
78.30784
78.375236
78.427492
78.502
78.540036
78.553464
78.557508
78.577956
78.673696
78.693244
78.719924
78.788612
78.8112
79.042224
79.167508
79.250328
79.45072
79.49552
79.504476
79.659828
79.74616
79.78112
79.79278
79.952468
79.98296
80.004504
80.007088
80.022472
80.04832
80.316472
80.32448
80.368052
80.452788
80.476724
80.508756
80.5868
80.590736
80.59928
80.727852
80.793472
80.809444
80.818204
80.852544
80.887896
80.910212
81.008748
81.078128
81.094332
81.208764
81.27192
81.284912
81.3562
81.45732
81.54806
81.567436
81.56932
81.700068
81.802676
81.854312
81.906632
81.920244
81.99394
82.199572
82.254244
82.418096
82.452264
82.491752
82.570832
82.599008
82.6719
82.68678
82.699124
82.856596
82.867976
82.909824
82.936884
83.049372
83.164336
83.192068
83.312852
83.37472
83.377052
83.383636
83.464876
83.469048
83.508556
83.582196
83.596256
83.89284
83.957556
83.983632
84.02022
84.204148
84.402284
84.460372
84.482764
84.55608
84.562564
84.721908
84.755012
84.778748
84.857908
85.022468
85.032964
85.076828
85.127852
85.19858
85.468872
85.538648
85.723824
85.735996
85.910044
85.991504
86.000996
86.01576
86.136088
86.153796
86.47886
86.486828
86.535656
86.562168
86.697616
86.720156
86.916688
86.928684
86.952272
86.996176
87.038856
87.105324
87.145232
87.213316
87.230888
87.23956
87.260764
87.287976
87.4433
87.546096
87.547848
87.592436
87.60204
87.64898
87.67222
87.748384
87.78508
87.78686
87.926244
88.007892
88.134044
88.206884
88.230732
88.302224
88.368008
88.429436
88.538032
88.635992
88.71798
88.727544
88.816036
88.903312
88.971864
89.065932
89.212776
89.35684
89.47792
89.61178
89.727508
89.759328
89.793432
89.81644
89.87026
90.100116
90.163496
90.165708
90.369304
90.47454
90.49848
90.56374
90.621404
90.864296
90.956676
90.989164
91.141236
91.17328
91.324388
91.379064
91.483656
91.6003
91.714368
91.767756
91.788764
91.797856
91.980004
91.983224
92.010132
92.06394
92.14924
92.156304
92.271456
92.363052
92.369
92.424716
92.475084
92.47962
92.49628
92.748504
92.887352
92.916296
93.00158
93.004292
93.03806
93.10446
93.281688
93.307824
93.356168
93.421464
93.445808
93.495444
93.601776
93.66418
93.884272
93.990776
94.076876
94.345112
94.3547
94.360036
94.491268
94.527428
94.554364
94.740572
94.803852
94.820088
94.918456
95.016552
95.047244
95.4246
95.482632
95.502916
95.507848
95.57118
95.616844
95.78056
96.015796
96.046828
96.104764
96.14228
96.15752
96.193856
96.280556
96.33388
96.414036
96.582088
96.616036
96.639292
96.671472
96.710092
96.725244
96.749288
96.963368
96.983408
97.000836
97.034884
97.041784
97.077792
97.1344
97.274692
97.468012
97.473032
97.581296
97.594644
97.668704
97.715936
97.724756
97.7441
97.79394
97.915088
97.950668
97.987508
97.994116
98.131096
98.14348
98.164876
98.202608
98.204392
98.215548
98.342596
98.377504
98.45584
98.513788
98.749932
98.991636
99.014216
99.0319
99.120052
99.122712
99.1512
99.201052
99.223148
99.305616
99.382172
99.398816
99.580592
99.591872
99.807632
99.858744
99.972364
100.010224
100.043964
100.079672
100.265856
100.334184
100.477652
100.547632
100.64476
100.675332
100.681856
100.845232
100.874816
100.8967
100.902132
100.927996
100.9829
101.009808
101.01642
101.024792
101.034572
101.08712
101.091716
101.099812
101.1273
101.195972
101.256916
101.288344
101.364084
101.38648
101.421384
101.556872
101.686284
101.735196
101.765784
101.963152
101.983832
101.999928
102.029004
102.106416
102.15548
102.4168
102.463196
102.48538
102.522636
102.533172
102.739076
102.751652
102.758508
102.813756
102.81728
102.846784
102.870332
102.992788
103.021724
103.114268
103.2247
103.262896
103.295732
103.302892
103.423512
103.581256
103.6372
103.7693
103.80564
103.8471
103.991892
104.038312
104.129548
104.212364
104.242572
104.245308
104.294944
104.43768
104.461324
104.486864
104.555216
104.603112
104.6156
104.721176
104.755944
104.91034
104.923044
104.935768
104.985796
105.040872
105.084892
105.158644
105.207376
105.267684
105.33156
105.373148
105.390244
105.438204
105.570332
105.5905
105.618888
105.651648
105.66312
105.679224
105.811884
106.21604
106.327836
106.3585
106.433824
106.486816
106.498868
106.518688
106.531908
106.537828
106.612696
106.644176
106.662128
106.694104
106.796616
106.923172
106.944668
106.997512
107.023636
107.039348
107.140172
107.144296
107.38956
107.3957
107.42358
107.453948
107.471884
107.536292
107.542704
107.57472
107.60962
107.619192
107.64626
107.676516
107.734196
107.821128
107.881216
107.9062
107.977072
108.049356
108.11358
108.164584
108.209084
108.284536
108.301952
108.308392
108.344292
108.437872
108.483564
108.49212
108.623276
108.710804
108.724788
108.818684
108.9761
108.991508
108.993948
109.13194
109.158544
109.337792
109.350688
109.511736
109.563004
109.5694
109.750724
109.834564
109.866704
109.897444
109.962
110.042724
110.067212
110.239292
110.243276
110.276852
110.345396
110.41072
110.51236
110.569332
110.70576
110.710328
110.796728
110.835908
110.857512
110.867752
110.882488
111.006364
111.03852
111.175588
111.372524
111.415388
111.599992
111.607588
111.66822
111.688772
111.792768
111.898872
111.905028
111.963908
112.002788
112.172904
112.200572
112.217568
112.271344
112.27796
112.346988
112.355844
112.374288
112.408172
112.44376
112.450348
112.452972
112.459432
112.488984
112.636648
112.689388
112.7736
112.818992
112.82326
112.845256
112.866436
112.888352
112.929168
112.934016
112.950528
113.029908
113.081456
113.110252
113.148024
113.3442
113.402044
113.441384
113.46866
113.516564
113.5579
113.570104
113.59498
113.781796
113.813092
113.86888
113.875212
113.890204
113.89382
113.926996
113.93976
113.977732
114.08448
114.13954
114.226544
114.228588
114.231568
114.376928
114.47116
114.629672
114.749908
114.922256
114.951412
114.953652
114.977384
115.018672
115.194276
115.356696
115.452344
115.468572
115.563984
115.589932
115.624792
115.674308
115.718852
115.79206
115.817196
115.872732
115.889816
115.916476
115.987172
116.086968
116.140472
116.192004
116.210072
116.258984
116.309956
116.862232
116.87242
116.877128
117.112852
117.130192
117.148008
117.208828
117.43292
117.48416
117.623484
117.700792
117.706916
117.75112
117.844984
117.868836
118.008272
118.029756
118.05352
118.071788
118.09732
118.124148
118.13176
118.148332
118.1764
118.235204
118.34824
118.362824
118.368504
118.38382
118.387584
118.739536
118.842296
118.889436
118.959808
118.988188
119.030988
119.047436
119.065104
119.1515
119.263248
119.327384
119.374804
119.434716
119.451296
119.479952
119.485188
119.516656
119.636076
119.646768
119.852656
119.885004
119.94816
119.9956
120.273392
120.305508
120.33014
120.357596
120.39456
120.412844
120.494068
120.600204
120.640572
120.649032
120.675232
120.68448
120.753988
120.776924
120.917304
120.94266
120.962884
121.00444
121.007724
121.032236
121.067284
121.132968
121.155084
121.171428
121.182344
121.248192
121.267072
121.319
121.380968
121.428432
121.49644
121.542588
121.556076
121.59254
121.647232
121.707952
121.769072
121.797668
121.971528
122.074788
122.0963
122.127124
122.1634
122.165196
122.346204
122.358908
122.395868
122.536556
122.576728
122.580784
122.799492
122.854684
122.8881
122.923344
123.028968
123.201556
123.230948
123.39272
123.549672
123.598096
123.6108
123.788592
123.813768
123.836376
123.939088
124.009608
124.053744
124.07608
124.128184
124.160756
124.231292
124.262632
124.360288
124.389428
124.602416
124.649112
124.773372
124.787184
124.95528
125.191216
125.19762
125.375588
125.419268
125.508296
125.554984
125.672768
125.717672
125.756332
125.849228
125.932132
125.950076
125.979416
126.048748
126.087128
126.091532
126.151936
126.154424
126.195776
126.21734
126.245092
126.293404
126.37146
126.393904
126.406696
126.497224
126.5425
126.545356
126.550676
126.62252
126.677336
126.727256
126.785424
126.82146
126.941748
127.08538
127.183056
127.265856
127.334284
127.366912
127.378
127.441156
127.47008
127.492584
127.494672
127.593188
127.673288
127.742568
127.782928
127.796256
127.912376
127.924076
127.972556
128.017408
128.037936
128.073416
128.166916
128.213332
128.217752
128.267844
128.422008
128.508576
128.594172
128.605904
128.642292
128.665136
128.717932
128.723144
128.742448
128.765632
128.792248
128.794584
128.913036
128.941212
128.949316
129.0337
129.141364
129.227588
129.241388
129.40738
129.412408
129.457224
129.48778
129.58952
129.653808
129.706188
129.753144
129.916728
130.002352
130.042016
130.0969
130.144708
130.163112
130.222924
130.28528
130.308272
130.379312
130.465664
130.62922
130.67546
130.700192
130.784592
130.799048
130.902468
131.011708
131.031196
131.174412
131.222432
131.227268
131.287532
131.389332
131.522372
131.563228
131.71168
131.721148
131.844188
131.94022
132.094428
132.153928
132.193772
132.227432
132.378504
132.54916
132.666368
132.703372
132.742452
132.767436
132.791648
132.888732
132.951352
133.003112
133.04282
133.16676
133.377388
133.427904
133.502272
133.55652
133.629872
133.708556
133.735552
133.77304
133.868148
133.993452
134.018464
134.02874
134.059956
134.073996
134.150224
134.177544
134.336716
134.37568
134.475628
134.522212
134.634528
134.640096
134.751216
134.852336
134.869076
134.893364
135.03712
135.073608
135.079992
135.129432
135.27404
135.278148
135.331188
135.402436
135.45246
135.518096
135.521748
135.590344
135.663732
135.68438
135.703172
135.77594
135.790272
135.837116
135.882528
135.886816
135.904216
135.94504
136.036928
136.062988
136.067928
136.085312
136.200312
136.39926
136.437844
136.484884
136.487512
136.639532
136.65324
136.712668
136.7212
136.726344
136.73206
136.74174
136.769948
136.809312
136.842536
136.880872
136.916632
137.489488
137.539768
137.548968
137.7458
137.879236
137.970148
137.973964
137.993216
138.025652
138.106284
138.12956
138.15676
138.22506
138.249928
138.366112
138.403724
138.475336
138.550092
138.651444
138.670356
138.739416
138.773852
138.896704
138.974712
139.057504
139.157136
139.199344
139.202408
139.219756
139.276344
139.431168
139.460796
139.468344
139.627856
139.677892
139.798504
139.8303
139.886896
139.922864
139.974824
140.003876
140.10904
140.122736
140.362108
140.415236
140.429688
140.439472
140.451956
140.529916
140.663148
140.737368
140.832656
140.864936
140.95502
140.969484
140.991332
140.998296
141.022532
141.026364
141.137968
141.231412
141.240336
141.358344
141.387024
141.657124
141.690292
141.70982
141.735344
141.797388
141.948252
141.966516
141.997556
142.030136
142.243156
142.285876
142.376392
142.380352
142.45776
142.46606
142.50038
142.515328
142.544688
142.567256
142.572072
142.76412
142.859088
142.862508
142.927048
142.985896
142.98944
143.012384
143.014692
143.155088
143.172684
143.328072
143.349128
143.385704
143.3959
143.443068
143.542232
143.606328
143.637508
143.639188
143.645388
143.781488
143.796044
143.800592
143.860364
143.880116
143.886032
144.018016
144.074144
144.135132
144.250068
144.352336
144.400212
144.441816
144.587428
144.60692
144.65252
144.687552
144.731736
144.868852
145.642264
145.819996
145.839124
145.954204
146.00792
146.081784
146.111384
146.289664
146.377784
146.39152
146.436216
146.632596
146.704756
146.716564
146.781244
146.841856
146.863668
146.906792
146.9343
147.111528
147.1369
147.148436
147.152396
147.15666
147.210408
147.43038
147.476548
147.62706
147.637932
147.643484
147.674552
147.70472
147.728488
147.928608
147.97446
148.194188
148.210488
148.221464
148.288168
148.30088
148.407808
148.492128
148.53608
148.639764
148.768508
148.780456
148.830472
148.989072
149.0089
149.042248
149.068736
149.101352
149.13642
149.210676
149.236772
149.264116
149.4023
149.41574
149.440168
149.459944
149.491872
149.52582
149.59572
149.659316
149.776288
149.830488
149.833256
149.90944
149.929088
149.94156
149.96954
150.054276
150.19586
150.250848
150.268332
150.467032
150.47766
150.501588
150.603268
150.619168
150.760996
150.814996
150.930788
151.0025
151.052724
151.076328
151.127212
151.129256
151.133664
151.200688
151.247456
151.278288
151.397784
151.417888
151.463004
151.475492
151.479812
151.614764
151.656668
151.6963
151.765944
151.793224
151.91768
151.958276
151.96202
151.969168
151.992568
152.020796
152.1041
152.26974
152.309604
152.363568
152.427776
152.437788
152.474844
152.5611
152.56928
152.574492
152.716132
152.78358
152.79398
152.80974
152.84248
152.903412
152.955648
153.084068
153.093608
153.15058
153.292132
153.317808
153.335972
153.345136
153.430508
153.458876
153.468536
153.556104
153.60658
153.64258
153.647072
153.715552
153.749692
153.854964
153.906704
153.91134
153.937912
154.112736
154.115764
154.125468
154.146616
154.243936
154.350696
154.388048
154.477016
154.535092
154.55856
154.631224
154.811424
154.841376
154.868636
154.9012
154.938024
155.003988
155.067804
155.24596
155.477836
155.509772
155.573412
155.6461
155.715552
155.790812
155.82958
155.89008
155.963604
156.009936
156.071744
156.26232
156.297024
156.331376
156.359596
156.412248
156.430616
156.538176
156.562744
156.591132
156.645784
156.712056
156.715408
156.744648
156.76332
156.82132
156.99024
157.029632
157.130404
157.142476
157.201012
157.298256
157.355572
157.359232
157.43646
157.498452
157.54796
157.551672
157.644164
157.655096
157.684736
157.708148
157.735764
157.768632
157.778912
157.81402
157.816368
157.83926
157.885652
157.912728
157.953632
158.172344
158.185972
158.193696
158.201928
158.24398
158.276404
158.291896
158.398936
158.508464
158.530264
158.550252
158.686128
158.70468
158.73572
158.79142
158.813012
158.899008
158.92234
158.998652
159.130228
159.1828
159.299768
159.349152
159.3975
159.472844
159.482796
159.663604
159.743804
159.820904
160.166332
160.170452
160.237664
160.25598
160.273628
160.317176
160.326508
160.331716
160.388544
160.398144
160.416508
160.548252
160.585124
160.622188
160.65878
160.680784
160.792272
160.814496
161.065836
161.119372
161.14442
161.156052
161.249676
161.359412
161.459644
161.503068
161.519884
161.61092
161.646256
161.693648
161.73396
161.737704
161.829068
161.886396
161.920092
161.927248
161.952296
162.122124
162.180384
162.184632
162.231936
162.240624
162.272824
162.279908
162.328272
162.332464
162.344396
162.375468
162.433884
162.579568
162.586404
162.594524
162.660072
162.741672
162.771896
162.783892
162.824824
162.84692
162.941544
163.089644
163.115532
163.143236
163.231512
163.254128
163.36234
163.462916
163.48062
163.492764
163.518684
163.544832
163.673392
163.699944
163.733444
163.803868
163.82214
163.87592
163.940156
163.949364
163.968696
164.015708
164.135208
164.171028
164.25542
164.26448
164.352816
164.442032
164.470256
164.483764
164.583464
164.613264
164.626732
164.652824
164.664576
164.667768
164.772588
164.79584
164.999204
165.06684
165.133448
165.217596
165.246076
165.260436
165.337008
165.366508
165.376196
165.472192
165.678052
165.729736
165.768732
165.780588
165.80584
165.85954
165.893172
166.0839
166.120984
166.133412
166.158776
166.225092
166.255236
166.340992
166.398484
166.745124
166.763704
166.835668
166.874628
167.175872
167.322788
167.4209
167.537588
167.751024
167.840684
167.859992
167.895844
168.08386
168.171608
168.227384
168.236908
168.24642
168.257312
168.272472
168.33916
168.356376
168.425308
168.44518
168.527396
168.569244
168.673576
168.750312
168.871744
168.964132
168.977088
169.048528
169.121236
169.246104
169.276636
169.376228
169.484632
169.543288
169.614092
169.620004
169.631296
169.649972
169.690096
169.822292
169.832028
169.877856
169.927432
170.016644
170.117984
170.229948
170.273152
170.282052
170.296152
170.365788
170.377328
170.42592
170.443336
170.469256
170.487428
170.52312
170.52752
170.538104
170.574472
170.604936
170.642348
170.717736
170.79972
170.920296
171.024772
171.186928
171.254924
171.389488
171.443792
171.499768
171.581716
171.674056
171.679856
171.931456
171.9768
172.113676
172.23482
172.251008
172.278648
172.330144
172.386628
172.5041
172.787892
172.844488
173.003988
173.1184
173.12162
173.153104
173.242664
173.320128
173.354964
173.408556
173.417312
173.441592
173.522628
173.60546
173.693444
173.7363
173.801772
173.864936
173.9404
174.076752
174.088168
174.112636
174.290104
174.295848
174.30034
174.308008
174.32534
174.332744
174.404236
174.573312
174.625188
174.717908
174.73164
174.815656
174.86112
174.914076
174.934304
174.9369
175.064096
175.379316
175.382156
175.390244
175.447996
175.47046
175.4888
175.49556
175.732448
175.775248
175.827528
175.944676
175.975528
176.00964
176.056876
176.187788
176.20358
176.233564
176.26154
176.325156
176.451832
176.500268
176.52886
176.550188
176.582076
176.591692
176.665912
176.74612
176.779108
176.810248
176.862604
176.875836
176.903704
177.058672
177.097936
177.1469
177.193856
177.202284
177.233072
177.29898
177.360104
177.412888
177.557144
177.609488
177.661812
177.668732
177.719572
177.807224
177.843096
177.86526
177.877532
177.881824
177.89634
177.942092
178.031172
178.076748
178.185392
178.240572
178.37762
178.415768
178.62054
178.625156
178.665384
178.731148
178.778324
178.824748
178.966888
178.976144
179.084764
179.096068
179.120368
179.148432
179.3235
179.356712
179.394672
179.456512
179.54922
179.630096
179.706448
179.812668
179.836444
179.88234
179.920628
179.938176
180.046328
