0.35432
3.453328
4.24138
5.902148
9.562464
15.45948
17.264356
21.161656
25.65066
28.746168
29.101028
30.19466
41.67812
42.802696
47.391104
49.400008
52.864112
53.444116
57.732032
59.769948
59.8836
60.283072
70.176492
73.39672
74.316008
75.060472
77.982848
80.965084
83.6368
84.323568
86.296404
87.300452
88.001524
89.905184
92.944592
99.088064
99.776412
101.075472
105.929272
109.195968
119.400984
124.618304
124.976068
127.445888
130.7569
131.388524
133.662524
137.439396
140.127588
143.167052
146.64152
147.716088
153.280296
154.322128
169.174228
170.26136
181.765
