1.70078
2.380628
2.399936
2.45752
2.944472
3.139584
8.245684
9.383496
12.081516
18.912036
19.965784
25.272972
27.3482
27.36402
29.730588
33.543764
35.202836
35.82398
40.769068
46.780428
53.998416
55.596344
60.461716
61.420336
63.008452
64.074992
64.272688
65.999296
67.814384
71.772592
73.014048
75.403304
76.908156
77.797504
78.116876
78.796544
81.89422
82.52498
83.273056
92.405752
94.81642
95.328012
95.584244
97.2836
99.462076
103.93838
104.790112
107.223276
115.644468
117.84548
128.692444
141.739596
150.066024
152.544436
152.82608
162.365472
167.435828
175.036552
178.468876
179.110072
179.883748
180.330812
