0.047016
0.067696
0.143124
0.1752
0.213548
0.220988
0.26752
0.357496
0.411708
0.464532
0.468856
0.547284
0.571116
0.58006
0.806904
0.86066
0.937772
1.083804
1.118884
1.154132
1.196808
1.242928
1.25836
1.286708
1.458084
1.58286
1.630572
1.651872
1.667632
1.673264
1.675196
1.819156
1.89758
2.057832
2.255408
2.326064
2.471504
2.567788
2.725136
2.783744
2.833996
2.837168
2.948564
2.957072
2.9786
3.05066
3.114596
3.408688
3.416644
3.57284
3.598724
3.620744
3.668588
3.710892
3.74518
3.786228
3.80618
3.884884
4.12446
4.127132
4.19028
4.227224
4.24476
4.500772
4.519984
4.641036
4.649384
4.698592
4.77574
4.808508
5.01822
5.200456
5.316904
5.345404
5.492664
5.504948
5.608768
5.69114
5.706356
5.771204
5.920212
5.93512
5.970052
6.018908
6.034248
6.288208
6.29726
6.326264
6.401568
6.440532
6.520492
6.551608
6.580696
6.595856
6.606276
6.765364
6.790496
6.852384
6.903804
7.032352
7.058712
7.1494
7.185372
7.213932
7.267268
7.331128
7.365904
7.596128
7.61714
7.667588
7.732052
7.868976
7.900952
7.908684
7.931092
7.936856
7.939696
7.978052
8.074852
8.142004
8.264136
8.305428
8.333548
8.381752
8.387756
8.535196
8.558904
8.640776
8.666176
8.910792
8.916304
8.932228
8.989624
9.075216
9.237228
9.377792
9.405528
9.42766
9.477144
9.60126
9.6177
9.71404
9.733968
9.765984
9.853248
9.88438
9.894224
9.94374
10.061244
10.066776
10.10718
10.131496
10.1478
10.379024
10.391176
10.405976
10.452212
10.46888
10.521876
10.54496
10.698984
10.705544
10.752276
10.759316
10.920592
10.966556
10.972424
11.2686
11.357128
11.399768
11.536568
11.672052
11.690124
11.694012
11.787356
11.810388
11.884372
11.90788
11.920212
11.935364
12.007024
12.011092
12.119064
12.279032
12.286548
12.352008
12.438584
12.444816
12.5229
12.59284
12.7181
12.77448
12.862076
12.936664
12.950916
12.968912
13.007576
13.0106
13.02104
13.064828
13.136496
13.203076
13.29358
13.332012
13.371484
13.482024
13.49742
13.698396
13.715916
13.758732
13.946344
14.046332
14.1448
14.311624
14.40794
14.57518
14.699828
14.715096
14.816372
14.819292
14.86546
14.869068
14.874504
14.931196
15.030132
15.059172
15.188936
15.20064
15.206828
15.243496
15.281928
15.296108
15.40952
15.415476
15.439436
15.442016
15.466108
15.532012
15.675016
15.7031
15.840004
15.88124
16.08638
16.175556
16.216952
16.27904
16.467792
16.50968
16.546828
16.562872
16.633748
16.66802
16.780796
16.815776
16.910548
17.101744
17.106248
17.164716
17.340676
17.436016
17.523676
17.534724
17.609976
17.666428
17.68642
17.694396
17.739064
17.8577
17.89276
17.959948
17.987856
18.00698
18.053748
18.068428
18.202832
18.239648
18.248932
18.405048
18.510876
18.525628
18.535156
18.597948
18.635396
18.752212
18.85262
18.890028
18.911292
18.931176
18.946148
18.978036
18.996684
19.0364
19.157064
19.239204
19.2491
19.298604
19.309744
19.337332
19.452008
19.456656
19.628908
19.631492
19.669392
19.840984
20.033388
20.260816
20.542916
20.565528
20.600744
20.644076
20.658724
20.673856
20.701828
20.742636
20.77332
20.828696
20.933968
21.047028
21.111168
21.129868
21.138264
21.194268
21.23622
21.251596
21.276976
21.417468
21.705892
21.773468
21.855668
21.98214
22.095672
22.104704
22.15254
22.15716
22.208536
22.222808
22.23954
22.36052
22.44572
22.47516
22.769828
22.776444
22.85698
22.868316
22.873732
22.960244
22.99194
22.993932
23.038152
23.283692
23.307908
23.342492
23.37092
23.400168
23.4115
23.46304
23.473688
23.504276
23.734184
23.915284
23.936016
24.162452
24.294044
24.298668
24.313168
24.33348
24.359108
24.464204
24.48816
24.516496
24.6859
24.759032
24.772156
24.803544
24.85416
24.870188
25.00736
25.032368
25.070604
25.097252
25.131292
25.189608
25.292716
25.347732
25.415724
25.438448
25.47272
25.58492
25.591232
25.598564
25.683796
25.878332
25.900552
25.932324
25.949308
25.9776
26.50338
26.619416
26.668176
26.716268
26.722484
26.805696
26.868364
26.987884
27.01588
27.084116
27.104352
27.240728
27.316944
27.364264
27.51232
27.525788
27.530796
27.81576
27.829464
27.903812
27.948908
28.03122
28.054944
28.146824
28.172908
28.202412
28.232328
28.285288
28.394312
28.548576
28.571116
28.577884
28.630916
28.644544
28.850672
28.870088
28.910264
28.911596
28.93346
29.057328
29.113972
29.15504
29.217508
29.269472
29.364796
29.387508
29.446924
29.494336
29.536848
29.609576
29.640552
29.763492
29.765708
29.91024
29.938496
29.941572
30.1141
30.193676
30.205912
30.295692
30.471016
30.522312
30.525788
30.57148
30.610768
30.614252
30.650324
30.661008
30.84164
30.890184
30.912344
30.968024
31.034564
31.05608
31.178388
31.229232
31.263452
31.302304
31.337728
31.355236
31.396092
31.437272
31.459536
31.555112
31.589272
31.603112
31.765472
31.87046
31.897752
31.93104
31.943348
31.946612
31.973348
32.004764
32.144568
32.16014
32.262964
32.268648
32.435712
32.501392
32.53566
32.61912
32.679568
32.740664
32.799152
32.991708
33.022236
33.0348
33.155132
33.186372
33.200004
33.206932
33.325448
33.474284
33.484484
33.547728
33.584236
33.615704
33.669132
33.986452
34.032324
34.087476
34.2392
34.360516
34.372944
34.389336
34.392808
34.396152
34.4766
34.575428
34.722984
34.81464
34.912752
35.014136
35.04962
35.09764
35.114492
35.1567
35.232764
35.238768
35.408728
35.500272
35.651564
35.997988
36.013512
36.07322
36.199616
36.313964
36.381868
36.385956
36.441756
36.476728
36.512064
36.536272
36.547652
36.6112
36.768448
36.908416
36.93998
36.950548
37.025232
37.050576
37.077064
37.106068
37.185324
37.276464
37.352664
37.372796
37.39226
37.447512
37.476888
37.524836
37.566656
37.621876
37.677604
37.7071
37.840616
37.84678
37.876436
38.015984
38.023552
38.041108
38.139356
38.1694
38.215728
38.270032
38.310956
38.385096
38.392084
38.411884
38.46596
38.492688
38.498844
38.503592
38.725656
38.8995
38.93298
38.951744
38.998072
39.31776
39.32042
39.4035
39.528316
39.537844
39.711532
39.772804
39.787404
39.813
39.815756
39.934112
39.976096
40.043344
40.064092
40.162668
40.172484
40.233816
40.37504
40.49506
40.512348
40.517336
40.553264
40.598636
40.663296
40.672508
40.704596
40.773432
40.837284
40.863352
40.99392
41.094452
41.15384
41.238076
41.271608
41.344824
41.3816
41.389072
41.456964
41.46044
41.5919
41.667308
41.7287
41.753428
41.81206
41.8332
41.890124
41.900344
41.994052
42.006616
42.020484
42.02796
42.045292
42.090172
42.100636
42.2119
42.218904
42.290104
42.34436
42.3555
42.388024
42.527652
42.830928
42.930656
42.945128
42.967476
43.0717
43.07946
43.202008
43.454504
43.627508
43.70568
43.766704
43.932932
43.974908
43.987824
44.010228
44.252148
44.254048
44.417256
44.439124
44.447016
44.520856
44.644092
44.653888
44.751984
44.781388
45.034188
45.11524
45.1186
45.125208
45.191008
45.304588
45.32552
45.403168
45.46178
45.513852
45.605968
45.701472
45.752172
45.763904
45.825416
45.917396
45.922548
46.03464
46.063692
46.245288
46.449792
46.474004
46.545744
46.562364
46.60866
46.7862
46.810432
46.841064
46.870812
46.922912
47.048568
47.05746
47.063448
47.186984
47.196124
47.230356
47.313092
47.35506
47.827348
47.851748
47.871804
47.879964
47.891536
47.905276
47.923384
47.943348
48.04098
48.121868
48.210128
48.35564
48.363264
48.469544
48.54868
48.601384
48.833376
48.933284
48.958956
49.159848
49.423076
49.437876
49.442764
49.448704
49.51946
49.57578
49.599376
49.602892
50.028864
50.12188
50.130408
50.137192
50.406772
50.417464
50.490176
50.510272
50.515456
50.522512
50.594468
50.806916
50.810988
50.820544
50.823484
50.829392
50.860736
50.888636
50.944968
50.948184
50.97748
51.086472
51.104928
51.131456
51.2236
51.250104
51.325732
51.348732
51.363088
51.381064
51.47686
51.493396
51.509804
51.514668
51.771492
51.811384
51.85542
52.068272
52.097932
52.1396
52.145728
52.180324
52.214288
52.234912
52.286996
52.35658
52.39378
52.426716
52.658152
52.705424
52.738908
52.9011
52.95056
52.998444
53.131508
53.17828
53.225884
53.267792
53.300108
53.379344
53.466948
53.476776
53.565084
53.66614
53.79762
53.935132
54.084772
54.160112
54.186912
54.485628
54.56076
54.60726
54.627252
54.649328
54.651088
54.708668
54.724048
54.778416
54.784132
54.913456
55.047804
55.059612
55.154924
55.279472
55.355388
55.490892
55.498292
55.510332
55.57082
55.581484
55.587816
55.66438
55.692172
55.746496
55.762336
55.865952
55.956672
56.234136
56.27486
56.317872
56.369928
56.474292
56.477012
56.498388
56.536772
56.629112
56.688912
56.694796
56.717948
56.968524
57.001996
57.06378
57.088232
57.16378
57.246792
57.29628
57.365004
57.429768
57.447496
57.487528
57.511376
57.543492
57.599796
57.626552
57.684428
57.686916
57.689144
57.76758
57.81056
57.811348
57.820068
57.88646
57.913304
57.98146
58.015772
58.039324
58.05038
58.283928
58.297408
58.386984
58.513096
58.52152
58.541392
58.58528
58.587468
58.596056
58.693864
58.80354
58.816744
58.895536
58.924076
58.928352
58.970744
58.980064
59.06994
59.088436
59.171456
59.210184
59.231392
59.28338
59.373868
59.52584
59.530204
59.65176
59.666208
59.802208
59.941688
59.976208
60.09942
60.159568
60.18932
60.311548
60.323468
60.34998
60.441712
60.479396
60.613924
60.626316
60.740608
60.811892
60.87556
60.982524
61.151728
61.154652
61.18
61.230688
61.270088
61.293904
61.384976
61.403148
61.551816
61.647984
61.656852
61.739076
61.76136
61.883808
61.95558
62.10728
62.326108
62.356928
62.489716
62.521952
62.57074
62.68244
62.68876
62.69386
62.72414
62.845052
62.878336
63.030412
63.081412
63.12104
63.150516
63.161312
63.217488
63.266896
63.31504
63.332264
63.3908
63.526376
63.543792
63.625472
63.67404
63.76738
63.8019
63.855276
63.866548
63.88928
64.038564
64.07372
64.136596
64.17278
64.227764
64.232608
64.285012
64.422244
64.52174
64.565312
64.587268
64.611272
64.640028
64.697236
64.967012
65.212972
65.284148
65.42708
65.53294
65.553552
65.600352
65.646716
65.784956
65.78948
65.792416
65.996316
66.000992
66.075912
66.11774
66.218244
66.2682
66.317608
66.434596
66.475384
66.552004
66.606636
66.612572
66.762424
66.771964
66.848588
66.911008
66.964056
66.969144
67.006172
67.113936
67.13124
67.148412
67.299144
67.320888
67.325352
67.485256
67.68394
67.85534
67.92546
67.936488
67.975464
68.002532
68.185532
68.198124
68.211732
68.321964
68.49792
68.593896
68.694472
68.720568
68.740588
68.84982
69.011828
69.023496
69.038052
69.042392
69.123384
69.146852
69.16868
69.20698
69.222448
69.50998
69.605356
69.647396
69.695504
69.699028
69.711316
69.71956
69.846516
69.985932
70.10504
70.116112
70.255512
70.342576
70.440048
70.534072
70.6381
70.80596
70.81412
70.82036
70.83464
70.857028
70.887168
70.949188
71.02016
71.035144
71.04888
71.0764
71.121876
71.237436
71.340888
71.456172
71.5252
71.5308
71.579552
71.693916
71.706732
71.711568
71.740136
71.814716
71.85976
71.879252
71.954332
71.997264
72.004696
72.154904
72.177032
72.387068
72.537496
72.542692
72.611472
72.6672
72.780364
72.807756
72.847636
72.872364
72.938248
72.978208
73.08052
73.10208
73.11338
73.152796
73.205456
73.452488
73.474864
73.564772
73.610712
73.618876
73.8607
73.966312
73.9735
74.107084
74.109972
74.127276
74.147996
74.227772
74.310744
74.459028
74.491776
74.639828
74.662948
74.912644
74.948608
75.05678
75.143232
75.251108
75.296552
75.304664
75.316312
75.347984
75.370516
75.42518
75.437228
75.482168
75.485632
75.51226
75.676564
75.68674
75.695512
75.771164
75.791328
75.795536
75.81808
75.829932
75.879036
75.979892
76.15596
76.169212
76.211992
76.313884
76.43482
76.505832
76.661116
76.678712
76.7713
76.832448
76.862088
77.362908
77.398756
77.421504
77.441508
77.451484
77.503312
77.520024
77.531556
77.826172
77.8327
77.880944
77.948632
77.950916
77.993828
78.021024
78.07376
78.1228
78.12684
78.141224
78.175076
78.257552
78.409672
78.47518
78.627148
78.6307
78.637536
78.679124
78.70736
78.721692
78.734684
78.739576
78.871048
79.157404
79.176332
79.204156
79.243552
79.24794
79.249984
79.32496
79.380192
79.398908
79.4078
79.478184
79.553308
79.574552
79.672432
79.690356
79.706232
79.742396
79.781276
79.88352
79.979896
80.07464
80.093364
80.14472
80.182776
80.217944
80.247208
80.250804
80.291408
80.298624
80.332728
80.355108
80.49334
80.518932
80.532312
80.596812
80.688192
80.74936
80.823692
80.839764
80.903284
80.92714
80.967732
81.065964
81.080704
81.083912
81.158048
81.230876
81.240288
81.333592
81.398456
81.470644
81.534824
81.600296
81.65862
81.727764
81.779616
81.800296
81.975456
81.994552
82.081676
82.21938
82.305704
82.313344
82.355404
82.48748
82.500724
82.529844
82.619944
82.630924
82.698944
82.727652
82.750028
82.860156
82.949872
83.012324
83.03722
83.042444
83.089468
83.098636
83.113256
83.147996
83.244396
83.25684
83.320436
83.415512
83.465648
83.540556
83.669032
83.987228
83.998264
84.102096
84.171996
84.220832
84.224104
84.22582
84.282172
84.300824
84.302472
84.398676
84.470292
84.503748
84.58418
84.59334
84.665424
84.823996
84.860024
84.890852
84.938556
84.976712
84.997832
85.021716
85.236108
85.245632
85.291928
85.313452
85.360268
85.410568
85.415012
85.4239
85.442056
85.51924
85.530932
85.594844
85.851336
86.068768
86.352368
86.385968
86.502924
86.527268
86.564852
86.702344
86.767536
86.774104
86.922104
86.929492
86.938876
87.0725
87.153192
87.204476
87.239144
87.326388
87.3551
87.45618
87.563052
87.598996
87.738428
87.821004
87.871884
87.977044
88.025524
88.180124
88.1924
88.251888
88.281484
88.29974
88.352508
88.359824
88.39748
88.450436
88.454996
88.472012
88.557236
88.593756
88.70172
88.888988
88.902444
89.076672
89.092092
89.147232
89.155008
89.186196
89.217504
89.255308
89.316804
89.403476
89.516908
89.54962
89.573052
89.5906
89.593764
89.647756
89.683488
89.962492
90.088928
90.167716
90.197024
90.22396
90.281956
90.381008
90.402388
90.45022
90.464796
90.496884
90.588748
90.640572
90.660216
90.694608
90.799592
90.94422
90.965716
91.04706
91.065864
91.177688
91.218644
91.284456
91.336124
91.382712
91.397816
91.417704
91.438956
91.492888
91.54438
91.566876
91.707436
91.713524
91.765532
91.782052
91.880944
92.157824
92.174356
92.222724
92.26366
92.307556
92.420948
92.574292
92.588324
92.60118
92.617696
92.643956
92.795492
92.889344
92.898804
92.994964
93.093656
93.235564
93.359872
93.374948
93.487704
93.620024
93.766892
93.792636
93.864808
93.890384
93.90824
93.924992
93.938208
93.963612
93.966656
93.980296
94.057336
94.094488
94.130904
94.167872
94.279116
94.301292
94.32168
94.713096
94.76934
95.077224
95.131516
95.206868
95.23074
95.237464
95.461892
95.463528
95.495912
95.523104
95.633692
95.663008
95.706732
95.739564
95.753816
95.82114
95.850628
95.922132
95.972312
96.015484
96.118756
96.177148
96.198792
96.204388
96.238468
96.245668
96.253196
96.295584
96.316436
96.3205
96.498216
96.541072
96.562528
96.610112
96.711048
96.825364
96.834084
96.837084
96.898736
96.90578
96.95802
97.092764
97.1096
97.147804
97.228624
97.25212
97.261556
97.281728
97.39536
97.641516
97.695968
97.699548
97.729192
97.749452
97.863208
97.924652
97.967192
98.013712
98.03278
98.058836
98.143912
98.357364
98.41096
98.440796
98.491892
98.4972
98.50568
98.539628
98.542956
98.6144
98.650892
98.665916
98.708932
98.746776
98.805232
98.832832
98.85128
98.889456
99.0284
99.142708
99.181204
99.206656
99.210344
99.215132
99.383884
99.456272
99.587408
99.589692
99.664552
99.686572
99.688764
99.705168
99.718856
99.725516
99.782284
99.818892
99.83494
100.036752
100.119524
100.199584
100.315956
100.324592
100.35832
100.520216
100.695488
100.71804
100.743948
100.750656
100.75798
100.8063
100.845964
100.907972
100.93584
100.951616
100.974336
101.020492
101.029756
101.056864
101.085832
101.16712
101.188416
101.2283
101.308704
101.324784
101.335528
101.39092
101.567016
101.583348
101.626812
101.638804
101.78508
101.81094
101.884316
102.03266
102.086192
102.133208
102.341248
102.348408
102.459636
102.537184
102.605624
102.71382
102.744224
102.77082
102.81388
102.819312
102.906332
102.969376
102.977584
103.056588
103.06188
103.223024
103.229128
103.287964
103.322872
103.358768
103.404564
103.444372
103.446412
103.470908
103.474348
103.4761
103.484204
103.501152
103.559236
103.724976
103.768252
103.812044
103.826288
103.936432
103.988176
103.990712
104.088696
104.145352
104.156432
104.203848
104.312496
104.320024
104.323624
104.338464
104.39896
104.509656
104.516292
104.543468
104.59324
104.67096
104.700848
104.839212
104.844492
104.855668
104.87312
105.043896
105.057108
105.075296
105.15476
105.216376
105.2271
105.543168
105.612172
105.658888
105.664408
105.695576
105.7051
105.773492
105.809756
106.012108
106.154008
106.180992
106.209984
106.439556
106.503264
106.629168
106.762184
106.887996
106.899172
106.949264
107.145308
107.163152
107.307824
107.395424
107.437368
107.548336
107.572664
107.813464
107.885288
107.900696
107.955032
107.994152
108.056604
108.10966
108.150576
108.164312
108.345996
108.360556
108.45262
108.5586
108.568684
108.5776
108.579404
108.634812
108.723396
108.759756
108.766128
108.894748
108.97682
109.068872
109.073208
109.116672
109.176248
109.180332
109.213728
109.217604
109.231652
109.343524
109.359808
109.367832
109.387112
109.426156
109.528756
109.535076
109.571188
109.582852
109.594092
109.632532
109.662692
109.684432
109.722496
109.765936
109.8174
109.832956
109.898588
109.999268
110.0289
110.11314
110.177088
110.21252
110.361304
110.43348
110.563064
110.678944
110.825488
110.833948
110.91078
110.923436
110.993444
111.057852
111.230484
111.299396
111.333492
111.361144
111.415388
111.455652
111.470552
111.473692
111.534852
111.616208
111.629484
111.63116
111.67336
111.702468
111.734484
111.750368
111.873516
111.886696
111.923276
112.005648
112.02908
112.053296
112.128184
112.178868
112.186688
112.223076
112.249336
112.284608
112.405608
112.420296
112.44338
112.506408
112.529592
112.61954
112.68366
112.692136
112.826996
112.829848
112.83456
112.885192
112.97526
113.047356
113.0748
113.295036
113.350268
113.390276
113.52604
113.52894
113.6788
113.734332
113.817828
113.895752
113.920564
113.934496
114.029268
114.040812
114.244484
114.32006
114.375648
114.402036
114.426328
114.434716
114.51588
114.538692
114.618288
114.622708
114.645952
114.664436
114.666876
114.691436
114.798012
114.86434
114.921524
114.932512
115.057936
115.070744
115.13154
115.246724
115.284136
115.298816
115.378376
115.390852
115.49378
115.571424
115.588296
115.628468
115.829432
115.89698
116.010088
116.08196
116.085348
116.0871
116.115652
116.11778
116.122096
116.264608
116.296196
116.404824
116.46264
116.746976
116.803624
116.905228
117.024456
117.031212
117.052784
117.066892
117.095908
117.181852
117.385628
117.474372
117.524688
117.643752
117.736892
117.79092
117.937276
117.95086
118.041396
118.138776
118.147264
118.2044
118.242448
118.285064
118.305008
118.398552
118.500044
118.542908
118.623952
118.749312
118.89976
118.904324
118.971828
119.000136
119.056436
119.108204
119.310016
119.464624
119.468772
119.470412
119.542788
119.623704
119.679476
119.786124
119.825884
119.828992
119.88662
120.163984
120.22702
120.256964
120.373872
120.382552
120.39606
120.431204
120.448104
120.6165
120.623804
120.741856
120.819096
120.837696
120.940164
121.071572
121.102764
121.109284
121.11968
121.145488
121.23214
121.237008
121.270696
121.384732
121.411128
121.511732
121.526784
121.546884
121.668844
121.710224
121.766968
121.783756
121.916824
121.949676
121.979452
122.033548
122.069556
122.31042
122.38522
122.421156
122.465304
122.521612
122.547128
122.562048
122.59788
122.640224
122.730184
122.830544
122.932272
122.967028
123.0904
123.168268
123.183288
123.203476
123.239328
123.353812
123.364008
123.375308
123.379724
123.400676
123.448744
123.465128
123.502964
123.699016
123.726688
123.781164
123.896692
123.919816
123.952352
124.04426
124.076256
124.101052
124.124452
124.134448
124.206848
124.241328
124.356604
124.405216
124.430012
124.560128
124.5725
124.683208
124.704636
124.81746
124.874296
124.983804
125.027624
125.074928
125.1137
125.173264
125.21464
125.313104
125.507904
125.548576
125.58774
125.633452
125.7219
125.749636
125.873496
125.93692
125.996508
126.01694
126.110964
126.219832
126.24454
126.293868
126.424976
126.5326
126.612936
126.680156
126.7229
126.79338
127.001036
127.029632
127.168208
127.173752
127.267572
127.4377
127.562796
127.575728
127.597488
127.610104
127.617272
127.662892
127.783092
127.788084
127.800204
127.810108
127.83116
127.955956
127.998724
128.005848
128.06062
128.098448
128.1754
128.244388
128.315784
128.343256
128.490112
128.518628
128.730912
128.897192
128.931108
129.031836
129.132448
129.168188
129.665472
129.699744
129.813324
129.821616
129.886548
129.904644
129.974132
130.005548
130.037356
130.040312
130.123144
130.136492
130.140348
130.157828
130.254444
130.499092
130.597628
130.653008
130.722752
130.973484
131.073084
131.239076
131.3247
131.36648
131.375868
131.497264
131.535364
131.539892
131.641576
131.752836
131.78088
131.986916
132.07336
132.124264
132.139616
132.148496
132.287456
132.445928
132.493224
132.504432
132.58864
132.60978
132.625732
132.637928
132.686828
132.695416
132.799668
132.807692
132.863572
132.886316
132.969668
133.02304
133.049764
133.057632
133.195732
133.307784
133.417516
133.427992
133.439084
133.459516
133.556836
133.639188
133.708304
133.850572
133.891344
133.93276
134.101664
134.146072
134.153784
134.208304
134.302592
134.3658
134.370472
134.420372
134.495992
134.525324
134.558304
134.666796
134.70378
134.776428
134.7953
134.808164
134.903108
134.942408
134.992632
135.16714
135.298524
135.388604
135.392856
135.403648
135.470948
135.644252
135.653692
135.764208
135.767724
135.812832
135.861444
135.906672
135.956152
135.996196
136.14824
136.174304
136.281792
136.2993
136.480468
136.514868
136.570556
136.722856
136.836352
136.986528
137.015208
137.180728
137.192036
137.221112
137.23256
137.35522
137.438712
137.544244
137.557664
137.639796
137.703388
137.73828
137.828392
137.847548
137.905364
137.909276
137.943152
137.989932
138.021636
138.24654
138.278292
138.338932
138.384268
138.400856
138.412884
138.441136
138.546844
138.565188
138.568376
138.64584
138.739396
138.906864
138.926032
138.929268
139.01054
139.015216
139.052156
139.065432
139.286244
139.326516
139.341428
139.38238
139.430144
139.530376
139.54436
139.65366
139.740836
139.81834
139.833576
140.004372
140.039052
140.093068
140.100136
140.202328
140.360644
140.408016
140.512108
140.62098
140.712012
140.779952
140.877472
141.299684
141.308508
141.319608
141.364536
141.481664
141.620064
141.7886
141.791768
141.847248
141.939084
142.091904
142.263384
142.27134
142.393224
142.442012
142.53654
142.549396
142.592916
142.70454
142.757788
142.763316
142.765312
142.778352
142.788876
142.79456
142.847856
142.869324
142.976224
143.097368
143.135216
143.166944
143.260952
143.321596
143.470344
143.496644
143.562916
143.5851
143.59406
143.660744
143.682136
143.732044
143.788744
143.794764
143.807804
143.828128
143.87698
143.911092
143.924764
143.96026
144.022832
144.056156
144.060208
144.069248
144.31582
144.382012
144.459652
144.525348
144.614996
144.831064
144.869672
144.888028
145.104012
145.116648
145.263148
145.323132
145.464356
145.526796
145.618948
145.629248
145.641484
145.712164
145.919892
145.982076
146.00758
146.265352
146.327504
146.371556
146.391664
146.415968
146.460768
146.919692
146.92652
146.94304
147.05384
147.14262
147.142984
147.180484
147.249548
147.267348
147.40388
147.422732
147.430924
147.540916
147.71126
147.76966
147.7976
147.80526
147.81006
147.935796
147.960776
148.065044
148.093772
148.114432
148.134664
148.25298
148.273852
148.286656
148.390032
148.402108
148.458672
148.493696
148.744044
148.794148
148.842556
148.88136
148.968292
149.064432
149.116108
149.24652
149.265492
149.364592
149.386716
149.397964
149.429688
149.460976
149.465652
149.56848
149.621928
149.758568
149.76972
149.834108
149.85562
150.004192
150.021796
150.037476
150.133408
150.213236
150.30044
150.352776
150.37342
150.402344
150.455484
150.472988
150.477944
150.573532
150.6125
150.616728
150.664276
150.759944
150.930168
150.942152
151.08076
151.177596
151.221064
151.584896
151.728108
151.731248
151.938292
151.965592
151.98764
152.065424
152.159556
152.168284
152.256112
152.273264
152.472596
152.615488
152.691964
152.704732
152.945732
153.046604
153.235364
153.334376
153.52762
153.715304
153.72326
153.74384
153.812772
153.832364
153.867416
153.99588
154.108244
154.210748
154.223936
154.287212
154.316684
154.341308
154.350496
154.40918
154.42894
154.434012
154.524092
154.530936
154.612096
154.777924
154.962928
155.12688
155.15936
155.170444
155.209668
155.58046
155.731956
155.797696
155.823744
155.825912
155.898308
155.915752
155.9697
155.975348
156.00282
156.101756
156.1201
156.12802
156.145288
156.158488
156.215804
156.226756
156.246464
156.39732
156.453116
156.593992
156.638076
156.663528
156.676204
156.78266
156.859344
156.874836
156.9793
156.99846
157.264392
157.364096
157.409644
157.471608
157.49526
157.593036
157.704684
157.70948
157.828456
157.877156
157.9628
157.964684
158.024912
158.035372
158.080956
158.091828
158.129492
158.136688
158.35074
158.37768
158.379856
158.452104
158.523428
158.586304
158.625568
158.656036
158.72006
158.859852
158.879604
159.01752
159.03116
159.043852
159.050656
159.077756
159.137808
159.160344
159.173568
159.254624
159.332204
159.34434
159.40482
159.416124
159.459448
159.536156
159.553284
159.709712
159.772216
159.8089
159.88894
159.990604
160.046544
160.051296
160.141424
160.165048
160.239772
160.250696
160.289912
160.334044
160.359156
160.370328
160.3993
160.693392
160.774036
160.77622
161.002196
161.022708
161.043188
161.059788
161.093736
161.098524
161.137052
161.164564
161.212916
161.242124
161.36366
161.389876
161.452928
161.464564
161.663884
161.684052
161.71924
161.746876
161.779112
161.783296
161.797292
161.825512
161.855264
161.9692
161.987068
162.155172
162.244544
162.26018
162.41264
162.424668
162.586416
162.698972
162.719564
162.742264
162.744716
162.761332
162.858768
162.919824
162.93052
162.93874
162.99468
162.998776
163.145212
163.27074
163.3396
163.385252
163.435456
163.478684
163.496748
163.646272
163.655076
163.748052
163.8739
163.882944
163.940048
163.941992
163.987564
164.012844
164.096528
164.192008
164.440348
164.554224
164.56616
164.637944
164.765912
164.80088
164.872144
164.939212
164.951208
165.05846
165.067844
165.23728
165.264684
165.381644
165.401052
165.46712
165.4691
165.523276
165.626124
165.74832
165.78714
165.806856
165.82184
165.838944
165.930756
165.9336
165.989036
166.093168
166.18226
166.334704
166.347776
166.535536
166.639128
166.738124
166.758672
166.829188
166.838992
166.894936
167.137248
167.154716
167.438048
167.479916
167.494724
167.619028
167.912228
168.093372
168.103376
168.140608
168.15712
168.176448
168.1853
168.254812
168.259908
168.265764
168.366256
168.491188
168.622712
168.75824
168.791408
168.820524
169.091988
169.24176
169.28772
169.319244
169.321296
169.346844
169.422564
169.469108
169.47334
169.502
169.529472
169.569576
169.59254
169.599848
169.607524
169.698952
169.76022
169.831124
169.837104
169.861496
169.884964
170.01876
170.06098
170.165112
170.175488
170.25638
170.264168
170.329972
170.360344
170.529936
170.558948
170.579528
170.698016
170.749632
170.813196
170.994236
171.029692
171.062136
171.083292
171.146456
171.237768
171.255804
171.262196
171.331824
171.367488
171.439968
171.569768
171.606744
171.632864
171.677548
171.734576
171.830824
171.877928
171.906768
172.120816
172.167776
172.38248
172.41774
172.421224
172.460556
172.552104
172.631288
172.80508
172.919272
172.931588
172.939848
172.953268
172.980756
173.038688
173.057356
173.286844
173.408544
173.418472
173.652388
173.729376
173.744584
173.870236
174.019536
174.049832
174.077392
174.102868
174.124948
174.280804
174.377752
174.379416
174.52808
174.598956
174.727052
174.759612
174.782888
174.859508
174.908076
174.95992
174.967584
174.970872
175.029548
175.057184
175.101884
175.279428
175.339224
175.433404
175.443524
175.480488
175.531748
175.53398
175.58872
175.764032
175.767664
175.861336
175.911004
175.935648
175.95794
176.101368
176.118832
176.120728
176.155204
176.228392
176.242824
176.382788
176.443548
176.446488
176.472756
176.500788
176.539148
176.550124
176.597736
176.671896
176.675976
176.728852
176.745464
176.770028
176.82814
176.851848
176.879932
176.884716
177.109104
177.24204
177.461604
177.484868
177.513024
177.580924
177.63598
177.7672
177.794936
177.801604
177.89988
177.982016
178.008752
178.02288
178.15468
178.160988
178.175636
178.192524
178.211992
178.443484
178.542692
178.593776
178.610416
178.627208
178.706288
178.840708
178.84628
178.856992
178.874948
178.881952
178.936992
179.015916
179.047904
179.070704
179.141808
179.17638
179.187628
179.246588
179.302076
179.411784
179.448588
179.581436
179.707384
179.905068
179.955292
179.9908
180.053464
