0.000268
0.018264
0.190468
0.2543
0.302836
0.335544
0.455356
0.462936
0.464936
0.487628
0.700004
0.702788
0.743032
0.826512
0.926388
0.990904
1.040732
1.078912
1.120084
1.211644
1.234104
1.238736
1.248012
1.288772
1.297664
1.33838
1.375672
1.476276
1.511168
1.516112
1.528824
1.54096
1.54734
1.564052
1.69668
1.73408
1.888688
1.923872
2.008496
2.035804
2.053204
2.064152
2.1601
2.291812
2.293764
2.440824
2.50916
2.664448
2.720288
2.804408
2.82736
2.841768
2.86122
2.862952
2.896928
2.927756
2.97452
2.979936
2.985368
3.231616
3.375624
3.385656
3.405172
3.615032
3.656748
3.715188
3.760816
3.849256
3.854408
3.882296
3.911712
3.927188
3.953792
3.977132
4.06138
4.087436
4.115468
4.118968
4.26552
4.32874
4.3855
4.410812
4.459572
4.464152
4.468316
4.486836
4.526072
4.535428
4.582156
4.691088
4.774792
4.918236
5.002848
5.116672
5.411652
5.424032
5.625032
5.665928
5.709984
5.729392
5.73692
5.920228
5.947572
5.959696
6.040112
6.126556
6.201368
6.218408
6.288072
6.392184
6.398736
6.416468
6.458348
6.461148
6.593016
6.635784
6.714224
6.98058
7.059744
7.06958
7.198996
7.394444
7.426928
7.454636
7.582704
7.762092
7.844752
7.911608
7.954848
8.08252
8.109976
8.162792
8.188652
8.232216
8.277288
8.398412
8.419024
8.475884
8.501356
8.638224
8.640092
8.662816
8.68512
8.699584
8.761396
8.767452
8.86622
8.910548
9.002988
9.02246
9.098424
9.133512
9.229432
9.292504
9.338844
9.503052
9.726604
9.795204
9.874408
9.919052
9.94546
9.97768
10.045284
10.060032
10.100456
10.196864
10.334884
10.375404
10.429492
10.431384
10.510188
10.528328
10.564792
10.596008
10.619792
10.651452
10.690504
10.719532
10.759344
10.805084
10.930076
10.9326
10.957132
10.9914
11.0252
11.157488
11.179888
11.192748
11.253984
11.267084
11.300404
11.323504
11.395016
11.399536
11.408768
11.449512
11.479312
11.490944
11.519608
11.535944
11.570088
11.62368
11.632604
11.680264
11.716072
11.901028
12.068292
12.142532
12.160512
12.215236
12.267304
12.283108
12.346444
12.502912
12.662596
12.73702
12.846464
12.959764
12.962472
13.100444
13.152344
13.302484
13.495064
13.57064
13.59238
13.670468
13.710072
13.7508
13.795348
13.96328
13.978868
14.121592
14.237252
14.489392
14.549568
14.648824
14.726668
14.773024
14.849932
14.926036
14.93416
14.955668
15.056384
15.113144
15.213424
15.338784
15.352352
15.42518
15.42692
15.853548
15.883404
15.895136
15.922344
16.004264
16.087488
16.20864
16.238172
16.240444
16.369712
16.92076
17.081524
17.189416
17.3177
17.322
17.373464
17.516272
17.631304
17.646644
17.650496
17.65814
17.718696
17.731036
17.78754
17.82088
17.844784
17.945668
17.950936
17.98332
17.991776
18.002484
18.039532
18.061604
18.087224
18.089644
18.137256
18.162132
18.243664
18.257832
18.263076
18.365072
18.401616
18.459684
18.476256
18.552844
18.602736
18.674448
18.692624
18.753876
18.846092
18.97406
19.013796
19.130828
19.14426
19.242332
19.574088
19.653724
19.731108
19.820596
19.895396
20.026936
20.07666
20.115512
20.128832
20.154128
20.307628
20.367024
20.516984
20.539372
20.546072
20.605868
20.74758
20.793104
20.84126
20.867092
20.9372
20.953592
21.053596
21.064688
21.149692
21.337692
21.439904
21.444784
21.487684
21.581852
21.621664
21.80886
21.82886
21.913292
21.967524
22.045796
22.10178
22.109944
22.153884
22.19094
22.205328
22.288016
22.32886
22.487908
22.571568
22.607704
22.624936
22.627892
22.641132
22.7472
23.182404
23.568672
23.74542
23.751516
23.769824
23.837036
23.91248
24.008272
24.029012
24.070192
24.088888
24.202952
24.246756
24.395296
24.561096
24.571684
24.573712
24.594308
24.688896
24.71816
24.749988
24.771848
24.807384
24.855148
24.929116
24.935472
24.980536
25.030932
25.067908
25.202276
25.312588
25.333496
25.357624
25.379536
25.408888
25.443712
25.574372
25.733348
25.74112
25.755968
25.862888
25.882248
25.890056
25.912612
25.915532
25.962152
25.971368
25.977068
26.173952
26.26088
26.297328
26.318588
26.332724
26.373792
26.3852
26.443568
26.48612
26.55608
26.590844
26.707868
26.777516
26.892528
27.086328
27.096168
27.142844
27.198308
27.26764
27.348156
27.356068
27.434312
27.441176
27.511092
27.537292
27.557128
27.584016
27.728788
27.815044
28.026784
28.066616
28.197408
28.204168
28.212432
28.225112
28.34778
28.355232
28.364224
28.387476
28.41846
28.425396
28.450432
28.477944
28.526012
28.54838
28.770584
28.884124
28.902272
29.040976
29.047136
29.262924
29.292536
29.295088
29.332932
29.466196
29.481724
29.52366
29.545204
29.553364
29.62658
29.69148
29.70918
29.747996
29.860968
30.126004
30.178164
30.293096
30.333812
30.630492
30.636764
30.6553
30.830588
30.843636
30.861268
30.936136
30.98952
31.022368
31.02822
31.044812
31.187996
31.228784
31.25902
31.28646
31.305272
31.36258
31.40358
31.468152
31.48718
31.607088
31.666356
31.724484
31.734292
31.791628
31.794888
31.859364
31.883696
31.892492
32.050588
32.05644
32.066772
32.111296
32.178164
32.180004
32.187112
32.2486
32.322676
32.363532
32.37702
32.650132
32.670104
32.780668
32.783216
32.834612
32.905888
32.908084
33.074148
33.219732
33.326092
33.353364
33.409716
33.45128
33.454604
33.58226
33.58656
33.588664
33.646456
33.650712
33.654796
33.693096
33.891436
33.929284
33.953608
34.043008
34.252504
34.328452
34.354688
34.4039
34.485132
34.50994
34.533624
34.592752
34.623692
34.676456
34.691512
34.778612
34.838056
34.844236
34.893372
35.00912
35.025348
35.029052
35.106664
35.253856
35.264376
35.308784
35.540184
35.545612
35.589828
35.674848
35.772344
35.9262
35.974396
35.995516
36.021852
36.082488
36.169168
36.252568
36.331056
36.352468
36.400072
36.4183
36.429608
36.609764
36.792816
36.853464
36.906604
37.017568
37.02688
37.0539
37.069304
37.116516
37.120884
37.269488
37.315816
37.338704
37.536512
37.587084
37.617312
37.713588
37.773232
37.787804
37.804336
38.03736
38.195372
38.19776
38.427944
38.465824
38.528744
38.551188
38.566128
38.571484
38.58948
38.6199
38.653004
38.730148
38.7585
38.768496
38.808576
38.843792
38.913152
38.92864
38.960288
38.996448
39.2881
39.294624
39.426228
39.485016
39.511212
39.59858
39.747928
39.847512
39.858224
39.898424
39.928212
40.085332
40.256352
40.285284
40.338456
40.405216
40.450708
40.452596
40.505208
40.540644
40.54902
40.553956
40.573088
40.626312
40.655524
40.686264
40.717452
40.71942
40.735632
40.776832
40.7949
40.816532
40.82444
40.9523
40.961976
41.012764
41.068392
41.133084
41.145964
41.1808
41.248072
41.321668
41.406248
41.432676
41.487452
41.540836
41.65698
41.688296
41.753268
41.760108
41.861188
41.933756
41.937356
41.941744
41.944164
41.992532
42.001288
42.0231
42.107968
42.116088
42.134856
42.18768
42.221168
42.288992
42.33878
42.348848
42.458032
42.47152
42.511416
42.517304
42.580272
42.90958
42.981376
43.149968
43.18812
43.190688
43.23964
43.26976
43.464132
43.487228
43.550092
43.636732
43.67214
43.716944
43.726516
43.800704
43.96476
44.042812
44.08184
44.105184
44.136192
44.144356
44.186428
44.293332
44.3015
44.303316
44.353876
44.40308
44.498516
44.55254
44.57306
44.598632
44.645464
44.680032
44.724244
44.738716
44.840836
44.865096
44.87312
44.925772
44.948068
44.968544
45.006892
45.037884
45.35418
45.46908
45.480028
45.569508
45.586836
45.614044
45.716616
45.749044
45.798748
45.824544
45.929512
45.95396
46.049616
46.129148
46.47734
46.519096
46.61232
46.703288
46.707656
46.71952
46.745388
46.8012
46.892636
46.992108
46.99954
47.000856
47.075648
47.110936
47.148352
47.229488
47.24628
47.296764
47.3083
47.314408
47.396564
47.501732
47.56108
47.623192
47.658208
47.725436
47.733576
47.751932
47.81684
47.827036
47.856968
47.889336
47.948856
47.959372
48.05448
48.091204
48.12078
48.129088
48.170604
48.400132
48.44554
48.48256
48.49166
48.497504
48.649072
48.758508
48.819536
48.93392
48.951604
48.969544
48.993016
49.01796
49.33072
49.333776
49.428456
49.459724
49.517728
49.767356
49.77104
49.773452
49.799036
49.813924
49.904264
50.060448
50.229628
50.28902
50.309388
50.526932
50.546452
50.763832
50.89812
50.966712
51.006068
51.138792
51.233104
51.250064
51.317616
51.365272
51.413772
51.442876
51.592496
51.774952
51.789332
51.832404
51.8522
51.876356
51.952912
51.990772
51.993388
52.0308
52.039728
52.050376
52.091008
52.132188
52.154304
52.270168
52.279836
52.33732
52.44318
52.44976
52.556212
52.557668
52.561932
52.632996
52.705556
52.789408
52.83422
52.853032
52.86272
52.920756
52.954068
53.00604
53.090272
53.143596
53.260752
53.289244
53.314608
53.34264
53.475148
53.66462
53.735816
53.79814
53.83774
53.855408
54.005084
54.174688
54.195412
54.230032
54.267616
54.288636
54.307036
54.419164
54.446892
54.535656
54.609688
54.62388
54.76916
54.814732
54.825944
54.840416
54.893784
54.99858
55.108704
55.124376
55.265676
55.270448
55.2778
55.332164
55.402784
55.486744
55.507968
55.518704
55.551852
55.571632
55.62654
55.648576
55.811476
55.882992
55.920812
55.960232
56.026092
56.028924
56.134824
56.236828
56.258228
56.293964
56.347792
56.379736
56.447176
56.544404
56.6015
56.60488
56.693796
56.840348
56.910444
56.970024
57.031272
57.043648
57.203784
57.217516
57.242196
57.349904
57.35374
57.37326
57.392888
57.395724
57.510644
57.53348
57.61208
57.962176
58.007016
58.127248
58.164356
58.215472
58.274816
58.325176
58.336212
58.428468
58.4365
58.45632
58.594952
58.792592
58.801648
58.957716
59.131692
59.216536
59.2317
59.347592
59.429024
59.530196
59.583284
59.637044
59.645556
59.665668
59.7197
59.724452
59.72714
59.751096
59.75302
59.893552
59.962628
60.03608
60.176232
60.226008
60.2604
60.26534
60.411276
60.50422
61.038632
61.075352
61.15702
61.251084
61.429744
61.439444
61.541964
61.56638
61.8187
61.842008
61.879432
61.9648
61.9697
62.226132
62.246956
62.360324
62.43384
62.448164
62.515344
62.517316
62.596604
62.609856
62.968
63.22234
63.343632
63.370564
63.38496
63.407744
63.458672
63.462588
63.470992
63.501908
63.519464
63.713132
63.764088
63.809916
63.88748
63.93374
63.968312
64.034612
64.040024
64.160492
64.203948
64.413876
64.470028
64.525268
64.533932
64.552812
64.600252
64.709388
64.750912
64.856388
64.859944
64.883252
64.9607
64.994944
65.011064
65.102344
65.226568
65.277112
65.284696
65.28928
65.298476
65.342044
65.437144
65.495572
65.51866
65.569952
65.581128
65.6863
65.736036
65.743552
65.746552
65.762872
65.7751
65.845328
65.898752
65.9774
66.090472
66.151196
66.179804
66.195452
66.217328
66.300004
66.339664
66.399272
66.457308
66.569248
66.573076
66.622708
66.644164
66.657336
66.678428
66.740792
66.90508
66.910212
67.000492
67.150124
67.207352
67.336456
67.3728
67.502076
67.568524
67.597056
67.63292
67.66352
67.713164
67.762624
67.799112
67.802076
67.976204
67.981744
67.991016
68.0292
68.066052
68.074736
68.081188
68.125896
68.149772
68.200148
68.206996
68.241924
68.262388
68.273172
68.278792
68.282196
68.330108
68.377308
68.433216
68.473924
68.519828
68.6331
68.777624
68.8027
69.00846
69.0235
69.077036
69.135256
69.161576
69.184444
69.228648
69.277668
69.300568
69.329236
69.36094
69.392172
69.76206
69.794932
69.82272
69.843288
69.868384
69.920444
69.944484
70.024024
70.186036
70.229448
70.234044
70.354228
70.410844
70.45818
70.58306
70.639548
70.650892
70.746556
70.946048
71.016588
71.093392
71.103984
71.230032
71.385228
71.401896
71.40926
71.466392
71.574364
71.653124
71.681764
71.686084
71.695268
71.764936
71.852432
71.869048
71.894884
72.03606
72.080204
72.193656
72.232548
72.430848
72.446452
72.468816
72.487148
72.572468
72.791332
72.829896
72.857388
72.9007
73.047336
73.087544
73.26896
73.423288
73.429804
73.47532
73.500636
73.50336
73.511632
73.513336
73.677896
73.689172
73.721264
73.756172
74.016348
74.019268
74.053284
74.086752
74.118396
74.358196
74.375952
74.43822
74.450744
74.48966
74.504372
74.529816
74.609448
74.648692
74.66816
74.688472
74.7581
74.786008
74.793228
74.807012
74.80958
74.873132
74.892224
74.934888
75.03028
75.128684
75.213788
75.240208
75.297824
75.346608
75.372244
75.528276
75.796236
75.85326
75.997768
76.117464
76.182852
76.196588
76.198492
76.266388
76.452892
76.539204
76.5685
76.738472
76.74172
76.748112
76.764344
76.76898
76.804632
76.835052
76.863264
76.961472
77.023628
77.160424
77.190224
77.26776
77.419252
77.445684
77.459232
77.497316
77.503196
77.564092
77.668164
77.748148
77.770392
77.831296
77.882032
77.976952
78.004044
78.062384
78.232304
78.308208
78.509324
78.605636
78.872252
78.91698
78.941932
78.985088
79.04366
79.09726
79.180096
79.203084
79.223608
79.265576
79.332996
79.417444
79.5117
79.586032
79.681096
79.725536
79.922668
79.997696
80.107332
80.151564
80.282592
80.431672
80.473564
80.545808
80.569312
80.60046
80.6834
80.772968
80.796536
80.879216
80.908812
80.912588
80.992296
81.120444
81.187412
81.206108
81.312588
81.325436
81.353952
81.37106
81.462004
81.499932
81.54272
81.5572
81.609948
81.648132
81.69404
81.731708
81.795876
81.85028
81.89902
82.020512
82.116756
82.239712
82.303536
82.393824
82.4046
82.487224
82.568588
82.68372
82.686604
82.703168
82.813488
82.862184
82.928332
83.006972
83.081636
83.100664
83.12214
83.20646
83.253596
83.29676
83.334932
83.433368
83.707828
83.713628
83.783804
83.838832
83.910648
83.925308
83.9304
83.982964
84.112
84.116324
84.17986
84.185892
84.241216
84.244252
84.510392
84.855452
84.858236
84.916932
84.983576
85.031784
85.215716
85.311592
85.371832
85.384104
85.622672
85.873204
85.92706
85.994968
85.999652
86.077728
86.082424
86.084932
86.209056
86.2992
86.415928
86.418536
86.453
86.46428
86.476696
86.547184
86.636032
86.643456
86.654092
86.793952
86.871144
86.876368
86.925824
87.077248
87.103512
87.16448
87.172472
87.348852
87.361708
87.387716
87.489744
87.506944
87.56584
87.629224
87.750416
87.809288
87.831564
87.888516
88.027544
88.124812
88.154068
88.20322
88.226624
88.350668
88.379492
88.39804
88.519648
88.533384
88.53716
88.546468
88.5772
88.70806
88.734828
88.754096
88.933836
88.9477
88.98544
88.998956
89.035536
89.12398
89.126832
89.192736
89.292756
89.333676
89.441888
89.448244
89.506748
89.724008
89.7974
89.975396
90.093672
90.179124
90.245808
90.408584
90.42954
90.471872
90.577452
90.68492
90.713852
90.754084
90.852876
90.855532
90.885156
90.959308
91.117972
91.148828
91.219036
91.27526
91.36906
91.533176
91.538936
91.559888
91.772112
92.123828
92.141612
92.169444
92.190836
92.26134
92.27136
92.34588
92.366888
92.427344
92.490624
92.531292
92.543136
92.563404
92.604088
92.623148
92.648252
92.859184
92.884208
92.953548
92.97884
92.99974
93.043272
93.170732
93.200268
93.216856
93.236176
93.3435
93.35998
93.800016
93.818284
93.942636
94.123896
94.182836
94.464464
94.507152
94.55072
94.593672
94.611996
94.724772
94.788688
94.810916
94.916736
95.024384
95.067216
95.129508
95.240756
95.41934
95.45528
95.548748
95.604748
95.633996
95.67288
95.727484
95.739376
95.809428
96.17334
96.240072
96.251844
96.393208
96.413572
96.424628
96.448664
96.479864
96.603768
96.692644
96.749056
97.006304
97.104136
97.136628
97.212312
97.331356
97.414052
97.435624
97.628124
97.656744
97.804312
97.955592
97.966624
98.036428
98.048144
98.1127
98.140872
98.185168
98.200912
98.224476
98.237996
98.284952
98.30652
98.33184
98.485164
98.582644
98.662292
98.676888
98.857476
98.922384
98.941904
99.0966
99.121308
99.128576
99.272944
99.398352
99.445716
99.61698
99.621324
99.752116
99.76966
99.863484
99.878336
99.928508
99.9433
99.968824
100.153408
100.222352
100.269156
100.40654
100.63572
100.6802
100.685104
100.763392
100.790432
100.903384
100.921156
101.069024
101.141928
101.174368
101.258864
101.271072
101.313952
101.40902
101.432028
101.478736
101.518416
101.543296
101.563008
101.579256
101.591472
101.619904
101.666632
101.673072
101.740852
101.829844
101.969612
101.98826
102.02306
102.08198
102.168588
102.178436
102.197868
102.277952
102.283504
102.542692
102.564632
102.628984
102.646316
102.662652
102.817036
102.835244
102.934052
103.0159
103.119284
103.299328
103.313744
103.385792
103.526636
103.611616
103.690228
103.74066
103.953824
103.98922
103.995048
104.001576
104.028108
104.084496
104.203088
104.23552
104.253516
104.2734
104.4146
104.469272
104.54778
104.600084
104.627876
104.640744
104.64486
104.6578
104.66394
104.691644
104.760432
104.86648
104.9831
105.025228
105.227532
105.246184
105.296748
105.338788
105.345488
105.3571
105.36774
105.392912
105.417988
105.43072
105.448164
105.54478
105.583508
105.741492
105.76558
106.069324
106.124884
106.135748
106.350128
106.409652
106.440676
106.452116
106.586988
106.77982
106.800616
106.820236
106.944208
107.023308
107.062864
107.26526
107.310412
107.330552
107.52446
107.590304
107.60982
107.630696
107.935144
108.054716
108.300796
108.38118
108.393032
108.435928
108.737116
108.815924
108.830956
108.837416
109.234152
109.275608
109.345528
109.424032
109.470628
109.50418
109.557748
109.574296
109.6103
109.714228
109.899364
110.008944
110.214712
110.407672
110.641312
110.708184
110.726788
110.786288
111.057304
111.062664
111.080864
111.131404
111.203032
111.422808
111.452024
111.485632
111.491904
111.522292
111.531744
111.557392
111.617952
111.657944
111.718968
111.899896
111.904672
112.018208
112.0948
112.114324
112.154308
112.18196
112.193088
112.211832
112.234208
112.41936
112.554564
112.617936
112.662728
112.870652
112.900468
112.95548
113.033132
113.068804
113.222648
113.227824
113.244808
113.270476
113.289096
113.33
113.336096
113.395608
113.528256
113.595588
113.763368
113.825032
113.886612
114.211048
114.24768
114.2863
114.415268
114.422164
114.486872
114.508596
114.52878
114.59746
114.753656
114.860728
114.91478
114.956204
115.025316
115.383504
115.500808
115.54868
115.607852
115.636788
115.895936
116.04536
116.156572
116.201488
116.330848
116.635532
116.753184
116.794184
116.812156
116.917428
117.003428
117.025404
117.029216
117.132976
117.14456
117.281164
117.4041
117.418804
117.496148
117.60634
117.688696
117.9509
118.191248
118.212468
118.248764
118.382448
118.391852
118.429628
118.59884
118.603028
118.677748
118.690196
118.744688
118.790516
118.849468
118.926472
118.928908
119.00792
119.043476
119.0928
119.12226
119.146304
119.16616
119.169084
119.239436
119.38804
119.613128
119.879064
119.900732
119.915876
119.95608
119.970964
120.005728
120.038028
120.058544
120.118532
120.150104
120.154476
120.223808
120.25906
120.261448
120.285136
120.493936
120.545148
120.850796
120.929992
120.994004
121.040404
121.201064
121.220136
121.43262
121.443708
121.493808
121.590452
121.605732
121.64874
121.818048
122.195172
122.233012
122.271588
122.454928
122.499092
122.562864
122.619048
122.725072
122.880644
122.885788
122.904328
122.948448
122.98654
123.068924
123.265256
123.488712
123.491308
123.670968
123.751056
123.768204
123.76984
123.811888
123.857268
123.932976
123.992544
124.347108
124.615464
124.649064
124.664632
124.776244
124.868792
124.904716
124.958784
125.110372
125.278252
125.408908
125.521048
125.580364
125.688524
125.734804
125.769804
125.84174
126.022952
126.0504
126.304952
126.362836
126.408472
126.473272
126.501552
126.50412
126.752112
126.822256
126.830648
126.838928
126.884044
126.91018
127.00564
127.039456
127.158732
127.165212
127.175308
127.22836
127.338024
127.406028
127.469652
127.600292
127.758904
127.874884
127.944236
127.951812
127.96438
127.975116
127.985048
128.00056
128.313064
128.568712
128.644848
128.674896
128.854864
128.9551
128.974312
129.007744
129.052852
129.074468
129.08238
129.108884
129.259424
129.30434
129.368728
129.472144
129.608224
129.613728
129.615756
129.657932
129.759428
129.795856
129.823296
130.482296
130.513936
130.538576
130.568988
130.592596
130.67372
130.688572
130.692856
130.816044
130.82916
130.853064
130.934784
130.965364
130.970172
131.026068
131.082468
131.09422
131.110716
131.234108
131.2635
131.307808
131.34306
131.395496
131.42906
131.508736
131.513504
131.653744
131.698492
131.798832
131.953492
131.958028
132.009948
132.02826
132.056984
132.08352
132.160396
132.191624
132.213988
132.230944
132.260672
132.290188
132.307112
132.314416
132.326452
132.518408
132.78826
132.82308
132.911968
132.914748
133.12788
133.165192
133.241372
133.261728
133.298828
133.480704
133.602028
133.615
133.626476
133.661532
133.66966
133.678748
133.700612
133.722136
133.760576
133.896516
133.908352
133.941744
133.971332
134.200288
134.27174
134.345372
134.35186
134.359028
134.4103
134.43932
134.586348
134.638004
134.687208
134.729456
134.7893
134.808432
134.941448
134.987068
135.08976
135.238012
135.240268
135.30472
135.359764
135.369432
135.438464
135.7135
135.759992
135.764576
135.802852
135.949916
135.95474
136.026676
136.078156
136.08582
136.218716
136.308624
136.327128
136.3969
136.449584
136.597496
136.67656
136.71248
136.763628
136.84994
136.867812
136.899288
136.984952
137.2799
137.305224
137.349252
137.384872
137.39206
137.445472
137.467044
137.53238
137.56924
137.759768
137.774456
137.89388
137.897304
138.146144
138.248364
138.28484
138.414456
138.428188
138.444016
138.602804
138.666412
138.693548
138.695204
138.716636
138.774444
138.840912
138.912612
138.960428
139.08328
139.151472
139.15426
139.190092
139.238664
139.47216
139.495616
139.526332
139.607872
139.629532
139.639264
139.788484
139.793772
139.817132
139.906404
139.91566
139.9357
139.963456
140.006684
140.021592
140.070084
140.105524
140.119196
140.188328
140.2477
140.312324
140.331384
140.342624
140.366872
140.408284
140.574128
140.809912
140.838156
140.87624
140.951808
140.95608
140.964808
141.04914
141.186716
141.324696
141.380044
141.499828
141.625276
141.660344
141.85734
141.911984
141.919244
141.930012
142.193468
142.286264
142.4148
142.445624
142.482532
142.498748
142.621144
142.66092
142.745536
142.854092
142.961268
142.982772
143.029876
143.125572
143.146592
143.154236
143.166948
143.329992
143.3833
143.390564
143.429452
143.440928
143.59456
143.608548
143.688768
143.742644
143.747856
143.809672
143.845768
143.852872
143.879228
143.893148
144.075348
144.233896
144.396732
144.411
144.44016
144.457156
144.467376
144.566488
144.59268
144.617036
144.64232
144.652836
144.659332
144.828256
144.854652
144.863824
144.921076
144.953892
144.9788
145.000216
145.11066
145.352428
145.439908
145.447472
145.55914
145.58992
145.67576
145.677388
145.723848
145.902892
146.008848
146.094832
146.103096
146.185024
146.284348
146.29756
146.35518
146.367396
146.401492
146.405032
146.42252
146.695916
146.715596
146.785636
146.793872
146.82226
146.916408
146.924868
147.009768
147.032184
147.130284
147.269736
147.328076
147.347728
147.437048
147.443812
147.5093
147.52464
147.532104
147.582108
147.656092
147.704764
147.76548
147.787088
147.873384
147.914116
147.9248
148.079112
148.256648
148.293444
148.327624
148.420372
148.454992
148.775244
148.80262
148.824032
148.959152
148.977012
149.021536
149.063676
149.067748
149.069932
149.112308
149.12052
149.221096
149.302432
149.437516
149.443384
149.534412
149.640016
149.68448
149.9454
149.992864
150.123928
150.200116
150.20378
150.297044
150.404184
150.419724
150.439988
150.457616
150.567004
150.614896
150.766768
150.87186
150.989668
151.082564
151.177452
151.204648
151.303056
151.32886
151.373876
151.384904
151.556648
151.702304
151.79366
151.822548
151.882644
151.97992
152.11844
152.123216
152.19234
152.255432
152.322496
152.356136
152.388448
152.521184
152.5628
152.587688
152.604072
152.722624
152.849924
152.901212
152.921684
153.040936
153.045276
153.085832
153.16224
153.243536
153.31586
153.382736
153.468992
153.532012
153.688836
153.700544
153.707332
153.721428
153.75754
153.77258
153.930652
154.050212
154.058468
154.068508
154.093292
154.192168
154.199476
154.216892
154.229688
154.23416
154.385392
154.392336
154.425528
154.472264
154.55762
154.61868
154.633132
154.7439
154.763464
154.77784
154.85268
154.869836
154.957268
155.1404
155.15318
155.16632
155.221668
155.22674
155.24246
155.304824
155.333248
155.350368
155.486408
155.615676
155.704092
155.745604
155.822732
155.86196
155.922752
155.944704
156.000988
156.00296
156.129192
156.143628
156.214008
156.32638
156.410608
156.434444
156.44482
156.493392
156.501784
156.529056
156.665548
156.7168
156.736308
156.75012
156.775476
156.806468
156.814836
156.846316
156.909788
156.934968
156.991736
157.009212
157.128368
157.307952
157.383552
157.528296
157.59616
157.602928
157.66308
157.69806
157.728272
157.86334
157.974492
158.07434
158.159756
158.186932
158.205704
158.215252
158.383136
158.410852
158.4457
158.448328
158.491652
158.534936
158.565684
158.650724
158.895376
158.927724
158.981644
159.069356
159.118476
159.177008
159.209584
159.242212
159.287704
159.300608
159.326328
159.470392
159.616976
159.656172
159.663324
159.667464
159.711024
159.732664
159.742656
159.75056
159.769392
159.807176
159.881568
159.983432
159.99986
160.407692
160.55892
160.568756
160.599496
160.67726
160.722568
160.740276
160.745956
160.92498
160.954064
161.08696
161.089588
161.258864
161.369604
161.505128
161.53184
161.606732
161.723952
161.736704
161.756348
161.782588
161.784668
161.847928
161.854092
161.885912
161.888464
161.967724
162.068508
162.087256
162.10564
162.411052
162.448676
162.459252
162.498668
162.558164
162.63036
162.757676
162.764952
162.801852
162.831616
162.843776
162.854428
162.90872
163.03938
163.09736
163.260144
163.294312
163.309668
163.360264
163.381092
163.404556
163.410352
163.653092
163.658588
163.677612
163.703596
163.741608
163.88424
163.927276
164.039432
164.044488
164.0899
164.128
164.290804
164.34146
164.417656
164.43536
164.580012
164.585896
164.60152
164.628864
164.705972
164.775976
164.840824
164.964572
165.055428
165.225256
165.227904
165.34636
165.454816
165.45998
165.499508
165.624776
165.627132
165.64988
165.745356
165.776596
165.785784
165.87936
165.910712
165.918608
166.054404
166.16
166.241432
166.287736
166.37202
166.37404
166.414756
166.434568
166.536832
166.58644
166.609708
166.626628
166.785444
166.83848
166.866372
166.876724
166.908448
166.98208
167.199732
167.405664
167.411604
167.507884
167.512932
167.540492
167.56844
167.655784
167.675904
167.77486
167.777472
167.860992
167.900644
168.023072
168.093368
168.106748
168.269344
168.34208
168.36896
168.41018
168.53206
168.732864
168.743416
168.786808
169.158256
169.203432
169.259744
169.352332
169.373404
169.585792
169.685784
169.731184
169.744188
169.804136
169.97138
170.026256
170.107744
170.115728
170.276244
170.385792
170.391596
170.448492
170.518132
170.56522
170.660128
170.909492
171.040816
171.093824
171.107792
171.116392
171.138528
171.162956
171.215348
171.272224
171.2933
171.324824
171.360704
171.472352
171.58408
171.619
171.635436
171.729152
171.740804
171.785536
171.7873
171.941136
171.963128
172.055544
172.12872
172.164804
172.17106
172.183448
172.21824
172.2297
172.270024
172.312596
172.314896
172.33538
172.355532
172.399772
172.49776
172.553232
172.567056
172.85228
172.892008
172.906256
172.951316
173.369088
173.380672
173.398572
173.46698
173.488564
173.526884
173.550912
173.564448
173.607508
173.654388
173.656296
173.668804
173.706912
173.75774
173.798708
173.808732
173.904252
174.198384
174.2594
174.322156
174.505968
174.550052
174.582712
174.63834
174.665028
174.706564
174.719292
174.89334
174.967424
174.989512
175.020984
175.12948
175.176716
175.252668
175.356076
175.35868
175.401984
175.414828
175.434876
175.561596
175.986844
176.086464
176.105924
176.222748
176.386868
176.451188
176.46498
176.574036
176.654044
176.663272
176.732892
176.736628
177.007952
177.086056
177.112644
177.166076
177.185784
177.215976
177.337752
177.373728
177.390192
177.494272
177.502416
177.532232
177.54018
177.750724
177.91728
177.997176
178.111616
178.253268
178.31072
178.340056
178.366108
178.373496
178.456172
178.536336
178.643148
178.696048
178.954768
179.034536
179.189408
179.301156
179.406276
179.54798
179.563992
179.665328
179.730824
179.732976
179.770096
179.829708
179.83402
179.889836
179.992532
180.006028
