0.052428
0.108436
0.139276
0.143444
0.164564
0.19128
0.226376
0.228448
0.24654
0.268012
0.283764
0.313044
0.333276
0.369944
0.480236
0.496292
0.528316
0.7038
0.761712
0.919576
1.023776
1.111008
1.16752
1.236676
1.316028
1.322216
1.379424
1.504232
1.537036
1.576712
1.625432
1.691924
1.840336
2.039148
2.101872
2.148584
2.15228
2.198244
2.39282
2.531316
2.605132
2.711288
2.721848
2.857676
2.905
2.968972
3.373048
3.407576
3.441816
3.460612
3.494384
3.501576
3.52926
3.530936
3.626324
3.827428
3.90294
3.941036
3.992556
4.026004
4.236176
4.44898
4.510808
4.527972
4.538588
4.612668
4.705908
4.733512
4.793324
4.850164
4.900408
4.936208
5.114592
5.12562
5.21138
5.350588
5.449144
5.459464
5.482376
5.651568
5.673224
5.681544
5.781388
5.784724
5.870252
5.877372
5.879948
5.9047
5.95106
5.978644
6.012156
6.3755
6.458344
6.506968
6.609744
6.673892
6.857108
6.905188
6.990924
7.020812
7.159868
7.240852
7.3437
7.521504
7.62446
7.696768
7.982324
7.987688
7.99378
8.022332
8.057012
8.077756
8.079548
8.084888
8.111804
8.123324
8.152296
8.218136
8.2751
8.448888
8.509364
8.566688
8.614884
8.71548
8.754156
8.85192
8.947064
9.200316
9.255172
9.420512
9.509692
9.521676
9.59914
9.65324
9.708544
9.723996
9.80186
9.823044
9.988976
10.10376
10.134372
10.225488
10.254712
10.315148
10.396936
10.42842
10.581796
10.628836
10.80612
10.825104
10.861768
10.9099
11.016396
11.063724
11.1138
11.299068
11.409152
11.479868
11.692748
11.804664
11.838916
11.869216
11.93658
12.005676
12.150524
12.348808
12.362904
12.46248
12.53866
12.560076
12.573792
12.75146
12.753612
12.883048
12.90052
12.919604
12.933164
12.980536
13.034508
13.070088
13.112384
13.13996
13.15728
13.224428
13.380432
13.402932
13.436468
13.502172
13.580844
13.584548
13.685116
13.742128
13.85112
13.931972
13.963796
13.973884
13.98842
14.014944
14.074096
14.09438
14.105492
14.10986
14.159008
14.311972
14.332748
14.38034
14.416112
14.448988
14.4591
14.496848
14.593508
14.693836
14.745136
14.7482
14.764564
14.790376
14.800332
14.812524
14.815408
14.971044
15.028284
15.100696
15.12334
15.184264
15.230664
15.349788
15.395832
15.413416
15.477996
15.490528
15.518588
15.531604
15.58626
15.63812
15.702516
15.957892
16.045152
16.093692
16.103116
16.191212
16.209032
16.258268
16.27198
16.289844
16.3114
16.388992
16.397392
16.410944
16.4252
16.435012
16.521476
16.532048
16.54448
16.58582
16.588272
16.712472
16.722432
16.7813
16.800376
16.904012
16.957728
16.962212
17.100312
17.10216
17.12504
17.1518
17.297656
17.387212
17.419444
17.427052
17.494868
17.510836
17.62098
17.652308
17.657248
17.812032
17.887316
17.999432
18.196312
18.260068
18.262556
18.41358
18.424692
18.44056
18.496056
18.620308
18.68248
18.713872
18.81582
18.847332
18.91062
18.920444
18.951376
19.04502
19.13838
19.18436
19.186632
19.290536
19.334852
19.384396
19.407252
19.621192
19.675452
19.755412
19.953272
19.99074
19.99942
20.014204
20.026604
20.044616
20.050544
20.0762
20.128644
20.189008
20.24976
20.287772
20.353688
20.491292
20.570768
20.66442
20.674388
20.710384
20.719028
20.846376
20.882968
20.964448
21.007732
21.116768
21.13494
21.139444
21.207108
21.28606
21.289828
21.455044
21.544892
21.555072
21.592436
21.598828
21.696384
21.820612
21.882264
22.080844
22.112228
22.14436
22.25596
22.293472
22.305548
22.479156
22.491392
22.533992
22.653084
22.676452
22.680176
22.798164
22.848792
22.883004
22.902196
23.097148
23.107356
23.135852
23.183168
23.209916
23.304748
23.406724
23.583756
23.608892
23.615228
23.654436
23.70326
23.758708
23.835196
23.870184
23.973424
24.053576
24.0561
24.236576
24.260332
24.283228
24.323488
24.336448
24.4157
24.520904
24.577484
24.59152
24.628304
24.793992
24.849892
24.897676
24.978804
24.9982
25.074908
25.247576
25.275788
25.3021
25.314252
25.37128
25.461188
25.466548
25.51016
25.524156
25.705696
25.719536
25.737556
25.75098
25.8824
25.903576
26.045976
26.056076
26.1246
26.373456
26.54906
26.641764
26.6602
26.785516
26.813368
26.879884
26.889276
26.942312
26.961
26.9726
27.067188
27.231796
27.237672
27.254548
27.46342
27.483192
27.521524
27.707944
27.71706
27.813128
27.889024
27.934008
27.985052
27.992788
27.99784
28.005888
28.204464
28.227428
28.24474
28.32886
28.43474
28.459596
28.603796
28.643904
28.765568
28.79142
28.844212
28.96716
29.011264
29.068056
29.145444
29.152736
29.376512
29.495576
29.530512
29.541216
29.638036
29.67874
29.733964
29.75844
29.766556
29.801776
29.842684
29.875892
30.016644
30.057188
30.136756
30.166712
30.190096
30.195184
30.2089
30.36544
30.42448
30.438396
30.633132
30.675316
30.729656
30.904348
30.93866
30.9657
31.059012
31.15758
31.204064
31.221552
31.363012
31.403436
31.451528
31.47406
31.538048
31.598852
31.688604
31.930748
31.939396
31.953564
31.991468
32.014976
32.165728
32.236972
32.266684
32.323632
32.452664
32.488116
32.540168
32.64876
32.711072
32.860608
32.947584
32.975264
33.039184
33.048916
33.167564
33.239268
33.453444
33.50384
33.879492
33.925944
33.944604
33.9531
34.028544
34.054024
34.112756
34.280784
34.3362
34.349236
34.36864
34.384116
34.419932
34.437444
34.439104
34.465308
34.594304
34.821004
34.843568
34.905456
34.91976
34.996552
35.004564
35.026936
35.09576
35.141484
35.278604
35.310912
35.4039
35.410812
35.486296
35.632956
35.703948
35.797336
35.86598
35.985092
36.056308
36.129752
36.218416
36.300832
36.312492
36.343568
36.40996
36.430044
36.5252
36.57642
36.601224
36.61788
36.722432
36.763144
36.888608
36.925136
36.928524
36.962772
37.082108
37.279328
37.293344
37.334696
37.349328
37.48928
37.500504
37.74204
37.772616
37.78358
37.795308
37.849316
37.900892
37.91814
38.020644
38.049452
38.129352
38.2143
38.225
38.437712
38.507572
38.552896
38.73048
38.825088
38.832548
38.8524
38.857956
38.875472
39.118224
39.38036
39.441888
39.45004
39.473812
39.489432
39.577136
39.579684
39.7112
39.723432
39.840028
39.85596
39.93052
39.95222
40.029904
40.039596
40.103028
40.18418
40.336016
40.342652
40.379716
40.459992
40.479756
40.518012
40.5404
40.725508
40.745336
41.069896
41.09264
41.102644
41.191088
41.294808
41.33044
41.412252
41.422992
41.563192
41.6263
41.660984
41.684248
41.858724
41.88428
42.0146
42.082472
42.13308
42.145192
42.227716
42.252764
42.445908
42.468756
42.587872
42.596724
42.636724
42.6436
42.902872
42.957404
42.992652
43.11766
43.133116
43.153296
43.188816
43.251824
43.308232
43.565088
43.6607
43.756892
43.81004
43.8307
43.84022
43.903752
43.943056
44.003204
44.087916
44.17586
44.224036
44.317732
44.42016
44.51488
44.564836
44.667904
44.836056
44.840032
44.905824
44.919596
44.956988
45.09172
45.123516
45.128404
45.149072
45.155912
45.165184
45.253668
45.32652
45.405056
45.44964
45.515796
45.573472
45.62496
45.690876
45.711812
45.757092
45.778028
45.786304
45.843188
45.916612
46.030552
46.05022
46.149764
46.235112
46.245932
46.351012
46.36906
46.374252
46.443016
46.456144
46.489832
46.596252
46.835512
46.861764
46.981076
47.029332
47.129508
47.267336
47.34002
47.376868
47.47758
47.513736
47.554476
47.584864
47.622492
47.892648
47.91828
48.008324
48.05936
48.21728
48.423392
48.471156
48.504736
48.522176
48.578204
48.59358
48.618864
48.700304
48.713664
48.741316
48.764816
48.781852
48.952324
49.007188
49.105588
49.109288
49.218572
49.265344
49.429444
49.480864
49.570904
49.580716
49.598388
49.685424
49.708084
49.886648
49.89806
49.905948
49.96454
49.989088
50.022068
50.0716
50.077188
50.1196
50.2086
50.241644
50.246156
50.306596
50.409156
50.585764
50.622028
50.655244
50.664824
50.705144
50.762448
50.776284
50.779884
50.945036
50.987312
51.196964
51.271448
51.301544
51.306036
51.4124
51.420068
51.424988
51.50424
51.617956
51.727388
51.730376
51.876288
51.879448
51.991976
52.044168
52.09876
52.16474
52.231392
52.302312
52.314912
52.380648
52.445828
52.458756
52.535536
52.554264
52.557788
52.62328
52.648496
52.681284
52.69216
52.82156
52.847768
52.909508
53.005172
53.101688
53.114536
53.165396
53.212716
53.287036
53.333552
53.40146
53.418708
53.568488
53.605436
53.61408
53.665564
53.721192
53.742448
53.747028
53.931556
54.14294
54.151644
54.214284
54.323604
54.393392
54.404344
54.656112
54.685276
54.727148
54.72992
54.757192
54.794408
54.879528
54.898752
54.965384
54.979752
55.024664
55.090764
55.121696
55.213272
55.215452
55.370484
55.393496
55.506056
55.555368
55.646428
55.656668
55.66876
55.688092
55.80012
55.859144
55.885276
55.897708
55.926872
55.941388
55.969348
56.023236
56.205124
56.303436
56.583608
56.585752
56.590872
56.636088
56.674016
56.71264
56.764484
56.782964
56.80012
56.875096
56.896084
56.929904
56.93374
56.956352
56.978332
57.086316
57.10122
57.102456
57.106436
57.20326
57.253512
57.267696
57.272576
57.280448
57.341564
57.533928
57.577528
57.602764
57.632332
57.68616
57.887348
57.929608
58.019668
58.03386
58.08158
58.171416
58.205448
58.272356
58.325676
58.352428
58.362188
58.491
58.5029
58.594768
58.60424
58.672352
58.674104
58.724288
58.790792
58.889588
59.022848
59.081592
59.122468
59.154128
59.2327
59.397296
59.42548
59.524212
59.588036
59.65086
59.664424
59.771612
59.86272
59.981688
60.042612
60.046444
60.232952
60.259964
60.283904
60.317352
60.338604
60.496424
60.558272
60.753216
60.765024
60.919768
60.933416
61.012344
61.014844
61.038244
61.044268
61.05214
61.203192
61.261564
61.263656
61.286432
61.31698
61.345436
61.36728
61.397916
61.450092
61.554488
61.580344
61.776688
61.960392
61.995312
62.202368
62.266332
62.309424
62.389016
62.431484
62.508664
62.576916
62.69718
62.71162
62.728052
62.739436
62.808476
62.874828
62.973212
62.976012
63.074404
63.120108
63.208372
63.426412
63.504416
63.57978
63.58386
63.660272
63.754696
63.772572
63.921788
63.983644
64.054428
64.085692
64.088252
64.152264
64.201964
64.230112
64.301836
64.341576
64.412276
64.417488
64.4469
64.449328
64.496392
64.507464
64.52482
64.576916
64.595184
64.64832
64.710404
64.7225
64.758116
64.801436
65.04014
65.091728
65.156828
65.422152
65.428796
65.485764
65.625212
65.656152
65.669164
65.78322
65.936632
65.952192
65.953844
65.967872
65.97748
65.979516
66.054512
66.084916
66.1291
66.32276
66.345412
66.389724
66.447372
66.475576
66.51478
66.604308
66.65394
66.821652
66.900376
66.925004
67.010504
67.033212
67.251288
67.278424
67.384268
67.398988
67.492964
67.539156
67.692628
67.835124
67.8404
67.880248
67.919376
67.94182
68.176628
68.191776
68.328476
68.363896
68.390524
68.398684
68.50816
68.586044
68.599808
68.60962
68.621376
68.62648
68.649012
68.764596
68.772052
68.801996
68.90202
69.0989
69.320308
69.556408
69.5705
69.7089
69.712116
69.772924
69.849216
69.92034
70.007652
70.040036
70.098264
70.172896
70.182924
70.192656
70.336988
70.373
70.390404
70.507056
70.551516
70.731256
70.898152
70.911528
70.97918
71.08336
71.11104
71.123244
71.234844
71.619684
71.63668
71.67838
71.721292
71.724348
71.739568
71.823364
71.85298
71.908924
71.969436
71.994932
72.073788
72.129012
72.273352
72.29036
72.362092
72.40114
72.469224
72.494736
72.502996
72.657832
72.910476
72.956488
72.962472
73.026536
73.03868
73.088268
73.111968
73.15662
73.189804
73.205016
73.252792
73.275496
73.325932
73.345324
73.382116
73.429824
73.49942
73.501812
73.541524
73.763248
73.909064
73.919264
74.009484
74.126924
74.13944
74.185596
74.219176
74.280972
74.318348
74.388708
74.460032
74.54676
74.586076
74.610456
74.677368
74.700208
74.771052
74.904112
74.920956
74.933016
74.937264
75.054448
75.096112
75.224488
75.267852
75.336612
75.34184
75.371976
75.384336
75.420024
75.441192
75.481444
75.485488
75.4887
75.50344
75.739972
75.796768
75.84162
75.843484
76.079652
76.098532
76.261928
76.292036
76.294508
76.373004
76.440944
76.460528
76.5257
76.60246
76.782216
76.789512
77.0532
77.135416
77.16438
77.292736
77.305396
77.319188
77.324372
77.642424
77.700544
77.790856
77.933804
77.936872
77.97696
78.103456
78.174488
78.293888
78.308156
78.33008
78.352532
78.418808
78.481596
78.495228
78.50932
78.592792
78.785404
78.787304
78.829936
78.868856
78.936804
79.008832
79.066232
79.097044
79.123168
79.376808
79.49928
79.53336
79.565216
79.652072
79.728036
79.737384
79.810272
79.834944
79.8415
80.195144
80.201504
80.33938
80.369044
80.424316
80.503532
80.509212
80.5371
80.54558
80.589476
80.612736
80.73732
80.821492
80.824756
80.907056
80.950988
81.098952
81.154816
81.164504
81.213164
81.224952
81.293784
81.325944
81.35704
81.4317
81.456532
81.615204
81.83312
81.942948
81.991712
82.103892
82.162892
82.169464
82.312412
82.324928
82.346204
82.358676
82.361328
82.497512
82.534968
82.553584
82.695088
82.69718
82.747552
82.82584
82.945124
82.95634
82.990764
83.10442
83.124276
83.233772
83.236708
83.256608
83.283088
83.288696
83.35054
83.46212
83.478868
83.480692
83.521944
83.621208
83.637804
83.802924
83.8503
83.853396
83.916984
83.988928
84.073904
84.113616
84.169056
84.190364
84.206872
84.246932
84.296312
84.363044
84.380064
84.418356
84.437004
84.548484
84.559132
84.578744
84.597096
84.653172
84.75456
84.773152
84.795476
84.865936
84.891612
85.020888
85.054252
85.084232
85.211196
85.22344
85.52356
85.55546
85.58442
85.62728
85.707664
85.941032
86.13332
86.181128
86.347148
86.405676
86.45982
86.4636
86.466588
86.514276
86.606096
86.673272
86.698612
86.756412
86.763136
86.769
86.806512
86.824932
86.973924
87.02272
87.060108
87.077756
87.312328
87.32032
87.369488
87.504792
87.518824
87.563504
87.597876
87.727844
87.791016
87.864472
87.901552
87.91268
88.071816
88.136112
88.199464
88.241348
88.250988
88.272312
88.322016
88.530496
88.541
88.551556
88.662428
88.742908
88.829784
89.042872
89.166484
89.35146
89.384212
89.727436
89.743144
89.774284
89.844496
89.979788
90.009248
90.025448
90.098364
90.108456
90.152792
90.176676
90.214492
90.458368
90.563388
90.643812
90.753044
90.814016
90.846056
90.897516
90.956408
90.987252
91.05578
91.145208
91.150964
91.3033
91.322992
91.434484
91.482008
91.534992
91.569472
91.725208
91.804548
91.874444
91.953412
92.005424
92.086768
92.214572
92.227544
92.247436
92.277196
92.317032
92.729208
92.78446
92.833928
92.86362
92.959504
93.058328
93.183204
93.28866
93.389124
93.503228
93.613496
93.615644
93.649676
93.687464
93.766364
93.863728
93.964284
94.151356
94.179484
94.248476
94.302168
94.323192
94.409788
94.44938
94.568528
94.572136
94.575656
94.650308
94.655364
94.724644
94.826872
94.889596
95.065376
95.19346
95.373536
95.388192
95.410068
95.50074
95.514072
95.575288
95.630952
95.83782
96.03588
96.08018
96.152088
96.158148
96.29868
96.307876
96.483132
96.526912
96.636968
96.675608
96.688616
96.927492
96.935992
96.99096
97.135416
97.381572
97.3974
97.429684
97.54708
97.5691
97.589344
97.633544
97.733448
97.7445
97.754832
97.925952
97.966512
98.047632
98.114932
98.12706
98.183008
98.217708
98.263968
98.33128
98.335632
98.354764
98.373928
98.414012
98.462704
98.529956
98.5397
98.597244
98.722124
98.766716
98.808692
98.858528
98.901972
98.944096
98.996712
99.050428
99.131036
99.1648
99.259452
99.48932
99.566536
99.609244
99.70144
99.75758
99.86982
99.8872
99.94076
99.970612
100.18184
100.190068
100.197264
100.206128
100.22228
100.259788
100.277156
100.287976
100.406376
100.474196
100.53098
100.634272
100.73836
100.773856
100.775552
100.78338
100.864108
100.918708
100.97362
101.05536
101.082696
101.12374
101.131068
101.231576
101.239428
101.242316
101.3
101.30524
101.307856
101.346124
101.365
101.3728
101.385008
101.408152
101.41176
101.418012
101.505336
101.615048
101.646256
101.658764
101.793048
101.844256
101.85866
101.915628
101.965384
102.019632
102.067724
102.070704
102.091948
102.174316
102.17668
102.184168
102.187364
102.2553
102.282964
102.37936
102.389616
102.583244
102.663404
102.843488
102.869464
102.993756
103.128928
103.173556
103.197836
103.253992
103.261596
103.491192
103.566924
103.674296
103.688792
103.691584
103.766028
103.799956
103.81872
103.894812
104.073568
104.119956
104.253328
104.274032
104.30814
104.360108
104.365356
104.381724
104.562048
104.567168
104.602832
104.682892
104.69548
104.730292
104.782164
104.899048
104.979272
104.983772
105.03146
105.054592
105.066304
105.070728
105.216776
105.254088
105.324816
105.331744
105.428332
105.498588
105.52618
105.538156
105.606044
105.681124
105.68648
105.825652
105.91044
105.984768
106.049504
106.109516
106.181276
106.186752
106.194268
106.2238
106.261908
106.360336
106.498604
106.613756
106.62456
106.702208
106.722644
106.75422
106.786584
106.794816
106.883672
106.92674
106.936384
106.9541
106.991208
107.068
107.07818
107.112556
107.13764
107.14234
107.23752
107.248512
107.258632
107.285448
107.341232
107.471372
107.5082
107.592216
107.608804
107.64998
107.727072
107.814888
107.818968
107.88012
107.991336
107.997308
108.008772
108.05268
108.090744
108.09272
108.10454
108.238024
108.26142
108.422592
108.426432
108.438144
108.45346
108.466772
108.469768
108.56942
108.65958
108.670916
108.707616
108.819192
108.875988
108.890236
108.939748
108.950036
108.966852
108.989228
109.139616
109.211648
109.257576
109.30882
109.31952
109.40236
109.452704
109.475
109.613332
109.66134
109.78554
109.91948
109.931724
109.95946
110.094644
110.112488
110.36068
110.383068
110.44164
110.514544
110.529852
110.79582
110.81186
110.872008
110.937576
110.957872
110.9843
111.039868
111.146188
111.184488
111.350748
111.358904
111.411624
111.480708
111.542716
111.57104
111.594324
111.604144
111.6443
111.646332
111.676928
111.777908
111.811952
111.883456
111.906192
111.970816
112.049008
112.103368
112.151612
112.38052
112.443732
112.490112
112.498332
112.511884
112.655284
112.68744
112.746856
112.78812
112.911696
112.935976
112.988524
113.070092
113.162564
113.228452
113.38384
113.39928
113.558116
113.644572
113.707328
113.790944
113.795512
113.873736
113.991028
114.17622
114.352932
114.464804
114.518764
114.605668
114.727128
114.825856
114.87242
114.890684
114.91378
114.93078
115.0052
115.152444
115.28032
115.28312
115.352768
115.378776
115.524572
115.57612
115.626404
115.642908
115.8255
115.926664
115.987612
116.016464
116.073268
116.235876
116.25882
116.342616
116.399496
116.506384
116.561548
116.583484
116.681788
116.723028
116.782816
116.833172
116.90868
116.913776
116.964244
116.972176
116.986028
117.049968
117.111112
117.170128
117.334764
117.411276
117.528448
117.72378
117.734048
117.895004
117.927984
118.01496
118.048436
118.051852
118.17166
118.281488
118.2879
118.297844
118.319848
118.329636
118.500512
118.605156
118.687424
118.773376
118.957536
118.966112
119.054816
119.062084
119.091412
119.153768
119.323948
119.333544
119.437272
119.490824
119.555952
119.564004
119.586744
119.628276
119.647144
119.760636
119.794184
119.853656
119.85708
119.86768
119.884436
119.959792
120.029008
120.3032
120.319448
120.339052
120.445304
120.47846
120.538488
120.575208
120.678064
120.681028
120.712472
120.8273
120.9047
120.960492
120.962892
121.091604
121.117792
121.17096
121.183772
121.248584
121.30364
121.403104
121.455732
121.507076
121.521176
121.54032
121.55102
121.68752
121.757512
121.796296
121.824104
121.853344
121.898756
121.959496
121.968552
122.019788
122.030468
122.114536
122.189824
122.207428
122.230688
122.320412
122.324516
122.326756
122.405952
122.433716
122.49106
122.493444
122.541472
122.550504
122.569448
122.682932
122.764076
122.79994
122.831916
122.921244
123.098824
123.25822
123.305644
123.36666
123.393076
123.442792
123.558844
123.611192
123.673804
123.71374
123.796196
123.808576
123.933064
123.966228
124.035224
124.097564
124.20654
124.339948
124.372944
124.5426
124.545588
124.773096
124.836172
124.94656
125.030716
125.039296
125.088796
125.102752
125.10932
125.117828
125.137932
125.154356
125.173668
125.5002
125.624204
125.642392
125.68146
125.765704
125.850028
125.901864
125.99574
126.094112
126.227792
126.248492
126.340652
126.398844
126.406388
126.471652
126.561388
126.5945
126.764192
126.77558
126.79364
126.80308
126.932784
127.064948
127.123944
127.186656
127.25662
127.347276
127.411672
127.415148
127.54776
127.577796
127.653528
127.678744
127.725316
127.743348
127.909256
127.956936
127.972092
128.037196
128.216788
128.257804
128.371568
128.462632
128.472232
128.657972
128.67394
128.890636
128.996484
129.075212
129.087696
129.174524
129.184148
129.266124
129.464412
129.478288
129.4856
129.531312
129.61616
129.690984
129.693048
129.7753
129.817752
129.825588
129.879424
129.882812
129.939476
129.995864
130.015936
130.103152
130.106472
130.498352
130.571656
130.678372
130.743124
130.895056
130.923664
131.037816
131.102872
131.263128
131.299156
131.404184
131.410412
131.445076
131.532224
131.545292
131.569496
131.696692
131.809884
131.8123
131.834288
131.857688
131.933152
131.936524
131.93908
131.96238
132.020236
132.053128
132.05728
132.065292
132.089132
132.129752
132.143556
132.160644
132.197292
132.23236
132.234792
132.331208
132.386188
132.424472
132.468668
132.471956
132.529584
132.634312
132.711048
132.825852
132.903728
133.131804
133.223604
133.346568
133.352336
133.464884
133.63546
133.64216
133.7123
133.725696
133.786668
133.794244
133.857052
133.942836
133.971348
134.051812
134.069876
134.226904
134.265404
134.288808
134.330712
134.370412
134.415628
134.461944
134.484736
134.629904
134.698328
134.715532
134.742536
134.871964
134.924008
134.981856
135.086492
135.131032
135.205404
135.369116
135.448704
135.454768
135.457012
135.473556
135.493572
135.504532
135.53018
135.749292
135.78642
135.855116
135.871
135.982812
136.024916
136.051452
136.130856
136.137688
136.315444
136.344164
136.605968
136.648652
136.755636
136.799844
137.03452
137.039096
137.121064
137.125624
137.246792
137.3534
137.597884
137.637904
137.65632
137.746116
137.790788
137.841684
137.845132
137.882816
138.072484
138.173988
138.262944
138.2708
138.275192
138.3735
138.454252
138.51654
138.53538
138.662768
138.767216
138.918612
138.940572
138.953832
139.010488
139.296668
139.326216
139.366916
139.391328
139.4066
139.831756
139.947004
139.989184
140.09598
140.09884
140.125136
140.235304
140.258988
140.290276
140.326696
140.344356
140.354724
140.384632
140.409564
140.434288
140.516588
140.561952
140.680492
140.811056
140.908272
140.919264
140.992828
141.040816
141.097196
141.134964
141.148428
141.16882
141.20376
141.224812
141.248708
141.294004
141.32834
141.356792
141.40874
141.439432
141.457328
141.506624
141.522188
141.53352
141.602752
141.62168
141.64804
141.73446
141.87322
142.222488
142.338588
142.352908
142.358244
142.390252
142.42688
142.476208
142.523268
142.592604
142.924816
142.996464
143.127852
143.17372
143.228916
143.332656
143.40992
143.442956
143.564428
143.571472
143.614084
143.772772
143.798636
143.840836
143.866248
143.873476
143.927344
143.930572
144.013488
144.076392
144.12092
144.267288
144.289912
144.366492
144.371256
144.473472
144.524992
144.54208
144.59684
144.658328
144.72292
144.797436
144.80208
144.824464
144.876264
144.891832
144.956256
144.993044
145.002016
145.083068
145.088108
145.129732
145.224412
145.327992
145.397784
145.401324
145.461524
145.482908
145.511228
145.519696
145.571328
145.876516
146.107568
146.146324
146.178188
146.216232
146.233564
146.241872
146.297992
146.512152
146.5158
146.651056
146.700328
146.815484
146.880584
146.886948
146.942668
146.953288
146.991452
146.993448
147.008596
147.070748
147.363584
147.385752
147.400816
147.430296
147.478664
147.562736
147.807092
147.810776
147.816656
147.83586
147.997272
148.0063
148.050536
148.08038
148.171132
148.195436
148.307244
148.356804
148.559736
148.945288
149.121072
149.134804
149.139292
149.157708
149.214412
149.287156
149.365612
149.466628
149.523612
149.676408
149.92118
149.995736
150.265712
150.349984
150.613748
150.621436
150.659148
150.676228
150.685136
150.738088
150.752648
150.859184
150.879052
150.898104
150.911212
150.951416
151.088196
151.11706
151.18194
151.2052
151.312864
151.384108
151.532556
151.561468
151.650672
151.652872
151.730796
151.740048
151.754456
151.75764
151.776212
151.791732
151.825008
151.842096
151.874812
151.892516
152.324744
152.3879
152.40592
152.47958
152.569956
152.575736
152.74182
152.833268
152.8391
152.934936
153.023664
153.076764
153.181864
153.198748
153.201132
153.211556
153.28752
153.315484
153.323928
153.331688
153.474468
153.516384
153.618564
153.663708
153.79438
153.921504
153.966344
154.106592
154.144112
154.29532
154.298776
154.397676
154.553336
154.561952
154.610092
154.629724
154.652696
154.706476
154.72906
154.74516
154.76106
154.770364
154.779516
154.959264
155.279552
155.282488
155.403996
155.447624
155.474896
155.6091
155.731748
155.782228
155.830408
155.860288
155.92456
156.175248
156.200356
156.3796
156.416396
156.620356
156.66148
156.92822
157.066412
157.08398
157.113484
157.17214
157.324472
157.335748
157.339276
157.389576
157.460832
157.665656
157.84576
157.87402
157.916428
157.920048
158.02334
158.07008
158.312712
158.358812
158.45916
158.636276
158.684308
158.738324
158.765632
158.829416
159.115468
159.241248
159.28942
159.376988
159.389112
159.397072
159.40224
159.433256
159.448736
159.462044
159.481224
159.50696
159.5897
159.63096
159.672352
159.727332
159.955968
159.999528
160.072336
160.079336
160.159504
160.17674
160.217892
160.28776
160.28948
160.4066
160.486476
160.561916
160.571312
160.693472
160.71012
160.739932
160.787068
160.84208
160.911348
161.059744
161.076804
161.20036
161.209376
161.29186
161.342148
161.440444
161.6795
161.681968
161.778072
161.853724
161.855844
161.967208
161.996892
161.999148
162.022232
162.063812
162.142064
162.434316
162.522556
162.638068
162.645368
162.671056
162.68214
162.748004
162.774412
162.81438
162.847972
162.890352
162.984992
163.008592
163.05358
163.121484
163.235488
163.36476
163.37002
163.396652
163.41648
163.426952
163.433656
163.49772
163.518576
163.528716
163.877516
163.996616
164.03828
164.094384
164.209324
164.51684
164.546032
164.5802
164.715924
164.733984
164.796144
164.828172
164.834768
164.852492
164.921196
164.933928
165.005736
165.163684
165.219092
165.250236
165.262824
165.290328
165.306944
165.390324
165.420444
165.43356
165.527892
165.563772
165.651264
165.691428
165.700992
165.718516
165.724872
165.727548
165.729752
165.8024
165.852812
165.8767
165.888496
165.906604
165.912016
165.928912
165.990212
166.009088
166.0691
166.138604
166.160372
166.205228
166.211536
166.24836
166.27648
166.312864
166.369776
166.3829
166.447032
166.517568
166.68096
166.70276
166.736448
166.889192
166.892532
166.97966
167.029772
167.183668
167.237424
167.267128
167.298516
167.342056
167.38472
167.423928
167.426564
167.446436
167.551096
167.592768
167.62024
167.62378
167.633696
167.661724
167.667016
167.71862
167.758732
167.770744
167.777608
167.804504
167.81764
167.929348
168.0114
168.063076
168.217216
168.237984
168.29032
168.301968
168.32764
168.522212
168.526744
168.550256
168.934536
168.952532
168.957276
168.95912
168.97552
168.996848
169.017888
169.193576
169.2726
169.306416
169.313724
169.322064
169.480136
169.555664
169.564092
169.6431
169.698056
169.704488
169.724556
169.768456
169.812088
169.816068
170.032676
170.102652
170.190328
170.216632
170.22294
170.343028
170.410052
170.439036
170.472936
170.645144
170.693304
170.796572
170.814732
170.839144
170.843168
170.946044
170.991852
171.009524
171.054204
171.381688
171.500996
171.599252
171.652832
171.700744
171.719628
171.734272
171.768408
171.856024
171.883148
171.974196
172.103532
172.179488
172.248012
172.426796
172.527296
172.533916
172.543056
172.6384
172.736988
172.76774
172.912704
172.945456
172.985524
172.999112
173.175256
173.264996
173.307472
173.41134
173.439248
173.470352
173.550456
173.602516
173.645136
173.661492
173.703992
173.708872
173.724556
173.811344
173.814396
173.872464
173.922244
173.978376
173.985052
173.992936
174.00054
174.076268
174.102524
174.119832
174.1629
174.17806
174.304472
174.49018
174.558164
174.706164
174.724836
174.729476
174.76774
174.773288
174.802124
174.91956
175.046492
175.118756
175.180664
175.291388
175.29446
175.383888
175.408352
175.473388
175.475376
175.557136
175.558924
175.640796
175.698324
176.069248
176.113076
176.167972
176.229492
176.346148
176.482436
176.510868
176.563476
176.649512
176.733568
176.75816
176.891648
176.966728
177.101224
177.112736
177.181628
177.526356
177.690384
177.723116
177.757888
177.787532
177.836076
177.874584
177.900964
177.95292
178.03334
178.061056
178.066988
178.142152
178.187196
178.198444
178.24802
178.305548
178.312996
178.324964
178.35458
178.361272
178.485672
178.498368
178.715392
178.803688
178.881504
178.913164
178.96948
179.071316
179.170972
179.233756
179.244564
179.286236
179.356112
179.362436
179.384168
179.439684
179.484004
179.70104
179.8059
179.834648
179.85646
179.931796
179.936112
179.951904
180.197448
