0.051292
0.133924
0.165192
0.248024
0.33928
0.509124
0.551072
0.566116
0.590764
0.68534
0.779876
0.842372
0.861536
0.996424
1.015764
1.082552
1.11224
1.191604
1.193772
1.248528
1.275216
1.310124
1.366076
1.465112
1.53164
1.556872
1.606172
1.81324
1.906704
1.929756
1.938808
2.026468
2.100916
2.131992
2.222268
2.230268
2.356832
2.392152
2.490808
2.651552
2.699512
2.758632
2.838756
2.953364
3.004716
3.075052
3.158308
3.308328
3.311888
3.33296
3.46458
3.507988
3.660148
3.764696
3.84728
3.849744
3.865484
3.882932
3.917288
3.927536
3.994892
4.00348
4.04824
4.059176
4.064664
4.108736
4.119564
4.14854
4.159004
4.19184
4.200068
4.226412
4.32804
4.350912
4.43994
4.621924
4.635704
4.659688
4.686552
4.74504
4.794832
5.18798
5.293832
5.42212
5.466444
5.47472
5.508036
5.571576
5.69998
5.766692
5.882348
5.905548
6.014744
6.043164
6.104572
6.119168
6.191964
6.468728
6.52538
6.529464
6.57758
6.62096
6.64682
6.665768
6.679072
6.767108
6.94044
6.945604
6.975828
6.989808
7.002436
7.004776
7.018208
7.032016
7.077824
7.23302
7.2838
7.287896
7.385636
7.57674
7.596704
7.627836
7.671848
7.690404
7.752172
7.80316
7.815204
7.924312
7.955452
8.009476
8.025724
8.093136
8.158452
8.173896
8.18398
8.223164
8.262244
8.28676
8.30064
8.336616
8.390844
8.446612
8.558984
8.693448
8.758612
8.817688
8.834992
8.854684
9.010884
9.054508
9.07988
9.146548
9.206748
9.387748
9.633408
9.77268
9.783124
10.002044
10.02068
10.029236
10.096128
10.12
10.357308
10.411484
10.417512
10.472976
10.480512
10.504128
10.527584
10.58742
10.657524
10.6946
10.708008
10.88472
10.957956
11.11564
11.189356
11.28268
11.388796
11.459
11.46742
11.51482
11.60176
11.624624
11.749656
11.765564
11.774848
11.804256
11.839876
11.873032
11.916496
11.940408
11.94654
12.052312
12.12618
12.220392
12.225604
12.2394
12.246376
12.297892
12.309432
12.32834
12.374552
12.471356
12.493128
12.570984
12.57938
12.718436
12.77112
12.840408
12.971676
13.021316
13.061028
13.087852
13.162576
13.213164
13.233764
13.24908
13.28278
13.296124
13.420528
13.450868
13.53412
13.612388
13.696736
13.71898
13.744568
13.815884
13.838956
13.89482
13.903388
13.93952
14.039576
14.05902
14.069732
14.146436
14.174152
14.18902
14.212356
14.323876
14.564956
14.62184
14.657588
14.709476
14.713436
14.962624
15.028708
15.039988
15.060876
15.185072
15.24068
15.299004
15.395412
15.515132
15.566716
15.575076
15.615992
15.64732
15.78488
15.829796
15.85588
15.960648
16.011672
16.032708
16.036236
16.070848
16.079288
16.08978
16.100632
16.105524
16.204844
16.212356
16.218316
16.23866
16.255644
16.359904
16.390328
16.50628
16.528236
16.545824
16.564272
16.607704
16.617716
16.642336
16.6839
16.804272
16.857956
16.899556
16.970312
17.162916
17.190828
17.23148
17.290396
17.335552
17.49002
17.528552
17.548764
17.579296
17.628996
17.96632
17.975152
18.108668
18.110516
18.157784
18.160876
18.173592
18.20456
18.266252
18.307936
18.406688
18.438576
18.46056
18.4728
18.563948
18.56758
18.569992
18.692112
18.719976
18.80174
18.851864
18.910348
18.918884
18.955944
19.127004
19.152316
19.186052
19.425108
19.510196
19.529912
19.66638
19.718176
19.804112
19.828752
19.960112
19.986596
20.011196
20.08956
20.114216
20.151144
20.360228
20.466656
20.51124
20.658528
20.676612
20.75722
20.80028
20.854224
20.932424
20.959564
20.963056
21.036572
21.082852
21.142908
21.211316
21.235784
21.336244
21.379632
21.41952
21.44448
21.493696
21.5088
21.580548
21.593588
21.61688
21.622964
21.639752
21.700312
21.76002
21.798164
21.962464
22.38886
22.4175
22.785876
23.045168
23.104768
23.10658
23.11004
23.213324
23.24568
23.262324
23.308376
23.338516
23.398644
23.419836
23.498288
23.58978
23.60608
23.644756
23.72518
23.737572
23.771304
24.034408
24.056116
24.07432
24.314984
24.371412
24.432884
24.465088
24.483104
24.613236
24.72394
24.7371
24.781968
24.796848
24.806256
24.896608
25.005336
25.061516
25.240104
25.368008
25.384216
25.523344
25.57484
25.579124
25.584936
25.62496
25.643888
25.706292
25.752712
25.948584
26.11722
26.13738
26.140156
26.244172
26.248888
26.260288
26.279676
26.28582
26.32414
26.444856
26.613272
26.662448
26.666
26.728112
26.73728
26.785956
26.850232
26.999336
27.014232
27.020352
27.045876
27.106504
27.222208
27.283852
27.313628
27.350712
27.381568
27.3945
27.397076
27.398812
27.425088
27.464108
27.513624
27.520068
27.60878
27.694272
27.715364
27.851492
27.89096
27.971336
28.025228
28.035016
28.099868
28.206152
28.336516
28.357668
28.4319
28.44778
28.452108
28.464656
28.574144
28.581876
28.585116
28.808824
28.864416
29.002132
29.060472
29.143936
29.201328
29.34706
29.406372
29.571732
29.663304
29.668516
29.808312
29.88522
29.922776
29.936556
30.126504
30.167132
30.232032
30.239524
30.254156
30.27056
30.544608
30.570536
30.590156
30.900328
30.954596
31.007004
31.073824
31.198752
31.294576
31.342496
31.37834
31.38932
31.6135
31.694908
31.78202
31.844116
31.93364
31.964572
32.024952
32.233152
32.237164
32.32634
32.514472
32.531528
32.695792
32.729512
32.78664
32.837056
32.903324
32.979128
33.006832
33.010728
33.240652
33.267904
33.363448
33.48322
33.503904
33.555632
33.728216
33.760336
33.875112
33.9383
34.072008
34.20842
34.3962
34.568508
34.664984
34.698696
34.703656
34.741408
34.784048
34.804688
34.82882
34.93294
34.96134
34.979992
34.995772
35.04508
35.059056
35.097588
35.156184
35.181436
35.253744
35.33956
35.34538
35.361804
35.662564
35.73006
35.769356
35.870692
35.886276
35.902816
35.943456
35.97076
35.977644
35.984968
36.158536
36.277408
36.33386
36.429692
36.454412
36.490776
36.582552
36.594196
36.80768
36.907856
36.973608
36.994384
37.001816
37.015116
37.034136
37.123016
37.15422
37.367864
37.377892
37.39364
37.456072
37.46036
37.481716
37.565444
37.833648
37.859976
37.884964
37.88982
37.974596
38.046188
38.110656
38.310056
38.403116
38.413536
38.44922
38.515616
38.661564
38.756708
38.75844
38.769108
38.8099
39.01766
39.077808
39.190928
39.23918
39.244784
39.312744
39.335028
39.39116
39.751092
39.7618
39.882148
39.908548
39.913188
39.985864
40.007304
40.095596
40.099472
40.108824
40.228468
40.242056
40.26884
40.322248
40.337788
40.415428
40.489476
40.504876
40.517036
40.562884
40.638292
40.709412
40.75778
40.7978
40.807712
40.855976
40.955896
40.981936
41.033484
41.11316
41.1428
41.200336
41.234568
41.253248
41.322076
41.374912
41.399852
41.482928
41.569348
41.656036
41.73416
41.887776
41.989916
42.045756
42.056232
42.071672
42.125804
42.168344
42.253244
42.417352
42.426768
42.46292
42.491284
42.56646
42.622768
42.780648
42.882724
42.90468
42.951752
42.974648
43.022984
43.08666
43.224536
43.235896
43.294164
43.302904
43.339152
43.393624
43.462164
43.550556
43.577012
43.652188
43.677708
43.687864
43.711068
43.729496
44.215816
44.295836
44.299372
44.565604
44.576276
44.657092
44.6805
44.724348
44.785352
44.816596
44.877328
45.076432
45.108596
45.153764
45.165072
45.202372
45.21274
45.265932
45.317756
45.323208
45.376304
45.41516
45.434884
45.480416
45.54358
45.651336
45.693416
45.777884
45.803708
45.84018
45.879864
45.91584
45.987364
46.224772
46.351928
46.38644
46.50072
46.877132
46.911168
46.950392
46.979032
47.055764
47.169336
47.221652
47.229964
47.2711
47.433768
47.444568
47.450636
47.566432
47.618236
47.626484
47.652896
47.765268
47.780056
47.86176
47.868108
47.887996
47.913552
47.952468
48.00544
48.143004
48.173308
48.253336
48.29854
48.377804
48.409284
48.446752
48.49186
48.497048
48.500712
48.545456
48.711336
48.714888
48.749968
48.837968
48.94242
48.97806
49.018876
49.307296
49.399744
49.412136
49.469556
49.485288
49.691436
49.708128
49.956164
50.059376
50.077272
50.113052
50.277444
50.335912
50.476848
50.498364
50.510528
50.620636
50.634584
50.714132
50.740936
50.838928
50.874236
50.985132
51.277664
51.364908
51.390892
51.440504
51.538044
51.599628
51.698852
51.762868
51.814636
51.844332
51.855796
51.873632
51.889636
51.906476
51.946128
51.952328
51.97854
51.99886
52.003448
52.065324
52.154496
52.192604
52.248648
52.27516
52.278872
52.30772
52.315648
52.394264
52.435188
52.471148
52.568088
52.67858
52.751428
52.784472
52.81728
52.88688
52.890636
52.896544
52.90902
52.925232
53.015188
53.050992
53.076204
53.148668
53.156956
53.202124
53.265364
53.374192
53.377748
53.388728
53.396316
53.41266
53.41464
53.426744
53.482804
53.653264
53.940492
53.95724
54.054568
54.135604
54.178508
54.189132
54.23622
54.254488
54.297172
54.382032
54.469968
54.485292
54.648976
54.721224
54.731744
54.77232
54.811428
54.882436
55.023368
55.029
55.045252
55.088956
55.184068
55.206576
55.274732
55.378436
55.382836
55.539844
55.586756
55.707508
55.873608
55.924252
55.964528
56.067692
56.09948
56.159128
56.200536
56.203612
56.207572
56.365932
56.5029
56.533972
56.543084
56.558168
56.561268
56.569236
56.59778
56.670436
56.736632
56.779996
56.889112
56.899368
56.932812
56.973028
57.092764
57.111016
57.200912
57.294212
57.43366
57.497828
57.5485
57.742152
57.844324
57.92636
58.022668
58.158168
58.202692
58.23406
58.24832
58.286392
58.31668
58.484328
58.574296
58.615048
58.699104
58.715236
58.789608
58.793296
58.833968
58.87812
58.952604
58.975088
59.081888
59.123244
59.22048
59.249256
59.367312
59.441184
59.453732
59.497128
59.5707
59.795148
59.872096
59.893648
59.939032
59.988856
60.07544
60.176248
60.269268
60.327212
60.444432
60.477888
60.482688
60.523512
60.784144
60.904388
60.938504
61.005732
61.237048
61.330928
61.380956
61.48522
61.61092
61.648652
61.67658
61.70062
61.770548
61.991464
62.030416
62.12164
62.15556
62.263924
62.294968
62.413808
62.488368
62.492292
62.516868
62.5631
62.636792
62.682668
62.721492
63.011496
63.162448
63.184676
63.270348
63.330456
63.374056
63.484072
63.516584
63.732112
63.817368
63.986668
64.237296
64.272128
64.378192
64.3954
64.419996
64.48644
64.501212
64.535028
64.561664
64.666172
64.7278
64.740544
64.81128
64.8779
64.908924
64.939992
65.075372
65.118548
65.13192
65.203544
65.248088
65.287052
65.391652
65.43788
65.629692
65.68828
65.782564
65.966636
66.015972
66.223528
66.234268
66.24744
66.251864
66.341248
66.399408
66.51568
66.527512
66.546544
66.595368
66.67518
66.82704
66.851932
67.033132
67.202464
67.208492
67.24526
67.482192
67.553836
67.562788
67.602172
67.609656
67.676144
67.779068
67.909792
67.938416
68.052196
68.082556
68.23654
68.26686
68.315744
68.371124
68.550848
68.59428
68.63456
68.644892
68.716516
68.752084
68.773704
68.780372
68.839844
69.070664
69.136408
69.154588
69.185748
69.23972
69.304084
69.384288
69.519088
69.534576
69.581284
69.63952
69.79316
69.808368
69.885144
70.054756
70.097372
70.169156
70.249784
70.265172
70.278964
70.4379
70.474528
70.48438
70.587884
70.656468
70.678968
70.703276
70.799872
70.85126
70.859628
70.869972
70.909532
70.923432
70.965772
70.982068
71.057632
71.06548
71.103936
71.248608
71.285372
71.427884
71.443396
71.508452
71.569688
71.68464
71.69238
71.757732
71.76784
71.797556
71.862612
71.940564
72.04834
72.06706
72.137656
72.141072
72.253384
72.285452
72.473148
72.479228
72.497104
72.564752
72.651876
72.665928
72.72682
72.818704
72.827088
72.863684
72.941988
72.96386
73.10102
73.1089
73.13702
73.154628
73.221164
73.230328
73.246888
73.28154
73.374404
73.392936
73.41214
73.442684
73.561172
73.666772
73.731512
73.770296
73.777824
73.805108
73.921268
74.119524
74.169488
74.240124
74.244004
74.288992
74.329212
74.385672
74.496856
74.571156
74.728692
74.746868
74.789488
74.82962
74.85474
74.895876
74.9821
75.04842
75.148248
75.226952
75.297084
75.43948
75.557212
75.60842
75.632204
75.633916
75.670868
75.879464
75.895484
75.972432
76.107464
76.209952
76.238444
76.27106
76.50806
76.610576
76.617812
76.877104
76.933368
76.97026
77.00404
77.070304
77.077792
77.221584
77.24312
77.308068
77.449336
77.45096
77.484568
77.502796
77.517664
77.57036
77.812516
77.868368
77.966264
78.012176
78.097584
78.11866
78.174504
78.22046
78.430748
78.437952
78.503184
78.580828
78.618608
78.650588
78.722292
78.76206
78.819464
78.822584
78.873292
78.915708
78.958984
78.989136
79.228604
79.280556
79.33624
79.452192
79.487476
79.519368
79.63102
79.685956
79.73706
79.751024
79.775304
79.787428
79.833668
79.852332
79.95632
80.024884
80.11478
80.189376
80.2794
80.29796
80.302604
80.333456
80.387976
80.45994
80.573692
80.624484
80.6325
80.679656
80.697444
80.921684
81.042932
81.067488
81.15708
81.202924
81.271408
81.41168
81.413764
81.42444
81.476316
81.499888
81.543196
81.572288
81.657776
81.704912
81.70748
81.734044
81.869108
81.969452
82.013884
82.02858
82.052124
82.310736
82.34586
82.42634
82.447948
82.524788
82.56302
82.5824
82.638032
82.701516
82.961352
83.011864
83.041892
83.043516
83.104572
83.269412
83.397156
83.479564
83.56432
83.573408
83.643096
83.702712
83.729628
83.8214
83.846664
83.908364
83.94174
83.94526
84.073576
84.095488
84.100244
84.135428
84.173116
84.322232
84.359728
84.463784
84.493484
84.526804
84.528564
84.624144
85.020308
85.025876
85.043008
85.061564
85.087352
85.180064
85.254636
85.459388
85.538248
85.543648
85.588756
85.599632
85.708192
85.714308
85.853536
86.025888
86.032476
86.083052
86.096888
86.303156
86.332288
86.569568
86.599872
87.032232
87.16024
87.176192
87.178196
87.317076
87.467672
87.520008
87.5365
87.549948
87.5667
87.578896
87.595324
87.634744
87.642788
87.769116
87.845788
87.860316
87.88792
87.958252
87.982916
88.110128
88.1216
88.180348
88.247948
88.256176
88.309004
88.318208
88.367644
88.496984
88.555296
88.605816
88.670988
88.684352
88.80244
88.850128
88.965876
88.978164
88.998152
89.116464
89.128556
89.131672
89.168912
89.1946
89.234004
89.241484
89.248876
89.3268
89.40798
89.498004
89.543296
89.573764
89.670536
89.673968
89.716444
89.773672
89.957824
90.145404
90.221876
90.364756
90.41012
90.454612
90.599928
90.660096
90.712068
90.935668
90.953336
91.0391
91.1336
91.274012
91.295504
91.340824
91.464164
91.544612
91.5567
91.57
91.670168
91.672364
91.702608
91.81846
91.846704
91.87182
91.883812
91.905536
91.911188
92.179732
92.203172
92.207052
92.258856
92.331068
92.37276
92.41898
92.508408
92.599104
92.622696
92.69326
92.852428
92.866636
92.977368
92.979928
93.056924
93.1648
93.170572
93.309036
93.543812
93.580592
93.633796
93.763464
93.826
93.872728
93.8994
94.104044
94.109224
94.202892
94.2126
94.233752
94.418416
94.463608
94.506052
94.558736
94.652412
94.687876
94.702704
94.707152
94.794896
94.87616
94.894404
94.905272
95.064204
95.142568
95.223752
95.454488
95.531808
95.568792
95.59284
95.652252
95.817708
95.863824
95.891212
95.913176
95.939136
96.00168
96.090404
96.095344
96.239928
96.255916
96.371812
96.399208
96.44222
96.4887
96.634428
96.669684
96.713172
97.100536
97.111756
97.157572
97.319908
97.404624
97.46638
97.670532
97.685348
97.791152
97.796348
97.85664
97.880272
98.025864
98.130516
98.18224
98.185128
98.20176
98.20446
98.26358
98.319832
98.497256
98.54952
98.611572
98.645436
98.66802
98.6733
98.755396
98.826568
98.895496
98.898348
99.01162
99.07166
99.102304
99.140456
99.142668
99.152428
99.279272
99.286096
99.419844
99.542284
99.7086
99.782852
99.805016
99.82598
99.865784
99.96412
100.079552
100.210608
100.434496
100.46142
100.590112
100.593852
100.659796
100.6694
100.747032
100.7921
101.022652
101.065012
101.141204
101.18306
101.195172
101.249076
101.271668
101.318544
101.425872
101.48986
101.516416
101.527088
101.58374
101.732624
101.802132
101.807532
101.82768
101.926088
102.113468
102.248404
102.273932
102.301836
102.330316
102.372916
102.44826
102.464048
102.594356
102.631272
102.740012
102.745848
102.791152
102.83448
102.845252
102.848996
102.944028
102.996012
103.040824
103.082504
103.095156
103.147524
103.165696
103.176728
103.228324
103.274684
103.382944
103.5537
103.555824
103.564388
103.604204
103.795388
103.81038
103.834244
103.935128
103.941324
103.961032
103.968836
104.039132
104.07438
104.125804
104.132256
104.138304
104.163956
104.230188
104.260536
104.306404
104.341216
104.396516
104.448488
104.51862
104.572324
104.645092
104.6636
104.740004
104.74526
104.793768
104.836752
104.843748
104.848072
104.8593
105.011068
105.077068
105.103448
105.172648
105.217812
105.344464
105.357072
105.472748
105.483212
105.532444
105.599708
105.722028
105.727432
105.794764
105.843164
105.890404
106.04276
106.093416
106.117292
106.213088
106.246784
106.256148
106.299664
106.45358
106.488052
106.540164
106.555956
106.583704
106.62216
106.71402
106.801908
106.89572
106.943032
106.946004
106.981372
106.987092
107.01608
107.020568
107.151116
107.267648
107.301668
107.41008
107.472184
107.52564
107.5968
107.786868
107.793056
107.929428
108.029972
108.101932
108.120564
108.128516
108.180532
108.364356
108.393608
108.503632
108.511052
108.522872
108.555696
108.606224
108.61764
108.86902
108.894324
108.924416
108.936376
108.976772
108.991904
109.002076
109.129144
109.186952
109.219604
109.27244
109.393848
109.479884
109.628628
109.662868
109.7376
109.776468
109.837232
109.880592
109.94496
110.014732
110.15926
110.209024
110.215752
110.265108
110.419488
110.50984
110.55426
110.686648
110.754408
110.869572
110.920256
111.02632
111.031504
111.085452
111.153732
111.176248
111.186252
111.222952
111.236296
111.279524
111.305184
111.388532
111.46458
111.514784
111.665292
111.68294
111.71138
111.784664
111.989944
111.998716
112.05258
112.068828
112.166836
112.242392
112.287844
112.312832
112.374888
112.408324
112.456024
112.479712
112.506864
112.630324
112.7375
112.81228
112.84284
112.931944
112.945996
112.997592
113.045168
113.225396
113.301576
113.315456
113.417
113.457324
113.754224
114.01942
114.116828
114.169288
114.224732
114.239892
114.271656
114.301052
114.357828
114.551436
114.618228
114.627116
114.698192
114.798836
114.82246
114.909516
114.9133
115.093112
115.134004
115.172236
115.183236
115.299844
115.338316
115.372084
115.423488
115.469924
115.505228
115.599052
115.75746
115.797076
115.800168
115.889108
115.918556
115.992652
116.05148
116.192528
116.293872
116.414172
116.419412
116.556288
116.585116
116.613928
116.635616
116.658616
116.794908
116.804168
116.807108
116.827292
116.90848
116.921068
117.016968
117.069944
117.206512
117.209928
117.239464
117.392488
117.420284
117.42694
117.477952
117.535116
117.5906
117.643524
117.8123
117.853168
117.879244
117.975076
118.016684
118.077528
118.098308
118.142752
118.284028
118.301924
118.369592
118.6695
118.689804
118.743604
118.823008
118.8672
118.871852
118.902644
118.984216
119.05024
119.13658
119.337064
119.368868
119.457816
119.496844
119.603304
119.614724
119.75202
119.759712
119.794272
119.807816
119.838556
119.849792
119.852332
119.926244
119.94168
120.126232
120.14024
120.15672
120.186968
120.229724
120.308108
120.32002
120.445716
120.473428
120.64812
120.679868
120.777
120.84098
120.861496
120.863664
120.890396
120.90904
120.9599
120.98748
121.061024
121.073752
121.083964
121.110368
121.11566
121.149868
121.16838
121.260024
121.328108
121.41278
121.58384
121.615936
121.642792
121.73412
121.74148
121.851224
121.859472
121.942556
121.965332
122.012284
122.022616
122.0975
122.421208
122.472012
122.570876
122.626364
122.706644
122.711464
122.72492
122.769208
122.811204
122.874364
122.886188
122.949768
122.986972
122.9976
122.999432
123.027208
123.055728
123.1986
123.22944
123.241648
123.610028
123.616928
123.77824
123.782056
123.822
123.922192
124.05816
124.090904
124.107292
124.125
124.179628
124.198216
124.329436
124.401684
124.445508
124.48372
124.891172
124.914168
124.966368
125.015692
125.047248
125.049284
125.314916
125.660572
125.7008
125.708684
125.725076
125.77748
125.904156
125.937488
126.052264
126.09616
126.150752
126.158388
126.256632
126.471216
126.487468
126.596276
126.651656
126.664516
126.699436
126.724028
126.754264
126.758388
126.80962
126.845984
126.8555
126.857804
126.869408
126.973648
127.115392
127.276332
127.437104
127.54696
127.615644
127.652464
127.673824
127.771396
127.845424
127.954328
127.981712
128.004112
128.107308
128.167604
128.2936
128.333152
128.359084
128.44692
128.475948
128.519296
128.551064
128.772596
128.794992
128.8429
128.887544
128.95288
128.997544
129.02264
129.147308
129.3254
129.34118
129.415388
129.447932
129.47246
129.675096
129.740504
129.863728
129.868664
130.385332
130.39004
130.41716
130.451852
130.735032
130.857056
130.861816
130.9111
130.973744
131.026284
131.113444
131.154868
131.178292
131.185488
131.22926
131.233068
131.2669
131.349072
131.547524
131.556648
131.630492
131.75648
131.80846
131.845252
131.968772
131.972208
131.99746
132.045336
132.05708
132.162704
132.189592
132.223004
132.23632
132.247828
132.334372
132.469284
132.521976
132.549
132.629388
132.6689
132.704604
132.72828
132.863076
132.888016
132.94132
133.135176
133.218964
133.223796
133.487628
133.489716
133.74
133.815568
133.979228
134.075392
134.175044
134.201956
134.245388
134.284896
134.321448
134.349696
134.351396
134.354308
134.392744
134.553316
134.567064
134.5927
134.610832
134.866136
134.897008
134.918116
134.934264
135.04718
135.075104
135.087236
135.136168
135.143708
135.149364
135.194168
135.255644
135.308636
135.334588
135.513488
135.531512
135.58318
135.629604
135.637776
135.689588
135.72262
135.75076
135.755172
135.802444
135.828896
135.836408
135.858556
135.877276
135.944228
136.025352
136.067984
136.07672
136.111184
136.262712
136.274628
136.385928
136.433056
136.437808
136.513576
136.51532
136.646264
136.75086
136.793488
136.803312
136.849848
136.881716
137.010812
137.090992
137.117852
137.182984
137.242124
137.300432
137.332124
137.379752
137.407696
137.415632
137.482828
137.58266
137.630116
137.680456
137.697224
137.77668
137.786872
137.936768
137.966108
138.006876
138.01814
138.102196
138.122516
138.232772
138.262364
138.329668
138.406072
138.456196
138.47852
138.482104
138.58148
138.586768
138.742852
138.77526
138.836952
138.885244
138.915672
138.927616
138.92938
138.944468
138.956792
139.111384
139.11964
139.130064
139.2211
139.290076
139.390804
139.410116
139.489324
139.491556
139.563128
139.641104
139.648236
139.678676
139.7144
139.8142
140.001568
140.01076
140.141672
140.231068
140.26446
140.374456
140.479828
140.543204
140.695936
140.755408
140.765932
140.828068
140.831772
140.84828
140.875004
140.919048
140.949628
141.015712
141.07252
141.250688
141.330328
141.38612
141.597212
141.641932
141.70238
141.74682
141.840276
141.85588
141.888392
142.00598
142.054164
142.093484
142.135124
142.148036
142.219468
142.254844
142.610868
142.614996
142.781296
143.128464
143.14054
143.204272
143.211116
143.28308
143.363392
143.414988
143.486784
143.566092
143.75864
143.798308
144.071076
144.107884
144.163768
144.1895
144.25174
144.294944
144.314064
144.385812
144.424712
144.443856
144.478108
144.514308
144.613304
144.803664
144.927904
145.109204
145.126812
145.187536
145.21744
145.223076
145.299004
145.338752
145.391512
145.464168
145.510664
145.598944
145.602204
145.625236
145.70716
145.717028
145.757316
145.776328
145.889296
145.894488
145.90074
145.926896
146.014288
146.207132
146.215628
146.264512
146.311776
146.328908
146.378936
146.453896
146.480012
146.51168
146.573272
146.691788
146.788492
146.83914
146.925004
147.0092
147.118544
147.22984
147.24318
147.266844
147.281412
147.336276
147.423672
147.511008
147.54976
147.585064
147.653632
147.664236
147.701828
147.704364
147.711736
147.730552
147.748988
147.762316
147.794744
147.849776
147.893572
147.903108
148.064224
148.065932
148.126428
148.189988
148.202108
148.242368
148.319912
148.372072
148.3847
148.437088
148.521844
148.524536
148.549748
148.552336
148.559528
148.64058
148.680592
148.705692
148.732456
148.768228
148.7776
148.838272
148.95678
149.036912
149.056084
149.124288
149.152444
149.219612
149.290408
149.332748
149.442252
149.468728
149.502184
149.624272
149.732128
149.8416
150.20116
150.222424
150.234688
150.3491
150.553236
150.582472
150.755864
150.762048
150.768472
150.816116
150.879808
150.904348
151.2324
151.38708
151.433748
151.48754
151.54662
151.561524
151.604672
151.730224
151.74328
151.770824
151.794716
151.826148
151.906224
151.920528
151.959444
152.030296
152.084232
152.096956
152.1545
152.193596
152.348572
152.378764
152.563492
152.614844
152.618048
152.689084
152.70496
152.839988
152.861924
152.878792
152.903916
152.935748
152.946868
152.992808
153.015016
153.085016
153.10654
153.199004
153.239248
153.329872
153.369496
153.373868
153.384424
153.411444
153.49952
153.55486
153.725268
153.833932
153.888196
153.94678
154.142148
154.149592
154.198544
154.244488
154.252812
154.297824
154.30264
154.33826
154.368532
154.443772
154.496848
154.504384
154.607052
154.706028
154.816972
154.859044
154.870248
154.914976
154.932536
155.00618
155.030436
155.146208
155.274696
155.3195
155.406032
155.494644
155.62708
155.733632
155.736204
155.83056
155.990184
156.117084
156.23536
156.265672
156.272252
156.274452
156.475024
156.570136
156.615072
156.713908
156.7336
156.742624
156.794968
156.832812
156.92054
156.943692
156.9801
157.10232
157.131636
157.173972
157.201484
157.24746
157.555184
157.61756
157.717636
157.76058
157.898336
157.962804
158.082244
158.245152
158.30754
158.386368
158.390584
158.607728
158.628812
158.678664
158.691256
158.777548
158.965196
159.076376
159.108812
159.18952
159.445896
159.474024
159.601876
159.6702
159.736512
159.856548
159.90476
160.02372
160.053848
160.185632
160.20158
160.212836
160.222668
160.304868
160.312724
160.402196
160.41652
160.4429
160.456292
160.652116
160.675968
160.682792
160.845852
160.924696
161.054708
161.057296
161.059592
161.122684
161.202652
161.209956
161.229144
161.35728
161.468116
161.484916
161.501364
161.568
161.760116
161.811044
161.828812
161.863524
161.914516
162.089276
162.095624
162.099336
162.182684
162.190964
162.2392
162.253868
162.297304
162.398936
162.468596
162.525588
162.599296
162.61932
162.633448
162.68584
162.812572
162.92496
162.947096
163.180808
163.194604
163.300144
163.409012
163.41378
163.416652
163.50084
163.507904
163.5351
163.595316
163.790544
163.89308
163.935928
164.031564
164.086836
164.130976
164.247924
164.388236
164.469764
164.48774
164.501964
164.539444
164.557904
164.568392
164.589712
164.65334
164.74166
164.757668
164.787008
164.798772
164.836324
164.89056
164.895376
164.95936
165.04992
165.129328
165.139712
165.155672
165.219716
165.2616
165.285332
165.351024
165.36342
165.38318
165.464404
165.533372
165.63416
165.744748
165.857184
165.869544
165.949192
165.983328
166.001208
166.059212
166.062364
166.139192
166.152996
166.296556
166.352384
166.477984
166.602148
166.661648
166.669664
166.765656
166.816112
166.847232
166.908316
166.944652
166.99852
167.183632
167.206628
167.263684
167.302208
167.35
167.412528
167.461124
167.557556
167.659208
167.691724
167.792972
167.81414
167.861864
167.892296
167.962176
167.966008
168.00708
168.042676
168.06054
168.112908
168.149588
168.236124
168.238332
168.343848
168.35196
168.371032
168.39906
168.450664
168.452348
168.463152
168.502808
168.547544
168.570788
168.62872
168.64616
168.736832
168.79336
168.818388
168.850736
168.862604
168.990916
169.265928
169.268708
169.302736
169.386844
169.398148
169.442108
169.495816
169.624988
169.681088
169.83428
169.894492
169.914096
169.958088
169.970988
169.976708
170.086616
170.137748
170.250272
170.257792
170.35908
170.386632
170.448008
170.45688
170.465028
170.486
170.56408
170.565696
170.620584
170.623104
170.738712
170.770684
171.264068
171.302556
171.320524
171.371164
171.472728
171.525232
171.564528
171.619008
171.67298
171.707404
171.879892
171.927188
171.92902
172.083776
172.20742
172.251236
172.27734
172.32186
172.371476
172.386392
172.42708
172.449312
172.567728
172.592048
172.679148
172.739076
172.8325
172.850428
172.8703
172.878004
172.892172
172.907996
172.946996
172.996664
172.999832
173.113512
173.229368
173.297072
173.337884
173.350184
173.358552
173.366296
173.41022
173.453256
173.460412
173.540592
173.612224
173.741636
173.938508
174.037336
174.11342
174.281232
174.387524
174.542084
174.622976
174.633244
174.891528
174.929144
175.109332
175.284544
175.295544
175.321984
175.359204
175.404676
175.40814
175.410276
175.413304
175.424872
175.429348
175.514936
175.572332
175.577356
175.590904
175.678668
175.720924
175.740272
175.844116
175.854248
175.860624
175.984156
175.99544
176.0276
176.04412
176.198652
176.317668
176.371908
176.514852
176.575136
176.585624
176.594164
176.62786
176.651956
176.839976
176.910736
176.946604
177.015524
177.043424
177.087204
177.098384
177.127904
177.132948
177.204928
177.427204
177.438996
177.473824
177.517056
177.545784
177.60686
177.61304
177.640892
177.669524
177.689588
177.718588
177.780844
177.912696
178.142764
178.288176
178.337564
178.398796
178.411888
178.520584
178.676988
178.691288
178.72614
178.767316
178.990956
179.047608
179.095572
179.182464
179.18812
179.20484
179.25344
179.27458
179.314676
179.33232
179.467828
179.515084
179.525392
179.539736
179.552632
179.580392
179.681412
179.884476
179.992528
180.11062
