0.059904
0.082696
0.187824
0.233904
0.259608
0.423792
0.550972
0.654328
0.694324
0.71866
0.726504
0.750688
0.812072
0.88766
0.989116
0.996124
1.047
1.051976
1.104068
1.173016
1.181652
1.33362
1.55316
1.63906
1.65398
1.690716
1.705192
1.834048
1.870852
1.90816
2.022992
2.052676
2.198552
2.200824
2.359028
2.57028
2.661388
2.7375
2.85296
2.912
2.916088
2.958104
2.992432
3.045708
3.09306
3.10962
3.21828
3.378832
3.401696
3.70234
3.71874
3.735948
3.74608
3.77466
3.782036
3.852096
3.935964
3.9671
3.971416
4.047848
4.086728
4.18546
4.211276
4.30076
4.429932
4.448972
4.495528
4.617428
4.672408
4.810424
4.841788
4.918788
5.047012
5.056712
5.058768
5.068488
5.19106
5.201896
5.336792
5.540812
5.66442
5.693864
5.797212
5.921852
6.07906
6.090108
6.175104
6.177748
6.209188
6.271056
6.37374
6.415324
6.469288
6.495484
6.513376
6.571496
6.583408
6.717584
6.760508
6.809252
6.890316
7.084692
7.095024
7.153704
7.205688
7.228628
7.25936
7.26172
7.367864
7.389472
7.458764
7.462852
7.466288
7.481092
7.498404
7.524492
7.537244
7.570284
7.704104
7.705952
7.753312
7.848728
7.873252
8.030416
8.164484
8.246304
8.254392
8.262728
8.288428
8.302064
8.338612
8.351636
8.368612
8.423028
8.435524
8.5152
8.519304
8.54876
8.626312
8.687776
8.691968
8.765568
8.88686
8.964752
8.992604
9.02232
9.055656
9.075788
9.096072
9.12822
9.2409
9.257724
9.279548
9.295972
9.574296
9.60672
9.616172
9.626532
9.704796
9.729204
9.74912
9.833036
10.032444
10.059772
10.09948
10.137072
10.240564
10.34834
10.398944
10.47616
10.477948
10.493284
10.547452
10.651508
10.686852
10.856856
10.911892
10.917632
10.933436
11.048504
11.288708
11.335416
11.43962
11.462668
11.5196
11.529672
11.606136
11.699576
11.707296
11.744108
11.825064
11.997596
12.063996
12.244548
12.265248
12.3841
12.38922
12.436412
12.451016
12.483116
12.564772
12.636796
12.692472
12.69426
12.754764
12.837876
12.956404
13.002556
13.030664
13.135204
13.240476
13.247084
13.285128
13.316368
13.322556
13.4814
13.540044
13.563012
13.683164
13.69448
13.788556
14.072844
14.215452
14.331508
14.349148
14.357856
14.365736
14.736248
14.753144
14.810888
14.889752
14.914148
14.949344
14.980668
15.01932
15.46832
15.479496
15.512028
15.526756
15.535988
15.669236
15.683092
15.74464
15.81382
15.851328
15.923656
16.064572
16.110552
16.210724
16.419264
16.423888
16.493692
16.511364
16.580452
16.68578
16.706412
16.723332
16.75646
16.78642
16.799732
16.830568
16.867232
17.092296
17.10524
17.272292
17.285816
17.39918
17.433348
17.455284
17.531772
17.625224
17.671576
17.792672
17.947212
17.991512
18.278624
18.31812
18.462908
18.544596
18.657
18.930104
18.94016
19.1192
19.167472
19.23882
19.257996
19.270432
19.536516
19.605132
19.646156
19.678588
19.693288
19.713144
19.784276
19.788992
19.797316
19.83148
19.93498
19.952392
20.00082
20.033448
20.117292
20.173032
20.242252
20.247144
20.354476
20.360484
20.500604
20.713484
20.742328
20.9498
21.055908
21.106072
21.1532
21.176456
21.180992
21.232228
21.24992
21.310096
21.429116
21.433768
21.515148
21.625408
21.67012
21.84702
21.993704
22.002608
22.034808
22.108964
22.138108
22.282636
22.288516
22.340016
22.418876
22.468044
22.511988
22.649
22.685076
22.838888
22.844924
22.899064
23.026248
23.068684
23.072976
23.127736
23.203044
23.402536
23.652704
23.751432
23.754192
23.763064
23.834208
23.999172
24.00208
24.053252
24.195592
24.266024
24.372384
24.438508
24.460836
24.610536
24.69078
24.712516
24.728012
24.916036
24.918184
24.952216
25.049632
25.185204
25.194508
25.262292
25.28094
25.359128
25.499048
25.524148
25.747976
25.804432
25.994196
26.013252
26.112188
26.281144
26.302856
26.354044
26.436548
26.545268
26.762976
26.786576
26.792632
26.829948
26.900152
26.930664
26.990132
26.999404
27.25332
27.285632
27.60278
27.643736
27.674356
27.729056
27.79986
27.969296
28.018796
28.083508
28.087688
28.099884
28.272052
28.301876
28.334436
28.424116
28.641984
28.705556
28.711644
28.847168
28.929684
29.033672
29.077756
29.095768
29.1204
29.128572
29.150156
29.175556
29.463156
29.484636
29.505192
29.621924
29.646016
29.810784
30.02316
30.029528
30.188924
30.223232
30.429252
30.465484
30.470532
30.48278
30.488712
30.497108
30.70858
30.727288
30.7302
30.920868
30.96504
31.0984
31.291404
31.398252
31.404812
31.66388
31.717172
31.731912
31.738792
31.764608
31.778704
32.013332
32.29442
32.39726
32.5465
32.65506
32.65886
32.66136
32.74308
32.748436
32.767328
32.778816
32.815396
32.884432
32.94154
32.944848
32.981828
33.057596
33.061492
33.214104
33.310448
33.337124
33.402712
33.857288
34.006624
34.044988
34.09436
34.161204
34.202432
34.24602
34.276664
34.391952
34.454292
34.500512
34.511476
34.615856
34.649248
34.653732
34.718128
35.016144
35.043096
35.170148
35.201836
35.278832
35.366652
35.426692
35.467564
35.537712
35.545996
35.552028
35.566052
35.701996
35.744252
35.92104
35.953668
36.061668
36.09698
36.317444
36.472104
36.513
36.535072
36.558616
36.609164
36.616716
36.777224
36.78638
36.80346
36.927576
36.94302
37.040716
37.121932
37.152008
37.239336
37.322164
37.449832
37.696796
37.760224
37.86622
37.880844
37.946532
37.987408
38.044852
38.067772
38.200508
38.245016
38.257284
38.418464
38.434416
38.44544
38.579416
38.583424
38.702708
38.827328
38.885056
39.02904
39.049596
39.071388
39.126416
39.148236
39.190304
39.2171
39.313672
39.397788
39.412616
39.445724
39.616892
39.701768
39.866312
39.871484
40.016072
40.030468
40.073208
40.148888
40.174572
40.20636
40.235068
40.24514
40.250256
40.295532
40.500628
40.682472
40.774572
40.813072
40.828596
40.83196
40.862104
41.0038
41.085996
41.090864
41.096268
41.120008
41.20396
41.38928
41.60338
41.969164
42.044608
42.062916
42.20618
42.24058
42.481872
42.505192
42.560036
42.573548
42.58212
42.755656
42.767208
42.795404
42.847344
42.900548
42.95958
43.031032
43.119148
43.186816
43.192704
43.196124
43.235436
43.237344
43.31344
43.419284
43.483068
43.527928
43.616084
43.807976
43.892488
43.9732
43.990652
44.065348
44.0777
44.16532
44.17322
44.245928
44.294612
44.341076
44.355168
44.434372
44.490812
44.535036
44.580528
44.672664
44.702236
44.724144
44.747528
44.807892
44.812272
44.897644
44.92334
44.952328
44.969048
45.076692
45.23288
45.303448
45.410832
45.415956
45.43242
45.502284
45.589388
45.606912
45.623284
45.661176
45.689984
45.805216
45.880844
45.887804
45.91994
45.929792
46.039484
46.071428
46.222024
46.274576
46.311948
46.367324
46.515936
46.536456
46.562628
46.691668
46.76356
46.87028
46.941012
46.980424
47.030732
47.04522
47.062544
47.071956
47.111892
47.223192
47.258092
47.265728
47.280092
47.32804
47.471244
47.484456
47.495712
47.562688
47.586536
47.633096
47.635296
47.642744
47.670964
47.683368
47.778204
47.804368
47.877632
47.905156
48.038944
48.062868
48.180536
48.199952
48.225636
48.241352
48.413932
48.467064
48.551132
48.681128
48.7767
48.8317
48.846348
49.013028
49.017492
49.03816
49.174324
49.183324
49.192684
49.263876
49.267392
49.396164
49.438464
49.473484
49.486924
49.525404
49.552704
49.75846
49.821348
49.831764
50.01902
50.217164
50.272624
50.295212
50.3004
50.312536
50.316476
50.45288
50.522888
50.642132
50.87296
51.031688
51.04924
51.085572
51.236448
51.294328
51.346852
51.602008
51.766376
51.917028
51.953824
51.978548
52.037576
52.143236
52.14572
52.283316
52.31166
52.380648
52.491168
52.564336
52.576444
52.854004
52.87692
52.947512
53.147768
53.157968
53.209724
53.22752
53.315672
53.361792
53.4205
53.547108
53.665848
53.78322
53.828592
54.050464
54.131192
54.14938
54.158224
54.253048
54.286776
54.328464
54.346888
54.380604
54.386124
54.39542
54.55836
54.938016
54.961004
55.138088
55.310396
55.391968
55.40706
55.411196
55.49012
55.57346
55.590216
55.636472
55.646836
55.883888
56.16068
56.336628
56.374436
56.424448
56.428396
56.620164
56.696956
56.797956
57.08832
57.242552
57.345364
57.36644
57.516856
57.55762
57.575732
57.57924
57.61564
57.706268
57.729144
57.789004
57.817568
57.837032
57.863352
57.8989
57.965348
58.008116
58.213896
58.373024
58.410716
58.521836
58.64868
58.706732
58.732556
58.857932
58.9449
58.958
58.989756
59.025524
59.077488
59.131928
59.166024
59.211008
59.231928
59.251008
59.329824
59.418232
59.48854
59.585364
59.61964
59.706276
59.734064
59.759328
59.94232
59.972668
60.131272
60.254868
60.326276
60.393016
60.396432
60.637296
60.677224
60.716284
60.842
60.85624
61.065572
61.09958
61.295096
61.33954
61.423852
61.445284
61.450376
61.635944
61.640792
61.652364
61.670024
61.693608
61.792412
61.82806
61.847172
61.850244
61.885112
61.9166
62.036664
62.062592
62.179884
62.426384
62.472004
62.651324
62.738644
62.747276
62.847724
62.951932
62.968584
62.977012
62.997044
63.06978
63.145672
63.155408
63.162716
63.309
63.423972
63.429816
63.457744
63.5032
63.517304
63.582716
63.746656
63.980096
63.988236
64.166084
64.21732
64.26046
64.287196
64.311672
64.4676
64.522416
64.529292
64.546248
64.602296
64.72174
64.940372
64.9432
64.979808
65.046988
65.155092
65.172268
65.180908
65.238112
65.263124
65.29702
65.307568
65.367092
65.370992
65.4499
65.518788
65.558496
65.583412
65.611728
65.682484
65.69976
65.801364
65.885264
65.993644
66.16694
66.248756
66.319584
66.367936
66.38868
66.51206
66.515992
66.713224
66.766152
66.790872
66.793476
66.833336
66.910768
66.914544
67.019136
67.06386
67.13486
67.155236
67.21858
67.296324
67.35536
67.398212
67.423016
67.476
67.492488
67.705436
67.778592
67.830388
67.87114
67.92994
68.10806
68.1708
68.217432
68.310756
68.35298
68.513972
68.527632
68.53512
68.602128
68.77086
68.810576
68.84818
68.857024
68.85938
68.996488
69.019364
69.094912
69.135372
69.163124
69.173744
69.194336
69.272508
69.285128
69.347736
69.46192
69.62932
69.652992
69.873032
69.962236
70.001152
70.075624
70.181704
70.308788
70.456012
70.469984
70.481812
70.57748
70.726196
70.803848
70.824728
70.935536
70.98778
71.056548
71.092444
71.13622
71.181548
71.2557
71.291036
71.325164
71.392512
71.465704
71.467524
71.514836
71.548148
71.589588
71.5919
71.736696
71.782152
71.84734
71.904692
71.917876
71.943776
71.945724
72.12008
72.148444
72.151356
72.162816
72.203612
72.412396
72.48306
72.630044
72.656224
72.70034
72.714808
72.741608
72.79172
72.793544
72.795604
72.913484
73.12166
73.187212
73.206148
73.446616
73.625368
73.685516
73.716492
73.73846
73.841412
73.970292
74.01252
74.01442
74.018192
74.11922
74.294072
74.45804
74.469032
74.590872
74.6148
74.6311
74.633104
74.65512
74.709448
74.757608
75.013412
75.086108
75.123644
75.171068
75.177744
75.317108
75.345208
75.450628
75.554476
75.626648
75.630496
75.66012
75.668076
75.685356
75.83406
75.888972
76.07152
76.092072
76.132276
76.178992
76.2687
76.331336
76.412332
76.5941
76.650992
76.662424
76.700564
76.888196
76.898956
76.963116
77.105444
77.14408
77.269932
77.285436
77.311724
77.428552
77.466684
77.48414
77.521024
77.653076
77.662676
77.666888
77.678844
77.693924
77.71706
77.833708
77.84494
77.890248
77.92658
77.99784
78.129692
78.13662
78.221184
78.275244
78.295972
78.433204
78.549836
78.564692
78.59502
78.64428
78.765316
78.827576
78.88408
78.971004
79.02008
79.033116
79.075712
79.107784
79.11084
79.174584
79.224304
79.317172
79.371668
79.39628
79.404384
79.473028
79.52194
79.600036
79.603216
79.664084
79.697352
79.78986
79.823784
79.852608
79.890324
79.94696
79.956596
80.022336
80.059544
80.207056
80.252996
80.274752
80.31394
80.463064
80.499108
80.51304
80.569084
80.679544
80.69314
80.708984
80.725532
80.934356
81.00484
81.016528
81.076312
81.17186
81.241192
81.28462
81.369636
81.437344
81.514616
81.528988
81.560632
81.679036
81.722048
81.730548
81.745496
81.8673
81.888796
81.96234
81.986672
82.046144
82.163516
82.194256
82.367132
82.380556
82.569252
82.6018
82.623104
82.673848
82.752916
82.91404
82.951356
82.9674
82.992252
83.014376
83.03414
83.094384
83.166536
83.172164
83.188084
83.265492
83.32124
83.325256
83.331316
83.40544
83.43722
83.533192
83.550744
83.573736
83.61286
83.623604
83.67506
83.7376
83.839644
83.861952
83.917932
84.034248
84.204692
84.212964
84.342924
84.35956
84.36134
84.447284
84.771136
84.84326
84.8966
85.008052
85.180304
85.215956
85.224188
85.231128
85.24984
85.265452
85.272892
85.31768
85.364676
85.51716
85.611192
85.658708
85.678712
85.828404
85.932164
85.951184
85.968424
85.974576
86.168588
86.348768
86.423648
86.537532
86.65342
86.686892
86.712228
86.715456
86.870092
86.941792
86.99114
87.04752
87.066176
87.1674
87.226216
87.249932
87.277824
87.328316
87.348072
87.5392
87.557956
87.62906
87.803888
87.811116
87.858644
87.898824
87.986356
87.988384
88.007508
88.311984
88.33456
88.362376
88.37006
88.516196
88.531608
88.540212
88.553572
88.70726
88.84036
88.966324
89.095748
89.148128
89.154336
89.235268
89.324968
89.374372
89.468892
89.507552
89.674908
89.69376
89.724484
89.74292
89.795284
89.90388
89.997572
90.117512
90.14688
90.207476
90.217636
90.264312
90.530456
90.558432
90.567796
90.576152
90.684248
90.686076
90.743432
90.963384
91.096248
91.148624
91.2734
91.333728
91.362776
91.466856
91.805612
91.831764
91.957976
92.002768
92.08288
92.1319
92.204604
92.27892
92.414192
92.441892
92.502176
92.61398
92.626856
92.699624
92.767984
92.816612
92.868872
92.903388
93.097468
93.119524
93.155964
93.214748
93.278848
93.328936
93.392644
93.422468
93.468168
93.791416
93.87434
93.89352
93.922012
93.951608
93.961188
94.027192
94.053284
94.065252
94.128676
94.344592
94.348704
94.3584
94.420316
94.491936
94.530048
94.617712
94.68574
94.692352
94.716452
94.74728
94.754812
94.795288
94.829432
94.84498
94.96988
95.092812
95.095596
95.138336
95.198008
95.242584
95.273764
95.4271
95.474964
95.479828
95.577516
95.649116
95.726456
95.80214
95.837316
95.84566
95.90526
95.918576
95.943164
95.98942
96.004708
96.033752
96.03872
96.069024
96.097644
96.098508
96.130944
96.154932
96.17484
96.363092
96.372536
96.426516
96.497732
96.520736
96.588836
96.697912
96.720704
96.8234
96.828704
96.90568
96.98358
97.033876
97.06202
97.085508
97.095616
97.250548
97.348092
97.397624
97.475
97.499928
97.502928
97.61528
97.636152
97.724288
97.761732
97.788008
97.79584
97.929804
98.042032
98.101728
98.14752
98.225932
98.264908
98.304084
98.333368
98.45062
98.460016
98.47192
98.521412
98.562496
98.802356
98.805572
98.906424
98.952476
98.960968
99.050056
99.172892
99.199564
99.250644
99.44156
99.48442
99.520764
99.63064
99.634872
99.809904
99.871508
100.267744
100.411872
100.5278
100.551484
100.599712
100.771324
100.815904
101.010388
101.024096
101.144024
101.196936
101.306372
101.35836
101.438308
101.59398
101.669
101.69482
101.813224
101.83868
101.85642
101.9152
102.006408
102.009868
102.033304
102.16004
102.197916
102.473544
102.579288
102.669392
102.70816
102.89268
102.991836
103.045768
103.161184
103.18494
103.2809
103.338808
103.364924
103.457816
103.527612
103.627492
103.669172
103.767764
103.784196
103.837092
103.851688
103.866096
103.934664
103.969168
104.005564
104.044932
104.217016
104.293812
104.411508
104.506912
104.520564
104.62198
104.666668
104.796096
104.816216
104.839944
104.855228
104.875956
104.921856
104.966252
105.08282
105.205392
105.270164
105.407604
105.475448
105.543396
105.552924
105.596924
105.610672
105.697388
105.707832
105.886972
105.924268
105.967232
106.056292
106.125672
106.203568
106.253484
106.340384
106.392676
106.398532
106.42674
106.532264
106.553408
106.604228
106.707244
106.791528
107.00756
107.010784
107.115256
107.26862
107.278632
107.293144
107.319284
107.472496
107.55194
107.561192
107.58332
107.633084
107.753484
107.892964
108.027348
108.05424
108.060532
108.065688
108.140164
108.171132
108.198532
108.20994
108.232364
108.2635
108.309248
108.340528
108.383508
108.395144
108.419636
108.593268
108.605236
108.70922
108.815568
108.868468
108.934176
109.027308
109.180076
109.244188
109.290608
109.567812
109.61714
109.654572
109.69644
109.717372
109.850192
109.863672
109.964768
110.099544
110.154636
110.226952
110.301948
110.33414
110.336784
110.37146
110.383076
110.404924
110.4939
110.547744
110.598144
110.608836
110.913104
111.00156
111.026212
111.137436
111.20324
111.274944
111.358924
111.401536
111.420436
111.484556
111.573432
111.58408
111.612964
112.215244
112.36832
112.390668
112.437224
112.52472
112.555444
112.611812
112.621852
112.69806
112.7627
112.794592
112.963732
113.034252
113.075308
113.086752
113.206052
113.271132
113.344644
113.391472
113.476212
113.575608
113.59138
113.594576
113.639584
113.775268
113.822796
113.91754
113.956676
113.986992
114.052556
114.256644
114.282892
114.294768
114.394408
114.418224
114.496084
114.588704
114.604316
114.831824
114.912232
114.923392
114.9678
115.027864
115.061732
115.078676
115.215908
115.294624
115.317756
115.52454
115.575808
115.737324
115.78696
115.851788
116.0045
116.069716
116.160888
116.16672
116.382612
116.41772
116.503876
116.516772
116.54834
116.696544
116.728504
116.750828
116.879148
116.920156
116.957116
117.001196
117.03684
117.100616
117.11484
117.279912
117.321824
117.346956
117.393308
117.413324
117.526692
117.585088
117.595396
117.621348
117.74242
117.912968
117.947084
117.98364
118.084464
118.097248
118.203676
118.350884
118.428552
118.463684
118.519268
118.524364
118.730876
118.886868
118.927604
118.957984
119.018368
119.0867
119.145904
119.184732
119.213948
119.297772
119.38244
119.478852
119.60872
119.6883
119.753724
119.75956
119.813856
119.875884
119.883012
119.965964
120.032056
120.041744
120.063748
120.120956
120.254272
120.298396
120.478948
120.54052
120.559776
120.604612
120.674952
120.702744
120.853456
120.891108
120.948816
121.084576
121.093172
121.181492
121.220184
121.266868
121.2959
121.381904
121.451664
121.49132
121.520784
121.566036
121.587172
121.662684
121.7187
121.747136
121.906604
121.919888
121.946136
121.949984
122.149508
122.270392
122.272416
122.291988
122.511112
122.55212
122.663156
122.745328
123.087196
123.195948
123.201736
123.257492
123.280504
123.280796
123.519456
123.545156
123.591912
123.712008
123.764496
123.84738
123.946192
124.15326
124.188904
124.26736
124.272292
124.315268
124.332432
124.472248
124.524496
124.61766
124.6576
124.8859
124.996916
125.005524
125.024116
125.126072
125.17652
125.27172
125.535352
125.537736
125.906492
125.925612
125.936588
125.995388
126.072256
126.077352
126.139832
126.170136
126.186472
126.435612
126.72376
127.004004
127.125332
127.289292
127.354264
127.431404
127.503204
127.547224
127.707896
127.739856
127.816676
127.819664
127.992752
128.005448
128.013464
128.028008
128.106436
128.157728
128.200012
128.202964
128.208552
128.277064
128.285224
128.39748
128.424272
128.447888
128.503356
128.611692
128.852832
128.889072
128.892508
129.066584
129.263712
129.544788
129.56548
129.692916
129.773168
129.788916
129.912012
129.986512
130.037252
130.185036
130.20672
130.241828
130.269224
130.374748
130.392184
130.44492
130.457572
130.50422
130.552688
130.61958
130.640596
130.714012
130.730232
131.124656
131.144396
131.1646
131.178332
131.2196
131.292404
131.298976
131.336356
131.436512
131.54664
131.607016
131.640992
131.721676
131.750216
131.755196
131.8456
131.995128
132.079548
132.0926
132.1317
132.249036
132.285648
132.321476
132.33688
132.440872
132.501928
132.533208
132.559516
132.602032
132.728912
132.750584
132.836288
132.840492
132.880092
132.907128
132.935304
133.022588
133.107004
133.15574
133.220048
133.286156
133.34734
133.349656
133.354244
133.4436
133.46472
133.505876
133.578748
133.66094
133.671028
133.80068
133.900484
134.012476
134.26206
134.367148
134.376532
134.396504
134.456888
134.518472
134.553688
134.633452
134.64194
134.684996
134.822924
134.846652
134.861336
134.916364
134.919856
135.000084
135.030448
135.0597
135.09982
135.1077
135.118716
135.237532
135.260516
135.274332
135.429308
135.555756
135.586376
135.613308
135.6594
135.666584
135.6761
135.694212
135.729364
135.759516
135.764376
136.021864
136.045468
136.064712
136.07938
136.165148
136.212204
136.257256
136.474204
136.478352
136.53104
136.67894
136.75582
136.801752
136.846384
136.972904
137.090172
137.265208
137.282572
137.36602
137.446856
137.568688
137.616756
137.660916
137.679692
137.76246
137.86298
137.868816
137.927104
137.93694
137.98928
138.146268
138.217664
138.22598
138.302412
138.341712
138.529872
138.623136
138.682936
138.777928
138.862404
138.96122
139.006372
139.026072
139.091888
139.2194
139.22478
139.332152
139.371868
139.443696
139.570776
139.695396
139.805492
139.965008
140.077792
140.182248
140.203512
140.2879
140.33046
140.356132
140.455104
140.554632
140.649924
140.813408
140.958812
141.00544
141.035956
141.2901
141.295048
141.381788
141.383708
141.478524
141.515676
141.52842
141.549696
141.656144
141.672848
141.840784
141.953148
142.090044
142.22088
142.283144
142.294368
142.321128
142.340128
142.351116
142.375556
142.381672
142.394224
142.550124
142.595524
142.60604
142.673176
142.70388
142.709488
142.828592
142.883072
142.9084
143.101024
143.41708
143.43716
143.469928
143.519632
143.627112
143.653112
143.769452
143.795628
143.843192
143.88724
143.978096
144.139348
144.149268
144.166036
144.240488
144.388484
144.395292
144.444608
144.494404
144.62162
144.638004
144.722364
144.91894
144.944376
145.064728
145.380748
145.412036
145.446632
145.450292
145.515144
145.577384
145.627324
145.638056
145.695132
145.814756
145.91882
145.943388
145.948748
146.021424
146.06222
146.168776
146.246908
146.2731
146.311472
146.318012
146.372272
146.496656
146.507628
146.570696
146.639496
146.66214
146.696876
146.714128
146.842264
146.887056
146.921016
146.955332
146.984216
147.022828
147.093076
147.13104
147.134156
147.173164
147.200532
147.2073
147.309008
147.373684
147.396896
147.463024
147.50816
147.630504
147.670804
147.676744
147.729112
147.941464
147.981216
148.168772
148.18736
148.245716
148.284444
148.372748
148.386816
148.405784
148.409612
148.497732
148.548876
148.581872
148.655756
148.684052
148.710324
148.719312
148.766072
148.80438
148.828052
148.835172
148.893024
148.941164
149.045756
149.130964
149.141324
149.164412
149.318756
149.45186
149.478928
149.484092
149.523468
149.547724
149.826648
149.920744
149.945372
149.94874
149.999316
150.209344
150.41054
150.439672
150.570948
150.611816
150.636316
150.638004
150.73946
150.830556
150.877276
150.882772
150.920364
150.97862
151.063612
151.143876
151.204708
151.29974
151.4752
151.553076
151.567676
151.572692
151.608964
151.625344
151.63822
151.734908
151.799456
151.80164
151.981784
151.984984
151.999772
152.014612
152.055028
152.095544
152.097412
152.118256
152.16378
152.179704
152.244568
152.350632
152.36252
152.391304
152.407536
152.686648
152.790428
152.811184
153.100668
153.138036
153.403096
153.416444
153.521148
153.533192
153.621368
153.6458
153.709516
153.752508
153.817768
153.959624
153.988156
154.087224
154.108112
154.157804
154.166004
154.369548
154.399484
154.427272
154.442292
154.456316
154.484828
154.766456
154.778616
154.794368
154.830472
154.997632
155.086928
155.107956
155.174716
155.202544
155.23972
155.325932
155.517872
155.52906
155.68358
155.740616
155.832232
155.842404
155.951384
155.961088
156.041216
156.158784
156.552232
156.606776
156.623808
156.804492
156.841232
156.948536
156.957252
157.024936
157.071688
157.111268
157.192344
157.236928
157.240844
157.454904
157.458188
157.488608
157.637296
157.937544
157.983144
158.093036
158.105956
158.202184
158.254688
158.672384
158.946156
159.105616
159.137472
159.223316
159.23574
159.246376
159.311676
159.314976
159.368436
159.384992
159.391224
159.480896
159.514496
159.566016
159.621644
159.67774
159.724884
159.745212
159.754264
159.793672
159.8366
159.897068
160.31376
160.355272
160.357552
160.45542
160.48974
160.500536
160.511904
160.517264
160.54896
160.564444
160.57736
160.755268
160.802452
160.822224
160.971008
161.006272
161.017512
161.093812
161.137548
161.14266
161.211856
161.37106
161.402472
161.465328
161.5786
161.586124
161.805472
161.99162
162.006988
162.048452
162.071684
162.136984
162.179024
162.192056
162.242968
162.265072
162.35164
162.354344
162.405092
162.510436
162.759968
162.791936
162.8869
162.89036
162.915296
162.936896
163.088808
163.11668
163.14538
163.17188
163.412992
163.569124
163.765656
163.826044
163.86742
163.950152
164.042396
164.237908
164.26396
164.266868
164.283224
164.345516
164.376588
164.40166
164.479572
164.50756
164.513044
164.652548
164.69562
164.715788
164.834508
164.874072
164.899368
165.03458
165.21602
165.254328
165.290764
165.295872
165.42892
165.454864
165.653392
165.747736
165.76346
165.770944
165.792156
165.81688
165.8312
165.88396
166.072792
166.227796
166.271236
166.359876
166.436888
166.44248
166.459912
166.562688
166.596124
166.624028
166.7083
166.7296
166.747428
166.918624
166.9387
166.948316
166.992216
167.008088
167.040356
167.157104
167.190676
167.32648
167.379972
167.515388
167.662372
167.672476
167.851636
167.92534
167.941508
168.02672
168.15996
168.389516
168.449448
168.48624
168.516384
168.748624
168.824116
169.029084
169.24148
169.291372
169.324616
169.581704
169.7487
169.870316
169.94678
169.954988
169.990272
170.008644
170.15906
170.258624
170.322796
170.396688
170.597684
170.645792
170.722204
170.734568
170.75914
170.80986
170.892504
170.950048
170.952188
170.975656
170.99872
171.046404
171.091528
171.144448
171.193376
171.256716
171.2936
171.3553
171.361992
171.375052
171.3899
171.480328
171.737376
171.846636
171.867364
172.027236
172.06658
172.226652
172.282504
172.34088
172.372388
172.389196
172.461828
172.547164
172.612896
172.988052
173.001324
173.036172
173.090964
173.099124
173.1139
173.122752
173.205484
173.23854
173.262924
173.285924
173.313412
173.328344
173.443948
173.523228
173.535452
173.539196
173.591848
173.66534
173.751948
173.922452
174.00428
174.011576
174.062196
174.072812
174.09788
174.1426
174.190444
174.211476
174.261004
174.280884
174.289484
174.353504
174.419464
174.449256
174.487836
174.609384
174.729904
174.751144
174.781096
174.79926
174.812484
174.846744
174.97636
175.11004
175.133252
175.147172
175.335332
175.411864
175.484756
175.50986
175.542152
175.564096
175.613284
175.74518
175.85102
175.900796
175.967732
175.974512
176.018168
176.231364
176.345072
176.386728
176.458164
176.462836
176.519244
176.53478
176.5515
176.594488
176.597384
176.610908
176.643688
176.65636
176.705012
176.7085
176.73794
176.78146
176.863076
176.97644
177.010428
177.01588
177.033756
177.195192
177.334308
177.53566
177.56258
177.581408
177.660544
177.685208
177.920604
178.04798
178.110456
178.115308
178.290424
178.523504
178.533032
178.704748
178.969004
179.042584
179.074604
179.143756
179.151268
179.21026
179.324136
179.49292
179.534516
179.685984
179.694936
179.783948
179.882072
179.907472
180.000756
