1.2e-05
0.38314
0.763248
1.002364
1.138296
1.3479
1.400272
1.839924
1.96314
2.200016
2.26016
2.311256
2.378752
3.138952
4.29024
4.395116
5.08374
5.37556
5.445416
5.51294
6.01398
7.38542
7.468652
7.876696
8.159856
8.31542
8.533192
8.655828
9.108636
9.228736
9.371984
9.479296
9.708216
9.899664
10.058228
10.272732
10.710232
11.004336
11.857016
12.463
12.806248
13.755076
14.106468
14.289376
14.602108
14.927332
16.272428
16.324408
16.65814
16.79714
17.298304
17.301564
17.517012
17.787004
18.61034
18.7116
19.386204
19.422932
19.648364
20.07872
20.257288
20.273704
20.755512
21.09034
21.937492
22.12474
22.136328
22.159624
22.616768
22.639332
22.762604
22.859316
23.16122
23.43902
23.863116
24.132192
24.546728
24.884204
25.409908
25.48304
25.580156
26.212612
26.450716
26.652484
27.400004
27.617668
29.563228
29.782212
30.30356
30.369284
32.253168
32.280208
32.468088
33.226816
33.365848
33.586604
33.646452
34.206788
34.813548
35.001664
35.529352
35.612016
35.780168
35.936
36.151524
36.349284
36.542808
36.917292
36.966664
37.312036
37.5109
37.637
38.092656
38.15258
38.464176
38.755144
38.785772
38.804132
39.41876
39.523644
39.714944
40.335312
40.5441
40.620068
41.291872
41.420276
41.5623
41.599952
41.954756
42.001748
42.066132
42.217468
42.221244
42.948648
43.247376
43.385528
43.497028
43.585508
43.635596
43.93456
44.524836
44.78616
45.625308
45.8821
46.373412
46.99728
47.112004
47.262112
47.389308
47.956752
48.874204
49.005772
49.068644
49.07802
49.773684
50.225888
50.244836
50.461292
50.53692
50.726964
51.376824
52.041776
52.177188
52.758372
53.50624
53.556552
53.732092
53.868572
53.87926
54.377724
54.509052
55.069812
55.12468
55.132284
55.545572
55.626208
56.275344
56.803164
57.159804
57.289356
57.491684
58.812784
59.54336
60.165816
61.10128
61.557764
61.621176
61.738684
61.851696
62.112104
62.72602
62.785988
63.009332
64.127424
64.95558
65.535952
65.560732
66.213788
66.405072
66.5127
66.934168
67.666004
68.51174
68.832856
68.901432
69.090156
69.884692
69.964112
70.215316
70.404928
70.514064
70.646268
70.707848
70.802288
71.188812
71.2966
71.34198
71.422028
71.938544
72.960436
73.104092
73.433664
74.40544
75.538112
75.604972
75.924896
76.111764
76.329172
76.464928
76.631392
76.758492
77.255548
77.846016
78.35366
78.47092
78.541568
79.347916
79.474892
79.702116
79.812088
80.466452
80.843828
80.96078
81.285564
82.283644
82.984276
83.11498
83.570932
83.630604
84.655956
84.887372
85.050808
85.094616
85.148352
85.26
85.611272
85.698644
85.860152
85.935408
86.448868
86.549184
86.615844
87.043484
87.219996
87.408112
87.687048
87.904084
87.936168
87.945144
88.058004
88.248556
88.306132
88.558796
88.75962
88.948168
89.523256
89.945632
90.222704
90.236828
90.427332
90.63266
90.683324
90.857064
90.892008
90.950172
91.404252
92.239212
92.588212
92.999668
93.114328
93.28504
93.502948
93.631304
94.817564
95.147288
95.301908
95.385068
96.447736
96.806184
96.9235
97.0178
97.775596
97.99752
99.373312
99.386464
100.001228
100.34372
100.5341
100.907084
101.029064
102.08376
102.284576
102.344976
102.538756
102.689164
102.798724
103.276424
103.650364
103.773516
104.505508
104.970832
105.000432
105.267756
105.84796
106.021392
106.233364
106.35558
106.38312
107.091912
107.271836
107.6287
107.699972
108.99004
109.108704
109.278508
109.671196
110.243084
110.546432
110.589632
110.975716
111.272556
111.441944
111.747984
112.040044
112.965184
112.969536
113.23432
113.48602
113.703352
114.007272
114.315516
114.541088
114.58608
114.631064
115.416916
115.650788
115.715612
115.931304
115.933156
116.31684
116.38708
116.816736
117.340944
117.889868
118.255648
118.775556
118.79394
120.424236
120.651236
120.906212
121.172688
121.267152
121.309568
121.560052
122.074976
122.090132
122.225192
122.2645
122.283384
122.631476
122.80392
122.877376
123.413432
123.655272
125.063408
125.222608
125.762264
125.804624
126.00272
126.022756
126.067892
126.690608
127.2435
127.405324
127.591284
128.052116
128.2179
128.311604
128.431924
128.600916
129.31644
129.629476
129.702808
130.566124
130.640244
130.761524
131.223008
131.704608
132.072932
132.205224
132.213512
132.50848
132.658888
183.858332
