0.55402
0.690224
2.597404
3.048308
3.8756
3.952576
5.399244
5.62882
7.518512
7.970924
8.117276
8.156724
8.46628
9.398488
10.000852
10.702808
12.656964
12.727048
12.82988
16.929556
17.37542
17.506464
18.192772
21.320296
22.955168
23.130664
23.250908
24.081896
24.396692
25.33654
26.525968
28.586392
30.851844
31.22388
31.449356
33.455076
33.544244
33.560916
35.160664
35.649824
39.632528
41.75682
42.566568
45.411472
45.474568
46.420444
47.043352
49.133416
50.431016
51.430584
52.13264
52.50642
53.136344
53.405876
53.4631
53.492452
53.992588
57.307296
58.878712
61.01706
61.992028
63.215764
66.751612
67.116956
67.143036
67.189444
67.284732
69.925736
71.313376
71.753504
72.578928
74.131644
75.020116
75.383516
75.627884
78.083708
78.787164
78.879892
78.976048
79.524988
81.036032
81.426888
83.003404
83.881308
83.901412
84.157828
85.251044
86.731952
89.230316
89.488228
90.203672
90.49216
90.65442
91.062036
92.165656
92.253436
92.4488
93.58676
95.184748
96.310204
96.452948
96.756868
98.593748
98.833856
100.03896
100.718104
101.195496
102.23154
102.493184
103.139388
104.846088
106.9225
109.256032
111.136868
111.330976
113.474624
114.125028
114.289052
115.023188
117.111344
117.844676
118.545192
120.316472
121.506492
121.739284
122.361452
123.444172
123.81494
125.259792
125.683128
125.7469
127.239476
128.215792
128.39656
128.510512
129.04006
129.191736
130.252232
132.182508
132.23214
132.966624
133.122992
134.02108
135.292052
135.4476
135.475544
136.011008
136.165044
137.2317
137.373304
138.953228
139.736264
140.536752
140.588152
141.338556
141.452056
141.539136
142.530972
142.833468
143.033416
145.424636
146.194956
146.805268
147.484356
147.944844
149.791716
151.256872
152.199348
152.956676
153.764584
153.992964
156.358488
156.985028
157.700244
159.807224
160.14208
160.191352
160.69182
161.241856
162.047152
162.744664
162.888512
163.566788
165.334888
167.814028
167.900832
169.825068
170.148172
170.813864
171.705
171.747388
173.487896
174.410076
174.503544
174.565312
175.376264
176.010656
176.151592
176.373928
178.071504
178.800172
180.720748
