1.2e-05
0.072044
0.25986
0.356424
0.799628
0.89668
1.0151
1.152784
1.218788
1.445064
1.71054
1.726532
1.97528
2.0897
2.211808
2.54528
2.645504
2.696804
2.78078
2.938104
3.05244
3.14802
3.218256
3.242736
3.856488
3.911728
3.994024
4.166128
4.210812
4.23412
4.26194
4.288272
4.381384
4.447564
4.54724
4.717828
4.727772
4.960184
5.529876
5.615476
5.648136
5.75638
5.972708
5.99626
6.11768
6.370192
6.804344
6.81812
6.827848
6.993188
7.155576
7.254812
7.34486
7.379856
7.50562
7.709412
7.798288
7.897788
7.942512
8.013296
8.306324
8.384688
8.7627
8.82818
9.044096
9.200664
9.300028
9.415304
9.656188
9.973948
10.006212
10.413344
10.662164
10.67172
10.69474
10.779012
10.851644
11.039464
11.19752
11.208664
11.2471
11.344828
11.421212
11.726088
11.750704
11.763784
11.783984
11.822336
11.989604
12.65396
13.223156
13.35678
13.54466
13.6883
13.689988
13.729636
13.902428
14.053512
14.085908
14.285644
14.372292
14.388088
15.072676
15.189212
15.243216
15.292588
15.457964
15.500212
15.514796
15.891796
15.933368
16.187592
16.368632
16.373928
16.397164
16.444224
16.4916
16.835008
17.055988
17.148992
17.383124
17.682672
17.812476
17.866212
17.922536
17.927312
18.0294
18.233192
18.249876
18.308232
18.496404
18.644796
19.43254
19.497024
19.605232
19.624556
19.787208
19.8724
19.943632
19.992944
20.175012
20.266448
20.435204
20.480116
20.592332
20.624216
20.71848
20.85518
20.974084
21.406488
21.464352
21.633556
21.678092
21.751404
21.77982
22.017084
22.128564
22.306488
22.863272
23.234452
23.287784
23.313776
23.335956
23.475768
23.729992
23.736156
23.927952
24.146412
24.516444
24.6983
24.8183
24.827152
24.872312
24.943536
24.956348
25.003232
25.240312
25.294072
25.328612
25.45878
25.579224
25.791096
25.802764
25.84928
25.868384
25.884768
25.938588
26.184644
26.244464
26.286156
26.540032
26.550752
26.754648
26.85052
26.898764
27.088424
27.197128
27.201552
27.261744
27.339464
27.437664
27.439836
27.555232
27.587952
27.596388
27.65198
27.662968
27.731468
27.941532
27.998244
28.076544
28.361724
28.60742
28.791392
28.875488
28.885544
29.249676
29.459128
29.5675
29.916536
29.944484
29.969936
30.178372
30.182116
30.360988
30.578188
31.042888
31.059852
31.196584
31.310332
31.356612
31.503084
31.630256
31.8313
31.837672
31.935264
32.16486
32.318456
32.416724
32.624572
32.791308
32.890936
32.91722
33.101076
33.216472
33.334888
33.5704
33.749976
33.82488
33.867608
34.284804
34.41574
34.480584
34.62718
34.983816
34.993004
35.256196
35.358112
35.41188
35.423008
35.484616
35.781464
35.914884
36.106912
36.314384
36.330756
36.635616
36.685268
36.839924
36.850516
36.98042
37.100584
37.401884
37.596892
37.998564
38.061164
38.101472
38.153532
38.25982
38.2739
38.281104
38.39716
38.436764
38.617484
38.632844
38.86168
38.86918
38.94898
39.004956
39.062776
39.067112
39.117012
39.134888
39.190096
39.258748
39.596364
39.782936
39.812884
40.162048
40.544684
40.617452
40.715492
40.825112
40.857632
41.067928
41.071104
41.251984
41.273336
41.424488
41.490348
41.564656
41.841496
41.848092
41.89684
42.069652
42.205976
42.352484
42.528612
42.5643
42.839736
43.008756
43.043816
43.456624
43.862748
43.96914
43.971324
44.29984
44.443364
44.56166
44.593476
44.977436
45.15168
45.19382
45.197412
45.417532
45.428256
45.47708
45.488464
45.771728
45.797584
46.11474
46.733568
46.766724
46.927548
46.96814
46.987688
47.084592
47.171292
47.194444
47.31844
47.3758
47.385852
47.388888
47.490756
47.627144
47.640188
47.708444
47.754324
47.780136
47.843592
47.85624
47.937236
48.028324
48.192924
48.223372
48.5749
48.637628
48.83642
48.840156
48.854248
48.863748
48.917644
49.273612
49.564556
49.618072
49.689444
49.831648
50.123552
50.29474
50.56772
50.747024
50.817812
50.82486
50.872672
51.040008
51.104716
51.138424
51.210628
51.652008
51.823664
52.169908
52.383912
52.512016
52.70572
52.769076
52.811116
52.83996
52.861236
53.23464
53.427884
53.5248
53.643688
53.648112
53.77542
53.831732
53.85562
54.064704
54.152584
54.378368
54.391344
54.650052
54.662228
54.834568
54.995576
55.153028
55.190448
55.256928
55.41546
55.517812
55.75968
55.785184
55.885504
55.927956
55.976412
56.00262
56.006132
56.150284
56.220444
56.237736
56.492412
56.5998
56.610584
56.7712
56.887812
56.974712
57.069028
57.209096
57.377832
57.430492
57.499252
57.506844
57.559508
57.641576
57.77162
57.793948
58.11364
58.51822
58.609432
58.62158
59.078264
59.09024
59.108592
59.224428
59.5717
59.622432
59.828132
59.836568
59.902412
60.174612
60.207516
60.408136
60.61572
60.673064
60.693872
60.900164
61.072216
61.099464
61.307148
61.412488
61.419844
61.46278
61.487676
61.490672
61.612428
61.623064
61.705156
61.733636
61.814428
62.412408
62.514104
62.642628
63.06674
63.075472
63.094276
63.12764
63.158288
63.231016
63.2722
63.407392
63.414984
63.556776
63.877492
64.168688
64.234048
64.32058
64.343336
64.352092
64.520664
64.585876
64.638052
64.929368
65.063772
65.385892
65.4785
65.561024
65.563744
65.702704
65.743776
65.855304
65.898912
66.04258
66.079224
66.086364
66.2591
66.578672
66.7775
66.798048
67.003236
67.19948
67.21954
67.249148
67.283044
67.295124
67.305
67.341
67.661108
67.924624
68.017424
68.04306
68.128388
68.184636
68.220988
68.33158
68.525888
68.565632
68.644408
68.905872
69.012292
69.180036
69.208212
69.243672
69.533244
70.099176
70.290124
70.337024
70.365884
70.409068
70.564096
70.582188
70.873852
71.04684
71.148472
71.363952
71.3689
71.677396
71.801684
71.936824
71.987768
72.42708
72.56784
72.777252
72.896592
72.973188
73.216788
73.22272
73.407296
73.765812
74.041972
74.121804
74.394868
74.607516
74.618636
74.725228
74.847292
74.912976
75.112644
75.123664
75.448024
75.721948
75.745824
75.817448
75.88688
75.889676
75.893204
75.925244
76.20378
76.314996
76.325828
76.351412
76.391156
76.44716
76.483712
76.69228
76.707532
76.725392
76.744192
76.830332
77.0609
77.251904
77.372996
77.47246
77.61788
77.6269
77.845672
77.857228
78.215776
78.509232
78.513852
78.61634
78.924472
78.966308
79.10976
79.136668
79.259636
79.411796
79.841652
79.924916
80.019532
80.20878
80.216
80.301048
80.381688
80.545052
80.662076
80.759412
80.76738
80.815576
80.82928
80.912732
81.639152
81.664732
81.711956
81.810356
82.173712
82.306872
82.473112
83.157032
83.3758
83.467448
83.680596
84.011744
84.08446
84.573356
84.582336
84.598376
84.711828
84.732408
84.836944
85.002304
85.08516
85.091612
85.193764
85.446884
85.487884
85.590336
85.717276
85.80544
85.85948
85.941556
86.040508
86.126092
86.148048
86.258588
86.294688
86.5458
86.54816
86.556812
86.644556
86.895408
86.924824
86.981792
87.301148
87.347896
87.532688
87.72108
87.782116
87.930856
88.1058
88.214936
88.270456
88.331528
88.389632
88.40674
88.432784
88.48082
88.806332
88.89702
88.909624
89.046244
89.07368
89.156692
89.180796
89.25282
89.412708
89.724232
89.812316
89.993488
90.08898
90.404776
90.478164
90.494728
90.589984
90.685776
91.0912
91.20398
91.31088
91.53856
91.620072
92.045572
92.277912
92.485312
93.107508
93.211072
93.315336
93.33226
93.505208
93.614384
93.624528
93.673868
93.893396
94.006832
94.31596
94.380468
94.397792
94.406408
94.507616
94.81846
94.90382
94.92182
94.967656
94.988272
95.096716
95.295088
95.359156
95.425276
95.481368
95.794736
95.80756
96.08184
96.16862
96.188276
96.246296
96.3955
96.527732
96.542356
96.55614
96.587492
96.780668
96.850944
96.867896
96.987644
96.995128
96.997848
97.026372
97.408288
97.570164
97.8448
98.105872
98.253968
98.399104
98.420292
98.767244
98.785216
98.897936
98.91416
99.055588
99.068952
99.103812
99.265564
99.401464
99.42068
99.534432
99.754164
99.782784
99.897164
100.287052
100.531596
100.645592
100.795388
100.923836
100.937324
101.11916
101.202652
101.46114
101.739064
101.752724
101.805368
102.04044
102.378284
102.408112
102.48348
102.54632
102.572252
102.744148
102.86446
102.96296
103.058776
103.114388
103.152652
103.40034
103.415084
103.723024
103.760804
104.069664
104.128072
104.317696
104.351652
104.454364
104.76336
105.12876
105.291488
105.350484
105.483176
105.557456
105.818688
105.853892
105.969336
106.023696
106.033356
106.097668
106.200796
106.363572
106.455188
106.547432
106.733344
107.028436
107.334184
107.438852
107.546168
107.626024
107.683376
107.739356
108.000372
108.371752
108.533128
108.54362
108.619232
108.669724
108.712112
109.194032
109.253888
109.265336
109.618648
110.14972
110.230752
110.262872
110.322008
110.760704
110.779304
111.022748
111.303968
111.328872
111.62388
111.697488
111.814504
112.093124
112.170272
112.51018
112.529824
112.562352
112.67718
112.758736
112.96818
113.056392
113.119048
113.533196
113.573068
113.613752
113.633244
113.767424
113.865396
114.0012
114.059872
114.105684
114.2609
114.45304
114.74892
114.957016
115.105908
115.169704
115.343112
115.412452
115.579968
115.680732
115.831
115.833248
116.307028
116.39334
116.442056
116.525484
116.623576
116.72946
116.853492
117.072412
117.082108
117.102328
117.3875
117.472944
117.583944
117.744036
117.868888
118.044332
118.046544
118.12192
118.323944
118.41422
118.481196
118.524336
118.75368
118.954316
119.297828
119.394744
119.409804
119.455008
119.48348
119.48992
119.636484
119.684508
119.702452
119.711008
120.312052
121.456384
121.644488
121.727796
121.767128
121.824928
121.896272
122.137812
122.164904
122.78172
122.824012
122.921808
123.133012
123.211812
123.218968
123.351972
123.403044
123.4251
123.547692
123.611072
123.614164
123.708108
123.71986
123.853644
124.0998
124.211048
124.453708
124.504952
124.525932
124.650276
124.907848
125.341228
125.3745
125.511232
125.606244
125.617572
125.837184
125.923228
126.031984
126.171572
126.184376
126.612776
126.69606
127.018844
127.427216
127.602104
127.746872
127.758664
127.854572
128.207648
128.297884
128.430764
128.526
128.611952
128.85076
128.919252
128.996432
129.101592
129.132624
129.134804
129.587336
129.749004
129.913116
129.958092
130.070364
130.091116
130.132364
130.19972
130.205624
130.2215
130.242824
130.277928
130.355564
130.440628
130.56684
130.720168
130.84612
131.281136
131.331128
131.633352
131.68712
131.718268
131.852916
131.906536
132.294352
132.324208
132.692028
132.715328
132.750484
132.965364
133.225196
133.36104
133.54656
133.549884
133.582128
133.91202
133.920164
133.94722
134.063464
134.23542
134.279124
134.300688
135.660932
135.8987
136.029224
136.070648
136.358832
136.441028
136.488388
136.540592
136.783488
136.807456
136.834936
136.918596
137.1647
137.345236
137.461192
137.463672
137.490468
137.8369
137.848948
137.966256
138.000632
138.234412
138.422988
138.449268
138.530408
138.848148
139.067
139.284736
139.32376
139.654716
139.726792
140.053904
140.367172
140.719692
140.798072
141.08046
141.185504
141.317052
141.519208
141.545624
141.555016
141.613984
141.684964
142.079052
142.1283
142.261024
142.266516
142.40534
142.46896
142.480776
142.692452
142.835464
142.840612
142.951372
143.400988
143.68706
143.77404
144.047792
144.364468
144.39348
144.562148
144.627372
144.927048
144.958732
145.347464
145.489612
145.52142
145.621836
145.86426
146.163548
146.442364
146.763632
146.769476
147.126116
147.300124
147.352476
147.412932
147.636044
147.737532
147.811396
147.910288
147.960532
148.102568
148.201488
148.286896
148.293312
148.344016
148.494892
148.618776
148.848124
149.041228
149.583076
149.744572
149.77758
150.068696
150.378976
150.66034
150.686924
150.93122
151.047408
151.064392
151.147424
151.220216
151.282664
151.308396
151.324416
151.4296
151.432636
151.438936
151.472564
151.647344
151.847224
152.272288
152.35868
152.473872
152.633756
152.695496
152.705268
152.934252
153.03684
153.357576
153.821876
153.959856
154.01314
154.101876
154.256012
154.28358
154.2986
154.340984
154.597552
154.668064
154.833208
154.925632
155.448892
155.994948
156.133268
156.136528
156.15208
157.005328
157.088292
157.16464
157.391412
157.508148
157.51822
157.83902
157.88226
158.078944
158.312148
158.371944
158.455324
158.486052
158.780952
158.798724
158.884568
158.919912
159.119272
160.000376
160.02394
160.04236
160.077112
160.123112
160.207284
160.430336
160.509428
160.717604
161.362392
161.39954
161.422704
161.4724
161.539496
161.682328
161.744828
161.783896
161.882888
162.206692
162.438728
162.647264
162.722372
162.86922
163.3313
163.573312
163.702448
163.731072
163.77362
163.848372
163.92494
164.088308
164.334736
164.361908
164.461416
164.481248
164.549192
164.58344
164.625132
164.82438
164.916004
165.117412
165.366708
165.499476
165.684588
165.885152
165.924936
166.03726
166.476396
166.999404
167.715532
167.738516
167.854636
167.993984
168.1127
168.143332
168.145148
168.183412
168.358668
168.403568
168.68598
168.931404
169.539112
169.792692
169.806396
169.87372
170.03966
170.09956
170.129948
170.168332
170.553688
170.617148
170.671188
170.676908
170.85028
170.871096
171.098816
171.143072
171.302496
171.713232
172.01834
172.289328
172.375116
172.826604
172.856024
172.903284
172.992804
173.13278
173.135676
173.25652
173.26958
173.461116
173.541732
173.65076
173.723624
173.965996
174.034368
174.206516
174.233508
174.37424
174.695424
174.707684
174.718696
174.838848
175.548236
175.629388
175.728712
175.754368
175.836664
175.857636
175.895356
176.098348
176.127864
176.14896
176.400508
176.619592
176.84122
176.857028
176.963616
177.115036
177.414448
177.490872
177.801856
178.10746
178.347388
178.374536
178.685868
178.800308
178.854652
179.343584
179.633328
179.771052
179.985164
180.197528
