1.056824
1.056924
1.076928
1.077028
1.427776
1.427876
1.545628
1.545728
1.546336
1.546436
1.54648
1.546544
2.156124
2.156224
2.591672
2.591768
2.646952
3.1244
3.1245
3.21784
3.21794
3.21856
3.21866
3.218996
3.219096
3.219836
3.219936
3.222588
3.222684
3.22306
3.223156
3.224
3.224104
3.224176
3.224276
3.22432
3.224396
3.225152
3.225216
3.22528
3.225344
3.225408
3.225472
3.225536
3.933004
3.933104
4.509332
4.509432
5.056196
5.056296
5.875324
6.338796
6.338896
6.339388
6.339488
6.340524
6.340624
6.34126
6.34136
6.342008
6.342108
6.342512
6.342612
6.342656
6.342736
6.34308
6.343176
6.34324
6.34334
6.344064
6.344128
6.344192
6.344256
6.34432
6.344384
6.816784
6.816884
6.901928
6.902028
6.9047
6.904804
6.905132
6.905232
6.905328
6.905428
6.905624
6.905724
6.905776
6.905876
6.90592
6.905984
6.906028
6.906124
6.906196
6.906296
6.907192
6.907256
6.907324
6.907384
6.907448
7.10112
7.10122
7.461104
7.461204
7.615876
7.615976
7.708976
7.709076
7.833008
7.833108
7.861972
7.862072
7.865456
7.865556
8.37344
8.37354
8.374216
8.374316
8.374424
8.374524
8.374752
8.374852
8.374896
8.374996
8.375296
8.375396
8.375488
8.375588
8.375704
8.3758
8.375844
8.3766
8.376664
8.376728
8.376792
8.376856
8.37692
10.705836
10.705936
10.952256
10.952356
10.954312
10.954412
10.955032
10.955132
10.956204
10.956304
10.956396
10.956496
10.956592
10.956692
10.956832
10.956932
10.957064
10.957164
10.957312
10.957412
10.958552
10.958616
10.95868
10.958744
10.958808
11.148276
11.148376
11.194808
11.194908
11.367732
11.367832
11.781736
11.781836
11.782316
11.782416
11.783548
11.783648
11.784544
11.784644
11.784828
11.784928
11.785276
11.785376
11.785472
11.785572
11.785716
11.785816
11.785908
11.786008
11.786996
11.78706
11.787124
11.787188
11.787252
12.329664
12.329764
12.332008
12.332108
12.332184
12.332284
12.333116
12.333216
12.334324
12.334424
12.334648
12.334748
12.334944
12.335044
12.335168
12.335268
12.335688
12.335788
12.336972
12.337036
12.3371
12.33614
12.336204
12.336268
14.313576
14.313676
14.713336
14.713436
14.767416
14.767516
14.768132
14.768232
14.768756
14.768856
14.768976
14.769076
14.76912
14.769184
14.769704
14.7698
14.769932
14.770032
14.770076
14.77014
14.770304
14.770572
14.77166
14.771724
14.771792
14.771852
14.771916
15.295024
15.295124
15.810356
15.810456
17.32606
17.32616
17.435352
17.435452
17.436948
17.437048
17.437376
17.437476
17.43752
17.437616
17.43812
17.43822
17.438804
17.438904
17.439152
17.439252
17.439296
17.439368
17.439416
17.439516
17.440624
17.440692
17.440752
17.439792
17.439856
17.43992
17.731012
17.731112
17.73222
17.73232
17.733328
17.733428
17.733636
17.733736
17.733948
17.734048
17.734088
17.734152
17.73458
17.73468
17.73482
17.73492
17.73498
17.73508
17.736272
17.736336
17.7364
17.783496
17.783596
18.020076
18.020176
18.022288
18.022388
18.368592
18.368692
19.061248
19.061348
19.379432
19.379532
20.60622
20.60632
20.860344
20.86064
20.86074
20.860784
20.860848
20.86094
20.861036
20.861128
20.861228
20.861272
20.86134
20.861384
20.861456
20.861504
20.861604
20.861684
20.86178
20.862476
20.86254
20.862604
20.862668
20.862732
20.862796
20.984028
20.984128
21.154116
21.154216
21.196984
21.197084
21.203596
21.203696
22.267716
22.267812
22.549504
22.549604
22.590296
22.590396
22.59918
22.59928
23.662488
23.662592
23.839048
23.839148
24.446448
24.446548
24.467024
24.467124
25.623224
25.623324
25.872444
25.872544
25.8737
25.8738
25.873844
25.87392
25.874364
25.874464
25.874664
25.874768
25.874864
25.874964
25.875008
25.875096
25.87514
25.875204
25.875244
25.875604
25.875668
25.875732
25.875796
25.87586
26.09448
26.09458
26.097084
26.097184
27.518132
27.518232
27.577216
27.577316
27.848044
27.848144
27.848872
27.848972
27.8491
27.8492
27.849392
27.849492
27.849696
27.849796
27.850044
27.850152
27.85036
27.85046
27.850504
27.850588
27.850856
27.851196
27.852284
27.852348
27.852412
27.852476
27.85254
28.138412
28.138512
28.572252
28.572352
28.661016
28.661116
28.821588
28.821688
28.824172
28.824272
28.825444
28.825544
28.827096
28.827196
28.827384
28.827484
28.827776
28.827876
28.828956
28.829056
28.829128
28.829228
28.82976
28.82986
28.830024
28.831008
28.831072
28.831136
28.8312
28.831264
28.910912
28.911008
29.211312
29.211412
29.232448
29.232548
29.54216
29.54226
29.69072
29.690816
30.04312
30.04322
30.04338
30.04348
30.04474
30.04484
30.045292
30.045392
30.04548
30.04558
30.0457
30.0458
30.045904
30.046004
30.046048
30.046116
30.046168
30.046276
30.04634
30.046408
30.046468
30.046532
30.125664
30.125764
30.159784
30.511108
30.511208
30.936188
30.936288
31.56988
31.56998
31.574384
31.574484
32.057116
32.057216
32.149348
32.149448
32.152864
32.152964
32.826144
32.826244
33.48138
33.48148
33.484136
33.484236
33.484868
33.484968
33.485064
33.485164
33.485208
33.485272
33.485384
33.48548
33.485532
33.485632
33.48596
33.48606
33.486112
33.486212
33.487664
33.487728
33.487792
33.48786
33.486896
34.8118
34.8119
34.811988
34.812088
34.812472
34.812568
34.813032
34.813132
34.813176
34.813252
34.813404
34.813504
34.813548
34.813612
34.81372
34.81382
34.813888
34.814956
34.813996
34.81406
34.814124
34.814188
35.330508
35.330608
35.341416
35.341516
36.410268
36.410368
37.228512
37.228612
37.376012
37.376108
37.376268
37.376368
37.37662
37.37672
37.617144
37.617244
37.725452
37.725552
38.315152
38.315252
38.492188
38.492288
38.529988
38.530088
39.504316
39.504416
39.872032
39.872132
39.976612
39.976712
40.062392
40.062492
40.062536
40.062636
40.063012
40.06452
40.064596
40.06464
40.064704
40.064748
40.064812
40.064856
40.06492
40.064964
40.065028
40.065072
40.065136
40.065632
40.06672
40.066784
40.066848
40.066912
40.066976
40.628056
40.628156
40.62874
40.62884
40.63192
40.63202
40.6323
40.6324
40.63246
40.63256
40.632604
40.632688
40.632764
40.632864
40.6331
40.6332
40.633252
40.633356
40.635368
40.634408
40.634472
40.634536
40.6346
40.945668
40.945768
41.612248
41.612348
41.612832
41.612932
41.613304
41.613404
41.613472
41.613572
41.613616
41.613696
41.614012
41.614112
41.614216
41.614316
41.614684
41.614784
41.614936
41.615396
41.61546
41.615524
41.615588
41.615652
41.615716
41.61578
42.327312
42.327412
42.480236
42.480336
42.99518
43.746204
43.746304
44.774348
44.774448
44.984648
44.984748
45.592756
45.592856
45.712016
45.712116
46.18616
46.18626
46.261444
46.261544
46.267416
46.267516
46.619164
46.619264
46.683156
46.683256
46.81944
46.81954
46.819992
46.820092
46.820136
46.820236
46.82028
46.820364
46.820412
46.820512
46.820556
46.82062
46.820664
46.820728
46.820772
46.820836
46.820904
46.821564
46.821628
46.821692
46.821756
46.82182
47.818584
47.818684
47.83282
47.83292
48.097348
48.097448
48.098604
48.098704
48.111812
48.111912
48.635996
48.636096
48.75246
48.75256
50.247136
50.247236
50.454064
50.454164
50.455324
50.455424
50.457056
50.457156
50.457456
50.457556
50.4576
50.4577
50.45798
50.45808
50.458124
50.458216
50.458272
50.458372
50.458604
50.458704
50.460352
50.460416
50.46048
50.460544
50.460608
50.577792
50.577892
50.581024
50.581124
50.851164
50.851268
50.974792
50.974892
52.976968
52.977068
53.029
53.0291
53.0294
53.0295
53.02968
53.02978
53.030056
53.030152
53.030436
53.030536
53.03058
53.030644
53.030688
53.030752
53.030832
53.030932
53.030976
53.03216
53.032224
53.032288
53.032352
53.032416
53.03248
53.290944
53.291044
54.361708
54.361808
54.363476
54.363576
54.363916
54.364016
54.36416
54.36426
54.364304
54.3644
54.364512
54.364612
54.364656
54.36472
54.364764
54.364828
54.364872
54.364936
54.365956
54.36602
54.366084
54.366148
54.414028
54.414128
54.685408
54.685508
54.685628
54.685728
56.243356
56.243452
56.247852
56.247952
56.947508
56.947608
58.0129
58.012996
58.014716
58.014816
58.618336
58.618436
58.769376
58.769476
59.207828
59.207928
59.20872
59.20882
59.208864
59.208964
59.209036
59.209136
59.209208
59.209308
59.209408
59.209508
59.209552
59.209616
59.20978
59.20988
59.209924
59.21098
59.211044
59.211108
59.211172
59.211236
59.2113
60.019116
60.019216
60.261868
60.261968
60.262772
60.262876
60.264248
60.264348
61.596192
61.596292
62.258416
62.258516
63.157004
63.157104
63.25178
63.25188
63.622464
63.62256
63.62402
63.62412
63.624248
63.624348
63.624408
63.624508
63.624552
63.624616
63.624744
63.624844
63.624992
63.625092
63.625176
63.625276
63.625448
63.625612
63.6267
63.626764
63.626828
63.626892
63.627184
63.628044
64.114356
64.114456
64.648424
64.648524
65.297748
65.297848
65.397264
65.397364
65.720848
65.720952
65.931772
66.273012
66.273112
66.920396
66.920496
66.920668
66.920768
66.920956
66.921056
66.9211
66.921164
66.921208
66.921272
66.921408
66.921508
66.921656
66.921756
66.9218
66.921896
66.921936
66.922528
66.922592
66.922656
66.92272
66.922784
67.312164
67.312264
67.312476
67.312576
67.312964
67.313064
67.313508
67.313608
67.313932
67.314032
67.314292
67.314392
67.314436
67.314512
67.314552
67.314636
67.314856
67.315312
67.3164
67.316464
67.316528
67.316592
67.320392
67.320816
68.299228
68.299328
68.590552
68.590652
68.591548
68.591648
68.59192
68.59202
68.592064
68.592128
68.592232
68.592332
68.59356
68.59366
68.59396
68.59406
68.594456
68.594556
68.594604
68.594704
68.595824
68.595888
68.595952
68.596016
69.20516
69.20526
69.689684
69.689784
70.079968
70.080068
70.095016
70.095116
70.174968
70.176472
70.612892
70.612992
70.617672
70.617772
70.65872
70.65882
70.853376
70.853476
70.856508
70.856608
70.856848
70.856948
70.857044
70.857144
70.857756
70.857856
70.8579
70.857984
70.858052
70.858152
70.85842
70.85852
70.858784
70.858884
70.860692
70.860756
70.859796
70.85986
70.859924
71.001116
71.001216
71.002396
71.002496
71.007076
71.007172
71.007372
71.007472
71.008728
71.008828
71.009212
71.009312
71.009492
71.009592
71.010304
71.010404
71.010536
71.010636
71.010844
71.011568
71.011632
71.011696
71.01176
71.082828
71.082928
71.408232
71.408332
71.4576
71.4577
71.519316
71.519416
71.520896
71.520996
72.386236
72.386336
72.666156
72.666256
73.372668
73.372768
73.508372
73.508472
73.513368
73.513468
74.737292
74.737388
74.827604
74.827704
75.236708
75.236808
75.318888
75.318988
77.2377
77.2378
77.286948
77.287048
77.292384
77.292484
77.292772
77.292872
77.340296
77.340396
77.379064
77.37916
77.52468
77.524784
77.788096
77.788196
77.788548
77.788644
77.788864
77.788964
77.78912
77.78922
77.789356
77.789456
77.7895
77.789568
77.789612
77.7897
77.78974
77.789816
77.790104
77.79022
77.790284
77.790348
77.790412
77.790476
77.79054
77.937516
77.937616
78.805596
78.805696
79.222284
79.222384
79.222624
79.222724
79.223048
79.223148
79.223192
79.223256
79.2233
79.223372
79.223416
79.22348
79.223608
79.223708
79.223752
79.22384
79.223884
79.225436
79.2255
79.225564
79.225628
79.225692
79.225756
79.52808
79.52818
79.775472
79.775604
79.775704
79.775888
79.775988
79.777352
79.777452
79.77928
79.77938
79.779672
79.779772
79.779896
79.779996
79.780356
79.780456
79.781552
79.781652
79.781696
79.78278
79.782844
79.781884
79.781948
79.782012
80.166456
80.166556
80.813688
80.813788
80.815424
80.815524
80.81782
80.81792
80.818576
80.818676
80.81872
80.818816
80.81894
80.81904
80.819252
80.819352
80.819828
80.819928
80.820072
80.820172
80.821
80.821064
80.821128
80.821192
80.820232
80.820296
81.33924
81.33934
81.665968
81.666068
82.404212
82.404644
82.404744
82.40488
82.40498
82.405252
82.405352
82.405444
82.405544
82.4062
82.4063
82.40648
82.40658
82.406624
82.406716
82.406756
82.40682
82.407364
82.407428
82.407492
82.407556
82.40762
82.407684
82.745036
82.745136
83.284228
83.284328
84.348384
84.348484
84.348528
84.348624
84.349984
84.350088
84.350568
84.350668
84.350712
84.350788
84.350832
84.350932
84.351
84.3511
84.351144
84.351216
84.351368
84.351544
84.352632
84.352696
84.35276
84.352824
84.352888
84.352952
84.407848
84.407948
84.40962
84.40972
84.412872
84.412972
84.417884
84.417984
85.007652
85.007752
85.052384
85.052484
85.18024
85.180344
85.338516
85.338616
85.522036
85.522136
85.861096
85.861196
85.862664
85.862764
85.862928
85.863028
85.863072
85.863172
85.86332
85.86342
85.863512
85.863612
85.863684
85.863784
85.863892
85.863988
85.864032
85.864248
85.865336
85.8654
85.865464
85.864504
85.864568
86.545748
86.545848
86.92136
86.92146
86.963964
86.964064
86.964252
86.964352
86.96468
86.96478
86.96812
86.96822
87.459628
87.459728
87.460152
87.460252
87.460344
87.460448
87.460588
87.460688
87.461968
87.462064
87.462272
87.462368
87.462744
87.462844
87.462936
87.463036
87.463988
87.464088
87.465916
87.464956
87.46502
87.465084
87.465148
87.465212
88.62146
88.62156
88.625088
88.625188
88.626196
88.626296
88.626532
88.626632
88.626676
88.62674
88.626784
88.626848
88.626924
88.627024
88.627124
88.627224
88.627268
88.62736
88.62878
88.628844
88.628908
88.628972
88.629036
88.6291
90.21834
90.218436
90.219212
90.219312
90.220936
90.221036
90.573388
90.573488
90.900236
90.900332
91.154764
91.15486
91.801508
91.929008
91.929108
92.367884
92.36798
92.537896
92.537996
92.581632
92.581732
93.59416
93.59426
93.67636
93.67646
95.032968
95.033068
96.9627
96.9628
97.229004
97.229104
97.729472
97.729572
98.671276
98.769024
98.76912
99.540948
99.541048
99.795572
99.795672
100.53484
100.53494
101.265428
101.265528
102.248596
102.248696
102.261512
102.261612
102.520424
102.520524
102.521492
102.521592
102.521816
102.521912
102.522124
102.522224
102.522268
102.522352
102.522856
102.522956
102.523
102.523068
102.523108
102.523176
102.52322
102.523576
102.524664
102.524728
102.524792
102.524856
102.52492
102.81144
102.81154
103.09718
103.09728
103.627852
103.627948
104.327848
104.327948
104.329648
104.329748
104.500824
104.500924
104.541928
104.542028
104.543276
104.543376
104.545568
104.545668
104.553164
104.553264
104.554928
104.555028
104.555576
104.555676
104.55622
104.55632
104.556824
104.556924
104.556992
104.557092
104.557192
104.557292
104.55756
104.557624
104.557688
104.557752
104.557816
104.931932
104.932032
105.287936
105.288036
105.28808
105.288148
105.345588
105.345688
105.83028
105.83038
106.381128
106.381228
106.381544
106.381644
106.381836
106.381936
106.382924
106.383024
106.38386
106.38396
106.385276
106.385376
106.3855
106.3856
106.385724
106.385824
106.38602
106.38612
106.387424
106.386464
106.386528
106.386592
106.386656
108.387924
108.388024
108.401344
108.401444
108.401868
108.401968
108.402548
108.402648
108.402976
108.403076
108.40392
108.40402
108.4041
108.4042
108.404468
108.404568
108.404612
108.404692
108.404736
108.404808
108.406608
108.406672
108.406736
108.405776
108.40584
108.405904
108.72048
108.72058
108.885876
108.885976
109.093424
109.093524
109.156552
109.156652
109.432248
109.432348
109.798036
109.798136
109.798632
109.798732
109.799044
109.799144
109.799188
109.799252
109.799816
109.799916
109.800192
109.800292
109.800656
109.800752
109.800976
109.801076
109.80116
109.80126
109.80228
109.80234
109.802404
109.802468
109.801508
110.46104
110.46114
110.614236
110.614336
110.924952
110.925052
110.965136
110.965236
111.445944
111.446044
111.447804
111.447904
111.449272
111.449372
111.450664
111.450764
111.450808
111.450872
111.450916
111.45098
111.451024
111.451088
111.451244
111.451344
111.451388
111.451452
111.452232
111.452296
111.45236
111.452424
111.452488
111.452552
111.452616
112.387852
112.387952
112.499548
112.499648
112.500352
112.500452
112.50142
112.50152
112.501644
112.501744
112.502308
112.502408
112.5028
112.5029
112.50294
112.503012
112.50308
112.503184
112.503268
112.503368
112.504816
112.503856
112.50392
112.503984
112.67718
112.67728
112.958948
112.959048
113.331484
113.331584
113.491608
113.491708
113.678424
113.678524
113.678984
113.679084
114.175764
114.175864
114.528056
114.528156
114.530268
114.530368
114.530832
114.530932
114.53142
114.53152
114.53226
114.532364
114.532456
114.532556
114.532652
114.532752
114.532864
114.532964
114.53314
114.533236
114.534352
114.533392
114.533456
114.53352
114.533584
114.533648
114.959888
114.959988
114.960568
114.960668
115.02682
115.02692
115.093608
115.093708
115.145888
115.145988
115.58302
115.58312
116.281888
116.281988
116.339504
116.339604
116.340412
116.340508
117.153272
117.153372
117.15386
117.15396
117.486196
117.486296
117.565408
117.565504
117.565708
117.565808
117.565884
117.565984
117.566084
117.566184
117.56628
117.566376
117.566488
117.566588
117.566632
117.566696
117.566748
117.566848
117.566888
117.567536
117.5676
117.567664
117.567728
117.567792
117.567856
117.829376
117.829476
118.358612
118.358712
118.701276
118.701376
119.070912
119.071012
119.146668
119.146768
119.811888
119.811988
120.332708
120.332808
120.691192
120.691292
121.01956
121.01966
121.705468
121.705568
122.81164
122.81174
123.09378
123.09388
123.0942
123.0943
123.094416
123.094516
123.09456
123.094644
123.094688
123.094772
123.09504
123.09514
123.09518
123.095272
123.095316
123.095412
123.095468
123.096928
123.096992
123.097056
123.096096
123.09616
123.096224
123.255888
123.255988
123.378568
123.378668
123.40342
123.40352
123.602796
123.602896
123.60294
123.60304
123.603264
123.603364
123.603404
123.603484
123.603688
123.603788
123.603956
123.604056
123.6041
123.6042
123.6043
123.6044
123.604532
123.605956
123.604996
123.60506
123.605124
123.605188
124.028256
124.028356
124.029232
124.029332
124.458704
124.458804
125.02756
125.02766
125.401088
125.401188
125.402112
125.402212
125.402632
125.402732
126.098492
126.098592
128.507836
128.507936
128.838616
128.838716
129.032524
129.032624
129.460768
129.460868
129.709812
129.709912
129.758124
129.758228
129.759032
129.759132
129.759252
129.759352
129.75942
129.75952
129.759796
129.759896
129.760436
129.760536
129.760732
129.760832
129.760876
129.760948
129.760992
129.761284
129.761348
129.761412
129.761476
129.76154
129.761604
130.529372
130.529472
130.716656
130.716756
131.313824
131.313924
131.663292
131.663392
131.809984
131.810084
132.348636
132.348736
132.44688
132.44698
132.448996
132.449092
132.451348
132.451452
132.451752
132.451852
132.452732
132.452832
132.452876
132.45294
132.453088
132.453188
132.4533
132.4534
132.453652
132.453752
132.4542
132.455288
132.455356
132.455416
132.454456
132.45452
132.739776
132.739876
133.172872
133.172972
133.223924
133.224024
134.180824
134.180924
134.81392
134.81402
135.4231
135.423196
135.425128
135.425228
135.425696
135.425796
135.426052
135.426152
135.426228
135.426332
135.426488
135.426588
135.426668
135.426768
135.426836
135.426936
135.42698
135.427064
135.42734
135.427404
135.427468
135.427532
135.427596
135.70358
135.70368
135.70432
135.70442
136.495128
136.495228
136.911956
136.912056
137.023308
137.023408
137.050232
137.050332
137.334152
137.334252
137.778848
137.778948
137.781208
137.781308
137.782036
137.782136
138.310492
138.310592
138.67318
138.67328
138.760404
138.760504
139.160544
139.160644
139.833692
139.833792
140.185176
140.185276
140.185688
140.185788
140.187012
140.187112
140.187156
140.18722
140.18726
140.187328
140.187532
140.187632
140.187676
140.18774
140.187852
140.187952
140.187996
140.188336
140.189424
140.189488
140.189552
140.189616
140.18968
140.18872
140.188784
140.740168
140.740268
141.737496
141.737596
143.222208
143.222308
143.277532
143.277632
144.108176
144.108276
145.479404
145.479504
145.480752
145.480852
145.482724
145.48282
145.482864
145.482928
145.482972
145.483036
145.48308
145.483144
145.483188
145.483252
145.483296
145.483376
145.48342
145.483484
145.484664
145.484728
145.483772
145.483832
145.483896
145.71604
145.71614
146.067332
146.067432
146.339388
146.339488
146.684072
146.684172
146.686896
146.687644
146.687744
146.688744
146.688844
146.689428
146.689528
146.692628
146.692728
146.958052
146.958152
148.328332
148.328428
148.614156
148.614252
149.124396
149.124496
149.125444
149.125544
149.125624
149.125724
149.125832
149.125932
149.125976
149.126052
149.126216
149.126316
149.12636
149.126424
149.126464
149.126548
149.126692
149.127552
149.127616
149.12768
149.127744
149.127808
150.094248
150.094348
150.311076
150.311176
150.406808
150.406912
150.410508
150.410608
150.413528
150.413628
150.415444
150.415544
150.415888
150.415988
150.416464
150.416564
150.41662
150.41672
150.417
150.4171
150.417144
150.41722
150.41728
150.418288
150.418352
150.418416
150.417456
150.41752
150.417584
151.522748
151.522848
152.698148
152.698248
152.77268
152.77278
152.77684
152.77694
152.93546
152.93556
152.936636
152.936736
152.936776
152.93684
152.936912
152.937012
152.93728
152.93738
152.937692
152.937792
152.937892
152.937992
152.938036
152.938104
152.938148
152.93862
152.938684
152.938748
152.938812
152.938876
152.93894
153.18898
153.18908
153.189836
153.189936
153.190092
153.190192
153.1905
153.1906
153.190644
153.190728
153.19086
153.19096
153.191004
153.191104
153.19118
153.19128
153.191324
153.192132
153.192196
153.19226
153.192324
153.192388
153.191428
153.639192
153.639292
153.639512
153.639612
153.6397
153.6398
153.641784
153.64188
153.64208
153.64218
153.642288
153.642388
153.642468
153.642568
153.642612
153.642688
153.6428
153.6429
153.643436
153.6435
153.643564
153.643628
153.643692
153.643756
154.127048
154.127148
154.129152
154.129252
154.82274
154.82284
154.967816
154.967916
154.96796
154.968048
154.968588
154.968688
154.96958
154.96968
154.970112
154.970212
154.970252
154.970324
154.970392
154.970492
154.970536
154.970616
154.97066
154.970976
154.972064
154.972128
154.971168
154.971232
154.971296
154.97136
155.657472
155.657572
156.437276
156.437376
156.47976
156.479856
156.615604
156.615704
156.899904
156.900004
156.900336
156.900436
157.325644
157.325744
157.411032
157.411128
157.411664
157.411764
157.480808
157.480908
157.525896
157.525996
158.006048
158.006144
158.008312
158.008412
158.031784
158.031884
158.28466
158.284756
158.39338
158.39348
158.393536
158.393636
159.260612
159.459512
159.459612
159.46058
159.46068
160.481476
160.481576
160.590068
160.590168
160.591904
160.592
160.59218
160.59228
160.592324
160.592388
160.592536
160.592636
160.59268
160.592744
160.592788
160.592868
160.592912
160.592976
160.593032
160.59322
160.594308
160.594372
160.594436
160.5945
160.594564
161.328976
161.329076
161.357092
161.357192
162.341836
162.341932
162.614424
162.614524
162.64648
162.64658
163.412864
163.412964
163.4312
163.4313
164.337468
164.337568
164.979496
164.979596
164.982384
164.982488
164.982764
164.982864
164.983328
164.983428
164.983532
164.983632
164.98378
164.98388
164.983944
164.984044
164.984112
164.984212
164.984252
164.98434
164.985784
164.985848
164.984888
164.984952
164.985016
164.98508
165.084504
165.084604
166.479724
166.479824
166.480704
166.480804
166.480924
166.481024
166.48132
166.48142
166.481464
166.481532
166.481612
166.481712
166.481784
166.481884
166.481928
166.482
166.482072
166.482872
166.48396
166.483
166.483064
166.483128
166.483192
166.483256
166.531392
166.531492
166.559296
166.559396
167.591764
167.59186
167.591984
167.592084
167.592308
167.592408
167.592468
167.592568
167.593192
167.593292
167.593512
167.593612
167.593748
167.593848
167.59412
167.59422
167.594372
167.59492
167.596008
167.595048
167.595112
167.595176
167.59524
167.680488
167.680588
167.689808
167.689908
169.064852
169.064952
169.065156
169.065256
169.06738
169.06748
169.067532
169.067632
169.068188
169.068288
169.06886
169.06896
169.07038
169.07048
169.071644
169.071744
169.072708
169.072808
169.0735
169.07428
169.074344
169.074408
169.074472
169.074536
169.0746
169.412728
169.412828
169.593888
169.593988
169.866016
169.866116
170.880724
171.544956
171.54506
172.651728
172.651828
172.65364
172.65374
172.655128
172.655228
172.65536
172.65546
172.655532
172.655632
172.655772
172.655872
172.655916
172.655984
172.656028
172.656092
172.656136
172.656208
172.656992
172.657056
172.65712
172.657184
172.657248
172.657312
172.657376
173.03446
173.03456
173.133428
173.133528
174.100224
174.100324
174.102204
174.102304
174.105748
174.105848
174.106316
174.106416
174.106464
174.106564
174.10684
174.10694
174.10698
174.107052
174.107468
174.107568
174.107636
174.107736
174.10786
174.109656
174.108696
174.10876
174.108824
174.108888
174.108952
174.109016
175.342268
175.342368
175.345776
175.345876
175.34684
175.34694
175.347112
175.347212
175.347344
175.347444
175.34754
175.34764
175.347752
175.347852
175.348012
175.348112
175.348156
175.34822
175.349584
175.349648
175.349712
175.348752
175.348816
175.34888
175.386208
175.386308
176.16126
176.16136
176.948752
176.948852
177.417276
177.417376
178.510012
178.510112
178.512456
178.512556
178.640228
178.640328
178.777412
178.777512
179.177588
179.177688
179.310588
179.310688
179.718928
179.719028
179.9021
179.9022
179.904128
179.904228
179.904372
179.904472
179.916456
179.916556
179.92236
179.92246
180.699796
