0.277428
0.277524
2.397336
5.665728
5.665828
11.48622
11.774152
11.774252
21.17512
21.175164
21.17526
21.175452
21.175552
21.17592
21.17602
21.176172
21.176272
21.176316
21.176408
21.176468
21.176568
21.176612
21.176712
21.176784
21.176884
21.178268
21.178332
21.177372
21.177436
21.1775
21.835528
21.835628
22.541924
22.542024
23.03966
24.062476
24.06258
25.098408
25.098508
28.53348
28.53358
29.302396
29.302496
30.15172
30.15182
30.312012
30.312112
31.067404
31.067504
33.167872
36.507908
36.508008
37.988132
37.988232
38.619916
38.620016
38.6202
38.6203
41.050176
41.050276
43.004324
43.004424
43.004876
43.00498
45.444164
45.444264
47.828572
47.828672
49.163156
49.163256
49.418984
49.419084
50.133408
51.624148
52.475928
52.476028
55.686948
55.687048
58.876824
58.878508
58.878608
58.879976
58.880076
58.884236
58.884336
66.329064
66.329164
66.330532
66.330636
66.330856
66.330956
66.331
66.33108
66.331528
66.331628
66.331832
66.331932
66.331996
66.332096
66.33214
66.332228
66.332384
66.332488
66.333304
66.333368
66.333432
66.333496
66.33356
66.333624
67.937456
67.937556
70.909836
70.909936
77.278188
77.278288
83.968256
83.968356
83.969904
83.970004
83.971584
83.97168
83.972632
83.972728
83.973512
83.973612
83.973696
83.973796
83.97408
83.974176
83.974292
83.974392
83.974432
83.974532
83.975576
83.97564
83.975704
83.975768
83.975832
83.975896
85.03048
88.957796
88.957896
90.206788
90.206888
91.066452
91.066552
91.900832
91.90094
91.901428
91.901472
91.901548
91.901592
91.901664
91.901708
91.901808
91.901904
91.902004
91.902044
91.902108
91.902344
91.902444
91.902484
91.902564
91.903984
91.903024
91.903088
91.903152
91.903216
94.030216
94.030316
94.504804
94.504904
104.561792
104.561892
104.824948
108.0358
108.223232
108.223332
108.578956
108.579056
109.474948
109.475048
111.043188
111.043288
114.406124
114.40622
114.40632
114.408872
114.408972
114.409084
114.40918
122.350884
122.350984
123.42806
123.428164
124.46934
124.46944
126.383772
126.383872
126.384444
126.384544
126.386484
126.386584
126.388572
126.388668
126.38882
126.38892
126.389132
126.389236
126.389276
126.38934
126.389596
126.389696
126.389736
126.3898
126.391088
126.391152
126.391216
126.39128
126.39032
134.097744
134.097844
137.100048
137.100148
142.882292
142.882484
142.882584
142.883892
142.883992
142.884472
142.884572
142.88472
142.885124
142.88522
142.885268
142.885368
142.885536
142.885636
142.8857
142.8858
142.885852
142.885952
142.887564
142.887628
142.887692
142.887756
142.88782
148.473524
148.473624
149.55684
149.55694
149.558964
149.559592
149.559692
149.560012
149.560112
149.560172
149.560268
149.560316
149.560416
149.56046
149.56054
149.560676
149.560776
149.560856
149.560956
149.561012
149.562104
149.562172
149.562232
149.562296
149.56236
149.5614
151.610616
151.614056
151.614156
151.614452
151.614552
151.614752
151.615004
151.615104
151.615492
151.615592
151.61592
151.61602
151.616124
151.616388
151.616484
151.616784
151.616884
151.616928
151.617924
151.617988
151.618052
151.618116
151.61818
151.618244
152.130004
152.130104
152.168512
152.168616
156.652972
156.653072
157.694352
157.694452
158.053548
159.092796
159.092896
161.564672
161.564772
161.565036
161.565136
161.5654
161.5655
161.56644
161.56654
161.566588
161.566688
161.566732
161.566808
161.566904
161.567004
161.567096
161.567196
161.56724
161.567824
161.567888
161.567952
161.568016
161.56808
161.940908
161.941008
162.955732
162.955832
164.321372
164.321472
166.206816
166.206916
166.299808
166.299908
167.632944
167.633044
170.350772
170.350872
172.786784
172.786884
172.973868
172.973968
172.974908
172.975012
172.975776
172.975876
172.97614
172.97624
172.976284
172.976348
172.976392
172.97648
172.976692
172.976792
172.977068
172.977168
172.977284
172.977384
172.979136
172.978176
172.97824
172.978304
175.307904
175.308004
178.4187
178.418796
178.88044
184.833224
