0.119244
0.164488
0.436028
0.437752
0.438444
0.4386
0.43884
0.439068
0.439724
0.440076
0.440184
0.440484
0.440716
0.440908
0.441124
0.441344
0.441452
0.4416
0.441772
0.441908
0.443348
0.442388
0.442452
0.442516
0.44258
0.442644
0.442708
0.85388
0.987132
1.059104
1.183976
1.184652
1.43174
1.687372
1.847536
3.385824
3.400956
3.401712
3.40236
3.402468
3.4026
3.402828
3.40302
3.403128
3.403236
3.403388
3.40352
3.403652
3.403772
3.403884
3.403992
3.404104
3.404204
3.404312
3.405196
3.40526
3.405324
3.405388
3.405452
3.559708
3.62958
3.632152
3.822992
4.923492
5.051016
5.061024
5.756856
5.986872
6.98752
6.98786
6.987968
6.98858
6.988812
6.988988
6.989296
6.989492
6.989756
6.989864
6.989984
6.9901
6.990216
6.990324
6.9905
6.990628
6.990772
6.990988
6.992784
6.992848
6.991888
6.991952
6.992016
6.99208
7.315352
7.536684
8.040184
8.410068
8.411696
8.413036
8.413592
8.41374
8.414084
8.414268
8.414812
8.414988
8.415316
8.415504
8.415708
8.415932
8.41616
8.4163
8.416412
8.416532
8.416664
8.417384
8.417448
8.417512
8.417576
8.41764
8.417704
8.667228
8.770836
9.160928
9.161144
9.459212
9.45984
9.464604
9.46536
9.466192
9.467416
9.467708
9.469084
9.46972
9.470064
9.470596
9.4707
9.470808
9.47102
9.471128
9.47128
9.471424
9.471628
9.47174
9.471848
9.472792
9.472856
9.47292
9.472984
9.472024
9.567752
9.795164
10.803828
10.937972
11.640004
11.661768
11.662404
11.664128
11.664612
11.665316
11.666712
11.668144
11.668376
11.668616
11.668764
11.668932
11.669064
11.669204
11.669412
11.669532
11.669636
11.669768
11.669876
11.670008
11.671192
11.671256
11.67132
11.671384
11.671448
11.80076
11.987524
12.230204
14.11674
14.202304
14.202588
14.264344
14.264688
14.2648
14.264984
14.265128
14.265712
14.265752
14.265844
14.265952
14.26606
14.266252
14.266452
14.266664
14.266772
14.266896
14.267028
14.267136
14.267244
14.267952
14.268016
14.26808
14.268144
14.492876
15.563124
16.097144
17.245176
17.428916
17.957644
18.42934
18.429964
18.430068
18.431172
18.93754
19.051624
19.366396
20.046068
20.3744
20.374664
20.375044
20.375188
20.375324
20.375756
20.375944
20.376656
20.376884
20.377248
20.377356
20.377464
20.377616
20.377748
20.377932
20.378116
20.378256
20.378364
20.378648
20.378712
20.378776
20.37884
20.378904
20.508528
21.236716
21.237192
21.23836
21.238584
21.2389
21.239068
21.23948
21.239588
21.239704
21.239832
21.240056
21.240164
21.240272
21.24038
21.240484
21.240596
21.240704
21.240812
21.24096
21.24102
21.241088
21.241148
21.241212
21.241276
21.480632
22.322428
22.375628
22.588728
22.694384
22.783292
22.795668
22.968632
23.419484
23.595384
23.715292
23.728592
23.72922
23.72956
23.72992
23.730024
23.730132
23.730352
23.730648
23.73078
23.730912
23.73102
23.731128
23.731276
23.73142
23.731612
23.73184
23.732012
23.732116
23.732836
23.7329
23.732964
23.733028
23.733092
23.960612
24.643688
25.060184
25.219328
25.450296
25.625932
25.626172
25.819528
25.99556
26.193072
26.534568
26.639448
27.200756
27.294236
27.479796
27.788788
28.6547
28.656176
28.692856
29.484156
29.550284
29.581636
30.066764
30.06798
30.068224
30.06926
30.069816
30.070032
30.070152
30.07026
30.070396
30.07054
30.070676
30.070784
30.07092
30.071044
30.071232
30.07134
30.071572
30.07168
30.072036
30.072104
30.072164
30.072228
30.072292
30.072356
31.020816
31.180584
32.574712
32.685224
32.804936
33.199332
33.201928
33.336108
33.660704
34.504172
34.571256
34.57318
34.57432
34.574484
34.574624
34.574748
34.575068
34.575536
34.575924
34.576164
34.576728
34.576916
34.577024
34.5772
34.577356
34.577508
34.577652
34.577784
34.578448
34.578512
34.578576
34.57864
34.578704
34.980244
35.845732
35.846376
35.846748
35.847264
35.850464
35.851244
35.851524
35.85482
36.21012
36.367332
36.825988
37.42158
38.167432
38.308076
38.30922
38.629444
39.292272
39.468632
39.595328
39.81118
39.835236
40.1769
40.507824
40.89242
41.685984
41.691384
41.991632
43.158288
43.267764
43.613392
43.615264
43.615456
43.61562
43.615784
43.615952
43.61606
43.616168
43.616276
43.616436
43.616544
43.616652
43.61676
43.617028
43.617136
43.617244
43.617396
43.617504
43.618652
43.618716
43.61878
43.618844
43.7939
44.235788
44.42386
44.503036
44.867388
45.053776
45.055484
45.059564
45.062608
45.163324
45.22508
45.541884
46.10114
47.21898
47.804532
47.864992
47.865264
47.866988
47.868336
47.86844
47.868608
47.86916
47.869492
47.869632
47.86974
47.86992
47.870052
47.870188
47.870296
47.87046
47.870568
47.870676
47.870784
47.871284
47.871348
47.871412
47.871476
47.87154
47.871604
47.871668
48.011684
48.284996
48.774492
48.778232
49.13342
50.014224
50.01496
50.016708
50.12564
50.37998
51.0752
51.28734
51.328972
51.418536
51.419432
51.419956
51.420224
51.420352
51.42046
51.420568
51.420704
51.420812
51.42092
51.421028
51.421184
51.421352
51.421488
51.421596
51.421704
51.421812
51.421948
51.42278
51.422844
51.422908
51.422972
51.423036
51.875416
52.022036
52.156444
52.201912
52.69682
53.266264
53.268928
53.269452
53.27034
53.271032
53.271212
53.271408
53.271916
53.272024
53.272364
53.272512
53.27262
53.272872
53.273008
53.273612
53.273792
53.273908
53.27434
53.274452
53.274696
53.27476
53.274824
53.274888
53.394568
53.568532
53.573
54.29224
54.373412
54.9746
55.03168
55.545756
55.715668
56.018108
56.437516
56.55902
56.55956
56.5604
56.561684
56.562476
56.562616
56.562832
56.56298
56.563144
56.56332
56.563428
56.563536
56.563644
56.563752
56.563932
56.56408
56.564188
56.564324
56.565304
56.565368
56.565432
56.565496
56.56556
56.66312
56.85868
57.421664
57.57534
58.126036
58.4109
58.730296
58.730992
58.731256
58.732072
58.733456
58.734676
58.734836
58.73502
58.7352
58.735548
58.73566
58.735824
58.73644
58.736588
58.736996
58.737104
58.737308
58.737436
58.737676
58.738692
58.738756
58.73882
58.738884
59.181708
59.582656
59.874172
60.19032
60.214064
60.2984
60.298876
60.425308
60.469876
60.980564
61.30002
61.35794
61.6085
62.143608
62.321352
62.478228
62.567764
62.743456
63.628772
63.978768
64.6041
64.939904
65.593704
65.728068
65.728972
65.73032
65.730596
65.731036
65.731224
65.731468
65.731596
65.731776
65.731928
65.732072
65.73218
65.732288
65.7324
65.732548
65.732684
65.732808
65.732956
65.734364
65.734428
65.734492
65.734556
65.735188
66.029368
66.568276
66.648364
67.163992
67.164276
67.165216
67.166644
67.167084
67.168048
67.168652
67.16884
67.170116
67.17022
67.170452
67.17056
67.170744
67.170876
67.171232
67.17134
67.171448
67.1716
67.171724
67.172396
67.17246
67.172524
67.172588
67.172652
67.172716
67.263716
67.414232
67.414388
67.731488
68.06882
68.30882
68.453012
68.610044
68.662044
68.918284
69.17514
69.222316
69.24592
70.21152
70.212092
70.283
70.725068
70.882864
71.35802
71.391552
71.938688
71.983696
72.551628
73.844332
73.844912
73.894596
74.160852
74.71606
74.716636
74.717456
74.717752
74.71792
74.718436
74.718576
74.718728
74.71884
74.719008
74.719128
74.719248
74.719364
74.719472
74.719616
74.719756
74.71988
74.719984
74.720296
74.72036
74.720424
74.720488
74.720552
74.720616
74.72068
74.914256
74.915076
74.9155
75.079248
75.115592
75.235792
75.48084
75.526824
75.925556
76.08068
76.084436
76.384052
76.494656
76.922176
76.925188
76.925556
76.92636
76.927252
76.927592
76.927868
76.928152
76.928316
76.928424
76.92856
76.92868
76.9289
76.929044
76.92918
76.929392
76.9295
76.92962
76.929728
76.930584
76.930648
76.930712
76.930776
76.93084
77.135268
77.345624
77.665576
77.94796
78.236268
78.324124
79.070892
79.090312
79.705592
79.705996
79.706184
79.706756
79.707024
79.707216
79.707328
79.707516
79.707624
79.707732
79.70784
79.707972
79.708108
79.708232
79.708364
79.7085
79.708608
79.708748
79.709836
79.7099
79.709964
79.710028
79.710092
79.710156
79.886408
81.379512
81.474448
82.331376
82.86342
82.930044
83.068508
83.070308
83.159144
83.309928
83.38486
83.69354
83.693984
83.69424
83.695068
83.696476
83.697112
83.698596
83.698928
83.69912
83.699408
83.699516
83.699672
83.699824
83.699936
83.700084
83.700192
83.700352
83.700588
83.700852
83.700916
83.700984
83.701048
83.701108
83.701176
83.938284
83.946916
83.947472
84.419016
84.457796
84.458696
84.599756
84.694584
84.70164
84.70204
84.702368
84.702548
84.702888
84.703108
84.703216
84.703412
84.703592
84.703796
84.703944
84.704064
84.70418
84.704288
84.704396
84.704504
84.704612
84.704844
84.705884
84.705948
84.706016
84.706076
84.81798
84.955812
85.060468
85.427772
85.615388
85.616652
85.624736
85.625336
85.626236
85.627028
85.628036
85.628176
85.62852
85.6287
85.628852
85.629136
85.629244
85.629412
85.629544
85.62966
85.62984
85.629988
85.630264
85.630476
85.631024
85.631088
85.631152
85.631216
85.63128
85.631344
85.949132
85.96352
85.99394
86.586332
87.108048
87.11188
87.11212
87.112496
87.1126
87.113104
87.1133
87.113692
87.113856
87.11434
87.114504
87.114612
87.11472
87.11494
87.115216
87.115324
87.115464
87.115628
87.115736
87.116448
87.116512
87.116576
87.23234
87.804648
88.524024
88.579704
88.996968
89.157108
89.790148
89.790592
90.012636
90.092076
90.807568
90.999356
91.107536
91.334356
91.33548
91.364276
91.364336
91.364472
91.364596
91.364796
91.364936
91.365068
91.365176
91.3653
91.365404
91.365512
91.36562
91.365728
91.365836
91.365972
91.366216
91.366336
91.366404
91.366468
91.366532
91.366596
91.36666
91.738896
92.079556
92.170604
92.5755
92.797936
94.428732
94.768516
95.271904
95.477368
96.016368
96.057084
96.526308
96.844868
96.845148
96.845948
96.846712
96.847332
96.84748
96.847784
96.847924
96.848032
96.848344
96.848524
96.848704
96.848948
96.849268
96.849376
96.84948
96.849616
96.849724
96.850132
96.850196
96.85026
96.850324
96.850388
97.205716
97.782968
98.07574
98.310796
98.355964
98.384332
98.498544
98.5005
98.547344
98.547756
98.548028
98.548488
98.549356
98.549488
98.55038
98.550732
98.55088
98.551168
98.5513
98.551432
98.551592
98.55182
98.552136
98.552472
98.55258
98.552684
98.55364
98.553704
98.553768
98.553832
98.552872
98.552936
99.2539
99.643188
99.645988
100.105912
100.26072
100.774832
100.9931
101.299624
101.386536
101.535192
101.649252
102.467696
102.468028
102.469268
102.470296
102.471036
102.471556
102.472376
102.472584
102.4728
102.473188
102.47336
102.47364
102.473832
102.474012
102.475496
102.475568
102.47572
102.475864
102.475984
102.477664
102.477728
102.477792
102.476832
102.476896
102.83762
103.13876
103.290196
103.440076
103.699492
103.805952
103.823984
104.100292
104.60576
104.607172
104.607624
104.607732
104.60794
104.608128
104.608508
104.608828
104.609
104.609248
104.609384
104.60952
104.609688
104.609796
104.609908
104.610148
104.610336
104.610444
104.611032
104.611096
104.61116
104.915636
105.338224
105.338504
105.338784
105.339276
105.339436
105.339836
105.340008
105.340228
105.3405
105.340884
105.341144
105.341256
105.34136
105.341484
105.341688
105.341812
105.34198
105.342252
105.343488
105.343552
105.343616
105.34368
105.706932
106.010984
106.01366
106.014272
106.015096
106.016136
106.016304
106.016708
106.017028
106.017276
106.017392
106.017576
106.017804
106.017964
106.018088
106.018364
106.018628
106.01874
106.018884
106.019056
106.020408
106.020472
106.020536
106.0206
106.020664
106.169336
106.413788
106.416056
106.7917
106.9329
107.156624
107.49804
107.624128
107.7083
107.944364
108.207432
108.495144
108.624492
109.022868
109.095124
109.095728
109.738496
109.985416
110.066108
110.176332
110.36718
110.639744
110.72776
111.32466
111.327228
111.327876
111.328764
111.330236
111.330528
111.330672
111.330924
111.331044
111.331152
111.331388
111.33156
111.331708
111.331848
111.331956
111.332064
111.332268
111.332488
111.332596
111.334088
111.334152
111.334216
111.33428
111.334344
111.333384
111.523596
112.195232
112.953628
112.955968
113.115292
113.13246
113.178756
113.180608
114.415652
114.942332
115.553976
116.249884
116.258376
116.864552
117.374764
117.417816
118.166488
118.166596
119.266068
119.3882
119.76258
119.812716
120.541512
121.204
121.514668
121.878952
122.193368
122.331972
122.8578
122.858824
122.860012
122.861364
122.863608
122.86512
122.865816
122.866372
122.866944
122.867084
122.867192
122.867972
122.868464
122.86888
122.8692
122.869444
122.869604
122.8698
122.869912
122.87002
122.871388
122.871452
122.871516
122.87158
122.871992
123.074448
123.20998
123.21908
123.522028
123.54124
123.55138
123.710004
123.77494
123.7914
123.791556
123.878704
124.111948
124.374588
124.559796
124.724064
124.760052
124.876268
124.876824
124.877116
124.877952
124.878188
124.87832
124.878544
124.878712
124.879088
124.879196
124.8793
124.87954
124.87972
124.87984
124.879972
124.880092
124.880208
124.880316
124.881532
124.881596
124.88166
124.881724
124.881788
125.0058
125.011
125.208464
125.366852
125.460916
125.628156
125.680196
125.877712
126.470596
126.535964
127.022112
127.34124
127.531096
127.596188
127.756612
127.810424
128.951544
128.968776
129.453088
129.57958
129.896184
130.315364
130.593644
130.59438
131.052616
131.052792
131.78214
131.81258
132.021812
132.398704
132.454104
132.509084
132.581884
132.734428
132.78102
132.929168
133.112288
133.116284
133.11782
133.266444
133.614668
133.691784
133.694608
133.697864
135.05674
135.062392
135.116064
135.171464
136.11788
136.176412
136.455708
136.650056
136.771352
136.77332
137.39638
137.579376
137.753276
137.869016
138.205208
138.205652
138.481792
138.482168
138.482332
138.482672
138.482784
138.483784
138.483932
138.484048
138.484156
138.484364
138.484636
138.484748
138.484852
138.485108
138.485412
138.485524
138.485704
138.485884
138.487056
138.48712
138.487184
138.487248
139.311892
139.31282
139.313344
139.314268
139.314376
139.314804
139.315152
139.315596
139.315712
139.31588
139.315996
139.316384
139.316524
139.316632
139.316764
139.316936
139.317104
139.317216
139.318184
139.318248
139.317288
139.317352
139.582224
140.46378
141.828804
141.896468
142.047204
143.192056
143.371708
143.372616
143.372832
143.373708
143.373924
143.374048
143.374516
143.374884
143.375324
143.375524
143.375652
143.375828
143.375936
143.37608
143.376264
143.376456
143.376608
143.376716
143.377996
143.37806
143.378124
143.378188
143.378252
143.47396
143.819964
144.218332
144.265056
145.289072
145.805864
145.94218
145.94396
145.944704
145.944888
145.945624
145.945844
145.946712
145.946892
145.947372
145.947496
145.94766
145.947836
145.947964
145.948164
145.948316
145.94854
145.948692
145.9488
145.949488
145.950576
145.95064
145.950704
145.949744
146.033016
146.255904
146.270812
146.286072
146.32924
146.977432
147.651488
147.653524
147.65386
147.654392
147.657932
147.658884
147.659028
147.659304
147.6596
147.660952
147.66108
147.661228
147.661584
147.661768
147.661944
147.662088
147.662196
147.6623
147.66258
147.662964
147.663028
147.663096
147.663156
147.66322
147.663284
147.884772
148.012308
148.240748
149.055524
149.149104
149.151252
149.410828
149.411592
149.552812
149.70112
149.735324
149.938776
149.939104
149.939928
149.940112
149.94024
149.940416
149.940548
149.940668
149.940788
149.94092
149.94104
149.941192
149.941364
149.941524
149.94164
149.941748
149.941856
149.941972
149.943016
149.94308
149.943144
149.943208
149.943272
150.189648
150.190144
150.275852
150.764544
150.840256
150.865184
151.264872
151.29804
151.512016
151.625204
151.692896
151.843684
151.866008
151.890024
151.8902
151.89116
151.89512
151.950468
151.995232
152.139948
152.231332
152.231452
152.489772
152.492384
152.495196
152.838172
153.223136
153.380992
153.677496
153.728096
153.795248
153.795572
153.795952
153.796244
153.796572
153.79682
153.796928
153.797088
153.7972
153.797304
153.797736
153.797932
153.798036
153.798188
153.798296
153.79844
153.79856
153.798692
153.80052
153.800584
153.800648
153.799688
154.041692
154.042768
154.36892
154.607084
154.87432
154.88444
155.481956
155.539404
155.658584
156.081448
156.99116
157.228344
158.147184
158.1889
158.827688
159.171416
159.287364
159.8413
159.843196
159.84428
159.845396
159.845872
159.846664
159.950544
160.466668
160.58962
160.637508
160.638384
161.387704
161.484296
161.957532
162.501352
163.110296
163.555284
163.596332
163.59644
163.597432
163.597828
163.598396
163.598564
163.599008
163.600488
163.61938
164.188592
164.588408
164.58924
164.589396
164.589844
164.59062
164.590812
164.591096
164.591376
164.591576
164.591716
164.592204
164.592396
164.5926
164.5929
164.593036
164.593196
164.593336
164.593596
164.593676
164.59374
164.593804
164.593868
164.593932
164.90864
165.103764
165.784672
165.942328
167.258884
167.263164
167.411616
167.412252
167.414284
167.414816
167.490836
167.732436
167.981708
168.074
168.535044
168.753484
169.232824
169.23306
169.23326
169.233396
169.233776
169.233956
169.234244
169.234412
169.234532
169.23464
169.234788
169.234896
169.235024
169.2352
169.235372
169.23548
169.235588
169.235976
169.237064
169.237128
169.237192
169.237256
170.643704
171.462988
171.68702
172.53906
173.006024
173.239368
173.5664
173.771896
173.875472
173.916988
173.997072
174.46972
174.559668
174.562692
174.6437
175.161428
175.161616
175.162204
175.1624
175.16342
175.164112
175.164692
175.165104
175.165868
175.16604
175.166192
175.166412
175.16654
175.16674
175.166912
175.167068
175.167176
175.16746
175.167728
175.167792
175.167856
175.16792
175.167984
175.168048
175.229044
175.328856
175.329704
175.553008
175.63302
176.037764
176.19448
176.259384
176.457372
176.639312
176.829968
176.972212
176.972664
177.07244
177.14464
177.399204
177.69784
177.946124
178.280792
178.564168
180.079432
