1.048568
1.050424
1.053108
1.054336
1.05488
1.055076
1.055268
1.055656
1.055764
1.05588
1.056156
1.056476
1.056584
1.056692
1.0568
1.056952
1.057252
1.057512
1.057676
1.057988
1.058052
1.05812
1.05818
1.058244
1.206792
1.207516
3.139392
4.175628
4.175864
4.176228
4.64948
5.645268
5.646472
5.647092
5.647276
5.647444
5.647696
5.647912
5.64802
5.64816
5.648508
5.648676
5.648784
5.648892
5.649024
5.649136
5.64934
5.649484
5.649592
5.65054
5.650604
5.650668
5.650732
5.650796
15.36746
19.48308
19.4859
19.486104
19.4863
19.4865
19.486664
19.487012
19.48712
19.487236
19.487364
19.487552
19.48766
19.487768
19.487876
19.488068
19.4882
19.488316
19.488468
19.489376
19.48944
19.489504
19.489568
19.48976
23.713424
27.131036
30.037856
31.955868
31.956768
31.95722
31.958124
31.958948
31.959344
31.959452
31.959668
31.959844
31.959952
31.96006
31.960168
31.960288
31.960396
31.960504
31.960608
31.960756
31.960864
31.961132
31.961196
31.96126
31.961324
31.961388
33.301776
35.360088
40.417572
42.408668
43.446272
46.038964
46.042068
47.179536
47.887744
48.120112
52.551616
57.220816
57.621976
58.617352
58.617924
59.675492
62.98122
70.587892
73.831972
75.0037
75.22038
78.54904
80.567212
81.978476
85.193892
88.200968
91.956452
97.451192
102.331024
103.52096
103.575096
116.15852
117.22504
119.377116
121.330408
124.226904
124.828344
127.854992
127.855536
130.234552
131.206212
131.207492
131.207612
131.207952
131.208068
131.208248
131.20836
131.208496
131.208604
131.20878
131.208908
131.20904
131.209144
131.209376
131.209484
131.209588
131.209696
131.209812
131.210456
131.21052
131.210584
131.210648
131.210928
131.2118
133.825392
134.547784
134.549276
134.55198
134.552324
134.552604
134.55288
134.553008
134.553132
134.553236
134.553452
134.553572
134.553716
134.553824
134.553948
134.554072
134.55418
134.554288
134.554392
134.555092
134.555156
134.555224
134.555284
134.555348
134.555412
135.897644
135.899096
137.5498
137.552496
139.714444
139.717196
139.717812
143.893396
150.81452
150.815356
150.815656
150.816104
150.816716
150.817064
150.817324
150.817432
150.81754
150.81772
150.817868
150.817972
150.818092
150.81838
150.818616
150.818724
150.818828
150.818936
150.820812
150.819852
150.819916
150.81998
152.262932
156.841464
158.5679
158.895552
162.232256
164.238844
164.2399
164.240224
164.240408
164.2406
164.240768
164.240876
164.241004
164.241152
164.241276
164.241384
164.241492
164.2416
164.241744
164.241852
164.24196
164.242068
164.242236
164.243088
164.243152
164.243216
164.24328
166.000004
170.15946
170.67954
172.627804
178.003256
178.0046
178.004752
178.005512
178.005708
178.006008
178.006116
178.006348
178.006764
178.006948
178.007156
178.007272
178.007392
178.0075
178.007736
178.007924
178.00808
178.008188
178.00954
178.009604
178.009668
178.009732
178.009796
181.439292
