0.53116
0.53126
2.9796
2.9797
3.181904
3.182004
5.716128
5.716228
7.390992
7.391092
7.808708
7.808808
13.308272
13.308372
14.368784
14.368884
17.31746
17.317556
38.696904
38.697004
42.750232
42.750332
43.369176
43.369276
47.486672
47.486772
53.95736
53.95746
55.816492
55.816592
56.362932
63.47446
63.47456
63.47492
63.475024
63.475544
63.475644
66.497732
66.497832
66.722188
66.722288
67.923664
67.923764
68.120604
68.120704
70.84614
70.84624
71.0642
72.626304
72.627556
72.627656
72.879256
72.879356
81.723892
81.723992
82.324492
82.324588
82.80162
82.80172
88.011972
88.667948
88.668044
93.688764
93.688864
95.300568
95.300668
95.329112
95.329212
99.43684
99.43694
102.02142
102.02152
106.02802
106.02812
123.17934
123.17944
126.81746
126.81756
131.444032
131.444132
131.574676
131.574776
132.631612
132.631712
134.786516
134.786616
138.028964
142.20168
142.711536
142.711636
147.331096
147.331196
149.474868
150.840928
150.841028
155.350848
155.350948
155.351584
155.351684
155.351988
155.352088
164.027988
164.028088
164.028444
164.028544
164.028708
164.028808
164.029452
164.029544
164.030288
164.030388
164.03264
164.03274
164.0335
164.0336
164.0346
164.0347
164.034744
164.034832
164.035304
164.036388
164.036452
164.03652
164.03658
164.063832
164.063932
165.12496
165.12506
165.127772
165.127872
165.128168
165.128268
167.649336
167.649436
169.201988
169.202088
170.121996
170.122096
177.109696
177.109796
178.580104
184.878692
184.878792
