2.446904
2.784612
3.751032
3.754528
3.772756
3.896964
4.283668
4.749092
4.74966
7.78206
7.783548
8.088328
9.30888
9.607608
9.608748
9.609272
9.61058
9.611188
9.611476
9.611648
9.611776
9.612024
9.612132
9.61224
9.61244
9.612564
9.6127
9.612808
9.61292
9.613028
9.613136
9.6139
9.613964
9.614028
9.614092
9.614156
11.13598
11.670456
11.670912
11.67356
11.673764
11.674208
11.674924
11.675188
11.675308
11.675412
11.67556
11.67572
11.675924
11.676076
11.67618
11.676288
11.676408
11.67656
11.676692
11.677768
11.677832
11.677896
11.67796
11.678024
12.280084
12.702616
12.706368
12.707524
12.708124
12.70836
12.708732
12.709016
12.70912
12.70928
12.709428
12.709556
12.709764
12.709872
12.70998
12.7102
12.710392
12.7105
12.710608
12.710712
12.71102
12.711084
12.711148
12.711212
16.067368
16.071916
16.072052
16.07218
16.0723
16.072444
16.072552
16.07266
16.072768
16.072884
16.073036
16.073268
16.073408
16.073544
16.073664
16.073788
16.073896
16.074068
16.075068
16.075132
16.075196
16.075264
16.075324
16.075388
16.784196
20.01762
20.244424
20.246084
24.478368
24.65196
24.658916
25.660612
27.735912
36.691212
37.085712
37.364448
38.108376
40.838552
40.839964
40.840008
40.840116
40.840224
40.840328
40.840924
40.841336
40.841444
40.841556
40.841776
40.841944
40.842104
40.842252
40.842376
40.842516
40.842624
40.842732
40.84426
40.8433
40.843364
40.843428
41.3874
42.871044
43.806816
46.655208
46.656996
46.657932
50.049756
50.817896
52.708124
54.154796
56.057772
61.767496
61.767816
61.76886
61.76938
61.772588
61.772996
61.773288
61.7735
61.773836
61.774016
61.774124
61.774252
61.77436
61.774624
61.77476
61.7749
61.775008
61.775176
61.775284
61.775896
61.77596
61.776024
61.776088
61.776152
67.099028
70.453984
70.455448
70.456376
70.458052
70.459844
70.460116
70.460416
70.460656
70.461388
70.461944
70.462052
70.462232
70.462364
70.462608
70.46284
70.462956
70.463064
70.463176
70.463316
70.464436
70.4645
70.46354
70.463604
70.463668
74.329392
87.623908
88.462192
91.12512
91.126668
91.12704
91.128068
91.129972
92.017764
92.017868
92.0185
92.02366
92.023896
92.024564
92.032568
92.513268
94.67672
94.67798
95.033784
95.034128
95.034616
95.035468
95.035592
95.035836
95.036032
95.03628
95.036388
95.036532
95.036844
95.037312
95.037632
95.03774
95.0379
95.03806
95.0382
95.038456
95.039056
95.03912
95.039184
95.039248
95.039312
96.299036
97.760856
97.762968
98.098444
114.38572
114.386788
114.387832
114.38864
114.388984
114.389144
114.389252
114.389356
114.389496
114.389708
114.389904
114.39014
114.390264
114.390372
114.39048
114.390588
114.390696
114.390804
114.392004
114.391044
114.391108
114.391172
114.391236
114.3913
119.232608
119.4787
119.479116
119.479636
123.793592
124.825468
125.187252
126.685044
126.685224
131.61398
131.77958
133.317056
133.3189
133.657436
133.658044
133.659888
133.660684
133.66194
133.662468
133.663268
133.663528
133.663712
133.663828
133.664096
133.664208
133.66438
133.664532
133.664652
133.664764
133.665044
133.665216
133.665348
133.665836
133.6659
133.665964
133.666028
133.666092
135.12556
135.1265
135.127516
135.127688
135.128688
135.128876
135.129004
135.12922
135.129328
135.129484
135.129592
135.129708
135.129848
135.130116
135.130224
135.130328
135.130444
135.130784
135.131856
135.13192
135.131984
135.132048
135.132112
137.808132
138.541408
138.604512
138.811492
140.378016
140.472304
140.636824
143.912848
143.914664
143.915524
143.919356
143.920056
143.920436
143.920544
143.920904
143.921012
143.92112
143.921232
143.92134
143.921456
143.921604
143.921712
143.921852
143.92196
143.922088
143.922196
143.923304
143.923368
143.923432
143.923496
143.92356
145.815984
147.59856
147.76638
149.953552
151.005744
151.615564
151.771672
155.73876
156.117256
157.635576
157.636356
157.732144
158.473328
158.47372
158.473896
158.475032
158.475196
158.475456
158.475596
158.475928
158.476036
158.476144
158.476304
158.476544
158.476652
158.47676
158.476868
158.47698
158.47726
158.477368
158.4786
158.478664
158.478728
158.478792
158.478856
158.47892
160.174508
160.177704
164.886268
167.496676
168.633068
170.382112
174.994668
174.995144
178.190532
180.407032
