0.101252
0.101352
0.137304
0.137404
0.333864
0.333964
0.406668
0.406768
0.8029
0.803
0.812008
0.812108
0.920132
0.920232
0.920552
0.920652
0.920764
0.920864
0.920908
0.920992
0.921908
0.922008
0.922124
0.92222
0.923084
0.923184
0.923224
0.923324
0.923428
0.923528
0.924372
0.924436
0.9245
0.924564
0.924628
0.923668
1.051924
1.052024
1.110032
1.110132
1.270048
1.270144
1.281904
1.282004
1.28222
1.28232
1.328476
1.328576
2.069436
2.069536
2.223872
2.223972
2.341164
2.34126
2.442904
3.30832
3.30842
3.323124
3.323224
3.541608
3.541708
3.777148
3.777248
3.956264
3.956364
3.958472
3.958572
4.300012
4.300112
4.48732
4.48742
4.48884
4.48894
4.550208
4.550312
4.550504
4.550604
4.551684
4.551784
4.552128
4.552228
4.552448
4.552548
4.5528
4.5529
4.55294
4.553012
4.553056
4.55312
4.553164
4.55336
4.554448
4.554512
4.554576
4.55464
4.554704
4.553744
4.703864
4.703964
5.24994
5.250036
5.950232
5.950336
6.007204
6.007304
6.28696
6.28706
6.294588
6.294688
6.69398
6.69408
6.859756
6.859856
6.86026
6.86036
6.860624
6.860724
6.861028
6.861128
6.86122
6.86132
6.861604
6.8617
6.861744
6.861808
6.861852
6.861952
6.861996
6.862908
6.862972
6.863036
6.8631
6.863164
6.863228
6.866584
6.867452
7.144052
7.144152
7.218948
7.219048
7.411212
7.411312
7.671904
7.672004
7.721032
7.721132
7.820368
7.820468
8.019692
8.019792
8.53982
8.53992
8.542592
8.542692
8.543012
8.543112
8.543156
8.54322
8.543592
8.543692
8.543856
8.543956
8.544072
8.544172
8.544284
8.544384
8.544428
8.544492
8.546116
8.54618
8.546244
8.545284
8.545348
8.545412
8.618756
8.618856
8.828576
8.82868
8.931824
8.931924
8.935704
8.935804
8.962804
8.962904
8.9674
8.9675
9.08352
9.08362
9.154968
9.155068
9.25436
9.25446
9.358264
9.358364
9.540184
9.540284
9.574268
9.574368
9.577948
9.578048
9.578092
9.578164
9.5958
9.5959
9.597284
9.597384
9.598012
9.598112
9.598156
9.598236
9.598392
9.598492
9.598532
9.598596
9.598668
9.598768
9.598812
9.598884
9.598928
9.599304
9.599368
9.599432
9.599496
9.59956
9.964096
9.964196
10.01854
10.01864
10.375132
10.375232
10.444248
10.444348
10.445188
10.445288
10.44572
10.44582
10.447748
10.447848
10.448252
10.448352
10.448592
10.448692
10.448804
10.448908
10.448988
10.449088
10.449288
10.449388
10.450536
10.4506
10.450664
10.450728
10.450792
10.780348
10.780448
10.780492
10.780556
10.783756
10.783856
10.916304
10.916404
10.97326
10.97336
11.12956
11.149984
11.150084
11.396088
11.396188
11.442364
11.442464
11.443164
11.443264
11.856816
11.856916
12.05442
12.05452
12.057184
12.057284
12.057812
12.057912
12.058648
12.058748
12.059812
12.059912
12.060472
12.060572
12.061072
12.061172
12.061316
12.061412
12.061548
12.061648
12.061732
12.061796
12.06186
12.061924
12.061988
12.062052
12.062116
12.25442
12.25452
12.254564
12.254628
12.258656
12.258756
12.414252
12.414352
12.704668
12.704768
12.70542
12.70552
12.740496
12.740596
12.749576
12.749676
13.170068
13.170168
13.2234
13.2235
13.223568
13.223668
13.224388
13.224488
13.224664
13.224764
13.224816
13.224916
13.225336
13.225432
13.225476
13.225564
13.225792
13.225892
13.226036
13.226556
13.227644
13.227708
13.227772
13.227836
13.2279
13.446776
13.446876
13.452904
13.575972
13.576072
13.662772
13.662872
13.866444
13.866544
13.922812
13.922912
14.065828
14.065928
14.202712
14.202812
14.203556
14.203656
14.203908
14.204008
14.204244
14.204344
14.204476
14.204576
14.204664
14.204768
14.204812
14.204912
14.204956
14.20502
14.205068
14.205872
14.20696
14.206
14.206064
14.206128
14.383564
14.383664
14.874308
14.874408
14.875844
14.875944
14.880264
14.880364
14.89048
14.89058
15.062712
15.062812
15.220828
15.220928
15.221956
15.222056
15.222108
15.222208
15.222412
15.222512
15.222604
15.222704
15.222912
15.223012
15.223064
15.223164
15.223236
15.223336
15.22338
15.223988
15.224052
15.224116
15.22418
15.224244
15.224308
15.561528
15.561628
15.561928
15.562024
15.562188
15.562288
15.562348
15.562448
15.56256
15.56266
15.563
15.5631
15.837064
15.837164
16.320776
16.320876
16.437992
16.438092
16.449928
16.450028
16.8501
16.8502
16.999524
16.999624
17.657384
17.657484
18.607584
18.607684
18.60806
18.60816
18.610768
18.610868
18.610988
18.611088
18.611368
18.611468
18.611512
18.611612
18.611892
18.611992
18.612036
18.612104
18.6122
18.6123
18.61388
18.613944
18.614008
18.614072
18.614136
18.6142
18.821376
18.821476
18.822872
18.822972
18.82464
18.82474
18.824916
18.825016
18.825756
18.825856
18.82596
18.82606
18.826288
18.826388
18.827028
18.827124
18.82748
18.82758
18.828692
18.828756
18.82882
18.828888
19.1981
19.1982
19.416344
19.416396
19.416448
19.416548
19.416588
19.416652
19.416696
19.41676
19.416804
19.416868
19.416912
19.416976
19.41702
19.417108
19.417152
19.417248
19.417396
19.41848
19.418544
19.418608
19.418672
19.418736
19.4188
19.5182
19.518244
19.879044
19.879144
20.013284
20.013384
20.014092
20.014192
20.017192
20.017292
20.318852
20.318952
20.3196
20.3197
20.345624
20.345724
20.521336
20.521436
20.654136
20.654236
20.659712
20.659812
20.735608
20.735708
20.76508
20.76518
20.812076
20.812176
20.815672
20.815772
20.815904
20.816004
20.816048
20.816112
20.816496
20.816596
20.816768
20.816868
20.817076
20.817176
20.817324
20.817424
20.817468
20.817532
20.818372
20.818436
20.8185
20.818564
20.818628
20.818692
21.027488
21.027588
21.029412
21.029512
21.277896
21.277996
21.279448
21.279548
21.280028
21.280128
21.281084
21.281184
21.28212
21.28222
21.282264
21.282324
21.282588
21.282688
21.282776
21.282876
21.283008
21.283108
21.284184
21.284248
21.284312
21.284376
21.28444
21.284504
21.382248
21.382348
21.427004
21.427104
21.692644
21.692744
22.06016
22.06026
22.08496
22.085056
22.226888
22.226988
22.227112
22.227212
22.228836
22.228936
22.22944
22.22954
22.230432
22.230532
22.230688
22.230788
22.23084
22.230944
22.23112
22.23122
22.231316
22.231416
22.23216
22.232224
22.232288
22.232352
22.232416
22.23248
22.232544
22.232608
22.297148
22.297248
22.43734
22.437444
22.502716
22.502816
22.565524
22.565624
22.5715
22.5716
22.640424
22.640524
22.725032
22.725128
22.941304
22.941404
22.941892
22.941992
22.94212
22.94222
22.942628
22.942732
22.942772
22.942836
22.943328
22.943428
22.943708
22.943808
22.944208
22.944308
22.944664
22.944764
22.945548
22.945612
22.945676
22.94574
22.94478
22.944844
23.006076
23.006176
23.014944
23.015044
23.42154
23.42164
23.605116
23.605216
23.60832
23.60842
23.60942
23.60952
23.609788
23.609888
23.610084
23.610184
23.610236
23.610336
23.610536
23.610636
23.61068
23.61078
23.610924
23.611024
23.611404
23.611468
23.611532
23.611596
23.61166
23.611724
23.638252
23.638352
24.00096
24.00106
24.193176
24.193276
24.209212
24.209312
24.395544
24.395644
24.542304
24.542404
24.543208
24.543308
24.54398
24.54408
24.544692
24.544792
24.544844
24.54494
24.54516
24.54526
24.545352
24.545452
24.545496
24.54556
24.545604
24.545668
24.54654
24.546604
24.546668
24.546732
24.747064
24.747164
24.939688
24.939788
25.183696
25.183796
25.406276
25.406376
25.40674
25.40684
25.4082
25.4083
25.409148
25.409244
25.409376
25.409472
25.409668
25.409768
25.409956
25.410056
25.4101
25.410164
25.410208
25.410272
25.411548
25.410588
25.410652
25.410716
25.41078
25.410844
25.445916
25.446016
25.593748
25.593848
25.595088
25.595188
25.595416
25.595516
25.596904
25.597004
25.597608
25.597708
25.599196
25.599296
25.599788
25.599888
25.600348
25.600448
25.600616
25.600716
25.601068
25.601132
25.601196
25.60126
25.603608
25.60446
25.604524
25.800032
25.800132
26.214204
26.214304
26.534332
26.534432
27.004616
27.004712
27.043984
27.044084
27.403972
27.404072
27.44086
27.44096
27.58
27.580096
27.812028
27.812128
28.05124
28.05134
28.468884
28.468984
28.469476
28.469572
28.497488
28.497588
28.718008
28.718108
28.718524
28.718624
28.719064
28.719164
28.719524
28.719624
28.719848
28.719948
28.720124
28.720224
28.720268
28.720336
28.720656
28.720756
28.7208
28.721164
28.721228
28.721292
28.721356
28.72142
28.721484
28.721548
28.856432
28.856532
28.8587
28.8588
28.858884
28.858984
28.860776
28.860876
28.861668
28.861768
28.861856
28.861956
28.862
28.862092
28.862252
28.862352
28.862512
28.862612
28.863744
28.863808
28.863872
28.863936
28.864
28.864064
28.96742
28.96752
28.979668
28.979768
29.10374
29.10384
29.12924
29.12934
29.299636
29.299736
29.41046
29.41056
29.413168
29.413268
29.745416
29.745512
29.808232
29.808332
29.925432
29.929964
29.930064
30.174764
30.174864
30.215512
30.215608
30.263832
30.263932
30.265344
30.265444
30.267072
30.267172
30.26746
30.26756
30.267604
30.267668
30.267776
30.267872
30.268528
30.268628
30.268696
30.268796
30.268892
30.268992
30.270128
30.270192
30.270256
30.27032
30.270384
30.270448
30.269488
30.535536
30.535636
30.918264
30.918364
31.118136
31.118236
31.4585
31.4586
31.460716
31.460816
31.463136
31.463236
31.463568
31.463668
31.463712
31.463784
31.463828
31.463916
31.46396
31.464044
31.464144
31.464244
31.464372
31.464472
31.465824
31.465888
31.465952
31.466016
31.46608
31.589488
31.589588
31.5903
31.590396
31.898192
31.898292
31.8988
31.8989
31.898984
31.899084
31.899232
31.899332
31.899376
31.899444
31.899488
31.899552
31.899596
31.899668
31.899712
31.899776
31.899828
31.90134
31.901404
31.901468
31.901532
31.901596
32.655444
32.655544
32.768596
32.768696
32.834784
32.834884
32.84392
32.84402
32.9898
32.9899
32.994536
32.994636
33.0107
33.010792
33.304532
33.304632
33.327636
33.327736
33.598016
33.598116
33.81222
33.812316
33.81236
33.812436
33.812864
33.812964
33.813052
33.813152
33.81324
33.81334
33.813584
33.813684
33.813888
33.813988
33.814108
33.814208
33.814252
33.815376
33.815436
33.8155
33.81454
33.814608
33.814668
34.22422
34.22432
34.326564
34.326664
34.567712
34.567812
35.21448
35.21458
35.280252
35.280352
35.554536
35.554636
35.554944
35.555044
35.555388
35.555484
35.555784
35.555884
35.556136
35.556232
35.556276
35.55634
35.556384
35.556448
35.55662
35.55672
35.55676
35.557696
35.55776
35.557824
35.557888
35.557952
35.558016
35.988384
35.988484
35.989664
35.989764
35.990676
35.990776
35.99082
35.990912
35.991068
35.991168
35.992404
35.992504
35.992704
35.9928
35.994212
35.994312
35.994544
35.994652
35.995696
35.99576
35.995824
35.995888
35.995952
36.357748
36.357848
36.428016
36.428116
36.5257
36.5258
36.924328
36.924428
36.99386
36.99396
36.998856
36.998956
36.999956
37.000056
37.000172
37.000272
37.001944
37.002044
37.002232
37.002332
37.00276
37.00286
37.002908
37.003008
37.003336
37.003436
37.00352
37.00484
37.004904
37.004968
37.005032
37.005096
37.04558
37.04568
37.441008
37.441108
37.47622
37.47632
37.681224
37.681324
37.722536
37.722636
37.74728
37.74738
37.748388
37.748488
37.79828
37.79838
37.799204
37.799304
37.847232
37.847328
37.894444
37.894544
37.910596
37.910692
38.054752
38.054852
38.057092
38.057192
38.067948
38.068048
38.070092
38.070192
38.072788
38.072888
38.073148
38.073248
38.073856
38.073956
38.075704
38.075804
38.075848
38.07592
38.076212
38.076312
38.076504
38.076604
38.077688
38.077752
38.077816
38.07788
38.077944
38.078008
38.078072
38.271992
38.272092
38.380404
38.380504
38.38102
38.38112
38.381308
38.381408
38.38158
38.381676
38.382684
38.382784
38.383744
38.383844
38.384584
38.384684
38.384728
38.384812
38.384856
38.38492
38.385676
38.38574
38.385804
38.385868
38.387064
38.388044
38.577268
38.577368
39.41094
39.41104
39.42224
39.42234
39.424396
39.424496
39.42502
39.42512
39.425164
39.425256
39.42552
39.42562
39.425796
39.425896
39.425968
39.426068
39.426108
39.426212
39.426372
39.426472
39.427504
39.427568
39.427632
39.427696
39.42776
39.943428
39.943528
40.039796
40.039896
40.400252
40.400352
40.786904
40.787004
40.787756
40.787856
40.789476
40.789576
40.789636
40.789736
40.789836
40.789936
40.789976
40.790072
40.79014
40.79024
40.79028
40.790344
40.790388
40.790476
40.791152
40.791216
40.79128
40.791344
40.791408
41.23678
41.237284
41.237384
41.23754
41.23764
41.237708
41.237808
41.23786
41.237956
41.238028
41.238128
41.238172
41.238256
41.238556
41.238656
41.2387
41.238768
41.239928
41.239992
41.240056
41.24012
41.240184
41.392924
41.393024
41.438924
41.439024
41.449056
41.449156
41.601796
41.601896
41.731352
41.731452
41.734504
41.734604
41.7672
41.7673
42.145584
42.491604
42.491704
42.532856
42.532956
42.54316
42.54326
42.65564
42.65574
42.656936
42.657036
42.65746
42.65756
42.688192
42.688292
42.688624
42.688724
42.688976
42.689076
42.689208
42.689308
42.689376
42.689476
42.68952
42.689584
42.69006
42.69016
42.690204
42.690268
42.690428
42.691344
42.691408
42.691472
42.691536
42.690576
42.69064
42.690704
43.17124
43.17134
43.280236
43.280332
43.281012
43.281112
43.299312
43.299412
43.302156
43.302256
43.303112
43.303212
43.462156
43.462256
43.813996
43.814096
43.962484
43.962584
43.965192
44.134112
44.134212
44.164588
44.164688
44.309368
44.309468
44.434056
44.434156
44.438128
44.438228
44.576576
44.57668
44.609872
44.609972
44.817016
44.817116
44.817304
44.817404
44.916652
44.916752
44.916936
44.917036
44.964908
44.965008
45.381188
45.49632
45.49642
45.4965
45.496596
45.497068
45.497168
45.497212
45.497276
45.49736
45.49746
45.497504
45.497568
45.497792
45.497892
45.498432
45.498532
45.498572
45.499472
45.499536
45.4996
45.499664
45.499728
45.499792
45.499856
45.786996
45.787096
46.292016
46.292116
46.303244
46.30334
46.38708
46.38718
46.582716
46.582816
46.607564
46.607664
46.7261
46.7262
46.838964
46.839064
46.891512
46.891612
47.146912
47.147012
47.794728
47.794828
48.170148
48.170248
48.1717
48.1718
48.17458
48.17468
48.302016
48.302116
48.59512
48.59522
48.595264
48.595328
48.600124
48.600224
48.69316
48.69326
48.770708
48.770808
48.978668
48.978768
48.981144
48.981244
48.982596
48.982696
48.982972
48.983072
48.983572
48.983672
48.983716
48.98378
48.98448
48.98458
48.984624
48.984696
48.98474
48.984816
48.98598
48.986044
48.985084
48.985148
48.985212
48.985276
48.98534
49.13474
49.13484
49.135024
49.135124
49.182696
49.182796
49.237588
49.237688
49.317756
49.317856
49.46062
49.46072
49.529264
49.529364
49.570752
49.570852
49.725864
50.084296
50.084396
50.350448
50.350548
50.997412
50.997512
51.042272
51.042368
51.12716
51.12726
51.127576
51.127676
51.128212
51.128312
51.128356
51.128428
51.128488
51.128588
51.128712
51.128812
51.12886
51.12896
51.129104
51.129204
51.129244
51.13032
51.12936
51.129424
51.129488
51.129552
51.129616
51.13026
51.130768
51.20382
51.20392
51.209448
51.209548
51.298616
51.298716
51.376704
51.376804
51.556896
51.556996
51.571412
51.571512
51.579516
51.579616
52.252396
52.335556
52.335656
52.385956
52.38606
52.58972
52.58982
52.81782
52.81792
52.81972
52.81982
52.819868
52.819964
52.820408
52.820508
52.820548
52.82064
52.82072
52.82082
52.820888
52.820988
52.821032
52.821096
52.82114
52.8212
52.822056
52.82212
52.822184
52.822248
52.822312
52.822376
52.992128
52.992228
52.99846
52.99856
53.028896
53.028996
53.383376
53.383476
53.385112
53.385212
53.385256
53.38532
53.387868
53.387968
53.388036
53.388136
53.38818
53.388244
53.388292
53.388392
53.38846
53.38856
53.388604
53.388668
53.389664
53.389728
53.389792
53.389856
53.38992
53.391668
53.39312
53.414344
53.414444
53.603192
53.603292
53.6114
53.6115
53.717144
53.717244
53.858984
53.859084
53.931312
53.931412
53.981372
53.981472
54.144608
54.144708
54.275372
54.275472
54.318656
54.318756
54.389448
54.389548
54.41592
54.41602
54.55058
54.55068
54.5515
54.5516
54.568624
54.568724
54.569468
54.569568
54.663544
54.663644
54.74088
54.74098
55.049176
55.049276
55.064344
55.064444
55.362144
55.362244
55.674956
55.675056
55.690696
55.690796
55.77132
55.77142
55.773236
55.773336
55.774412
55.774512
55.77482
55.774916
55.775272
55.775372
55.775608
55.775708
55.775796
55.775896
55.776104
55.776204
55.777356
55.777456
55.778636
55.7787
55.778764
55.778828
55.778892
55.78058
55.782092
55.782156
55.862748
55.862844
56.114652
56.114752
56.253308
56.253408
56.30858
56.308676
56.406236
56.406336
57.00914
57.00924
57.014012
57.014112
57.016804
57.016904
57.05264
57.05274
57.056896
57.056996
57.080316
57.080416
57.163432
57.163532
57.316308
57.316408
57.586624
57.586724
57.599224
57.599324
57.602312
57.602412
57.603228
57.603328
57.74092
57.74102
58.15642
58.156524
58.157844
58.157944
58.213956
58.214056
58.21596
58.216068
58.226468
58.226568
59.023704
59.023804
59.024084
59.024184
59.028448
59.028548
59.309076
59.309176
59.311068
59.311168
59.333876
59.333976
59.586452
59.586552
59.854368
59.854468
59.876064
59.876164
59.916448
59.916548
59.916684
59.916784
60.28956
60.28966
60.55706
60.55716
60.5638
60.5639
60.62612
60.62622
60.784288
60.784388
60.927604
60.927704
60.92804
60.92814
60.929208
60.929308
60.929384
60.929484
60.929764
60.929864
60.930048
60.930148
60.93026
60.93036
60.930404
60.930484
60.930532
60.930756
60.931844
60.931908
60.931972
60.932036
60.931076
61.00014
61.00024
61.015908
61.016008
61.285376
61.285476
61.336352
61.336452
61.415916
61.416016
61.972268
61.972368
62.157968
62.158068
62.275544
62.27564
62.865584
62.865684
62.866208
62.866308
62.866404
62.866504
62.867372
62.867472
62.86772
62.86782
62.8681
62.868196
62.868344
62.868444
62.868488
62.868556
62.868652
62.868752
62.869828
62.869892
62.869956
62.87002
62.870084
63.345876
63.345976
63.36522
63.36532
63.370256
63.370356
63.779536
63.779636
63.86606
63.86616
63.978616
63.978716
64.133992
64.134092
64.13672
64.13682
64.137128
64.137228
64.137292
64.137392
64.1385
64.1386
64.138644
64.138704
64.1394
64.1395
64.139628
64.139728
64.139844
64.139944
64.140284
64.140348
64.140412
64.140476
64.14054
64.140604
64.233392
64.233492
64.237112
64.237212
64.492436
64.492536
64.767444
64.767544
65.255648
65.255748
65.28792
65.28802
65.289204
65.289308
65.290088
65.290188
65.290512
65.290608
65.29078
65.29088
65.290932
65.291032
65.291076
65.29116
65.291276
65.291376
65.291516
65.291612
65.293188
65.293252
65.292292
65.292356
65.29242
65.525024
65.525124
65.735116
65.735216
65.757348
65.757448
65.785188
65.785288
65.87988
65.87998
65.881104
65.8812
65.881484
65.881584
65.881628
65.88172
65.882832
65.882932
65.883928
65.884028
65.884224
65.884324
65.884756
65.884856
65.884916
65.885016
65.886168
65.885208
65.885272
65.885336
65.885404
65.885464
66.269568
66.269668
66.297116
66.297216
66.29762
66.29772
66.29778
66.297884
66.2992
66.2993
66.2995
66.2996
66.299844
66.299944
66.299988
66.300056
66.300108
66.300208
66.300336
66.300436
66.30136
66.30142
66.301484
66.462528
66.462628
66.49692
66.49702
66.511504
66.511604
66.51192
66.51202
66.512628
66.512728
66.513232
66.513332
66.513988
66.514088
66.514308
66.514408
66.51458
66.51468
66.514756
66.514856
66.51492
66.51502
66.516768
66.516832
66.5169
66.94368
66.94378
67.12418
67.12428
67.272116
67.272216
67.272548
67.272648
67.272692
67.272764
67.272808
67.27288
67.272996
67.273096
67.273168
67.273268
67.273312
67.273408
67.273452
67.273516
67.27356
67.274252
67.274316
67.27438
67.274444
67.274508
67.330616
67.330716
68.465164
68.465264
68.466036
68.466136
68.672164
68.672264
68.673144
68.673244
68.674188
68.674288
68.674456
68.674556
68.675096
68.675196
68.67524
68.675312
68.675352
68.67542
68.675668
68.675768
68.675844
68.675944
68.677428
68.677492
68.677556
68.67762
68.67666
68.73726
68.73736
68.854188
68.854288
68.908272
68.908372
68.95886
68.95896
68.969996
68.970096
68.973584
68.973684
69.243008
69.243108
69.246744
69.246844
69.622888
69.622988
69.691604
69.691704
69.874244
69.874344
69.875572
69.875672
69.909208
69.909308
69.909552
69.909652
69.909832
69.909932
69.910048
69.910148
69.910376
69.910476
69.91052
69.910584
69.910628
69.910692
69.910764
69.910864
69.910908
69.91236
69.912424
69.912488
69.912552
69.911592
70.010204
70.010304
70.053632
70.053732
70.100656
70.100752
70.3927
70.3928
70.528428
70.528528
70.870916
70.871016
70.993892
70.993992
71.121836
71.121936
71.147016
71.147116
71.195876
71.195976
71.196344
71.196444
71.196504
71.196604
71.196752
71.196852
71.196924
71.197024
71.197092
71.197192
71.197248
71.197348
71.197392
71.197492
71.197536
71.198012
71.198076
71.19814
71.198204
71.198268
71.198332
71.618592
71.618692
71.64314
71.64324
72.033864
72.033964
72.16504
72.16514
72.191156
72.191256
72.938084
72.938184
73.021796
73.021896
73.022252
73.022352
73.256448
73.256548
73.2596
73.259692
73.363152
73.363252
73.363728
73.365452
73.365552
73.366592
73.366692
73.366916
73.367016
73.367088
73.367188
73.367296
73.367396
73.36744
73.367528
73.367664
73.367764
73.368128
73.369
73.369064
73.369128
73.369192
73.369256
73.370268
73.371432
73.371496
73.523444
73.523544
73.735076
73.73518
74.443372
74.443472
74.444628
74.444728
74.446176
74.446276
74.53336
74.53346
74.535256
74.535356
74.535856
74.535956
74.536092
74.536192
74.66236
74.66246
74.764336
74.764436
74.835072
74.835172
74.837476
74.83758
74.837764
74.837864
74.838384
74.838484
74.838528
74.838596
74.83864
74.83874
74.838784
74.838872
74.838916
74.83898
74.839024
74.839088
74.840336
74.8404
74.840464
74.840528
74.840592
76.120812
76.120912
76.174768
76.174868
76.175068
76.175168
76.76468
76.76478
76.797864
76.797964
76.799316
76.799416
76.799508
76.799608
76.799736
76.799836
76.800088
76.800188
76.800416
76.800516
76.80056
76.800624
76.8007
76.8008
76.800844
76.80102
76.801084
76.801148
76.801212
76.801276
76.80134
77.121792
77.121888
77.122628
77.122728
77.126144
77.126244
77.501024
77.501124
77.67294
77.67304
77.760148
77.760248
77.949372
77.949472
77.94952
77.94962
77.95076
77.95086
77.95096
77.95106
77.952672
77.952772
77.953288
77.953388
77.953604
77.953704
77.95376
77.95386
77.953988
77.954088
77.95566
77.955724
77.955788
77.955852
77.955916
78.155048
78.155148
78.160384
78.160484
78.359396
78.359496
78.625764
78.625864
78.705324
78.705424
78.706144
78.706244
78.70802
78.70812
78.708652
78.708752
78.710188
78.710288
78.71078
78.71088
78.710924
78.71102
78.711064
78.711128
78.711168
78.711252
78.712644
78.712708
78.712772
78.711816
78.711876
78.71194
78.787468
78.787564
78.865372
78.865472
79.397104
79.397204
79.397256
79.397356
79.3976
79.3977
79.397744
79.397824
79.398096
79.398196
79.39824
79.398308
79.398348
79.398416
79.398456
79.39852
79.398564
79.399236
79.3993
79.399364
79.399428
79.399492
79.415156
79.415256
79.465196
79.465296
79.499412
79.499512
79.620832
79.620932
79.686056
79.686156
79.68744
79.68754
79.692404
79.692504
80.300244
80.300344
80.304388
80.304484
80.424936
80.425036
80.426636
80.426736
80.501964
80.50206
80.540656
80.540756
80.793848
80.793948
80.794084
80.794184
80.794268
80.794368
80.795776
80.795876
80.795952
80.796052
80.796292
80.796392
80.796436
80.7965
80.796544
80.796608
80.796652
80.797
80.797064
80.797128
80.797192
80.797256
80.911924
80.912024
80.91792
80.91802
80.919268
80.919368
80.919516
80.919616
80.920036
80.920136
80.920284
80.920384
80.920504
80.920604
80.920676
80.920776
80.920852
80.920952
80.921212
80.922372
80.922436
80.9225
80.931192
80.931292
81.361512
81.361612
81.3619
81.362
81.411596
81.4117
81.526468
81.526568
81.528668
81.528768
81.614824
81.614924
82.080552
82.080648
82.30924
82.309336
82.802336
82.802436
83.015148
83.015248
83.163952
83.188212
83.188312
83.202404
83.202504
83.251464
83.251564
83.513128
83.513228
83.521684
83.521784
83.647808
83.647908
83.955016
83.955116
84.076196
84.076296
84.144504
84.144604
84.147212
84.147312
84.148728
84.148828
84.14898
84.14908
84.149284
84.149384
84.149796
84.149896
84.150376
84.150476
84.15052
84.15062
84.15066
84.150724
84.15182
84.151888
84.151948
84.152012
84.152076
84.15214
84.405892
84.405988
84.61408
84.61418
84.649288
84.649388
84.789612
84.789712
84.829264
84.829364
84.881216
84.881316
85.063528
85.063628
85.06422
85.06432
85.064728
85.064828
85.064872
85.064964
85.065008
85.065084
85.065524
85.065624
85.065684
85.065784
85.065952
85.066052
85.066096
85.06668
85.067768
85.066808
85.066872
85.066936
85.108856
85.108952
85.206504
85.206604
85.491644
85.491744
85.579288
85.579388
85.580668
85.580768
85.581008
85.581108
85.581148
85.581224
85.58136
85.58146
85.581664
85.581764
85.581872
85.581972
85.582064
85.582164
85.582208
85.58244
85.583528
85.583592
85.583656
85.58372
85.725968
85.726068
85.904076
85.904176
85.904904
85.905004
85.90562
85.90572
85.906176
85.906276
85.90632
85.906408
85.906656
85.906756
85.90692
85.907016
85.90706
85.907156
85.907272
85.907372
85.90832
85.908384
85.908448
85.907488
86.03828
86.03838
86.086948
86.087044
86.234292
86.234392
86.324488
86.324588
86.374632
86.374732
86.37626
86.37636
86.431284
86.431384
86.576092
86.576192
86.962636
86.962736
87.143988
87.144088
87.14482
87.14492
87.145316
87.145416
87.145768
87.145864
87.145908
87.146004
87.146096
87.146196
87.14624
87.14632
87.14638
87.146476
87.146756
87.147136
87.148224
87.148288
87.148352
87.148416
87.14848
87.14752
87.305
87.313296
87.313392
87.358572
87.358668
87.441896
87.441996
87.49784
87.49794
87.504832
87.504932
87.564408
87.564508
87.598352
87.598452
87.771524
87.771624
88.2469
88.247
88.24736
88.24746
88.6705
88.6706
88.820324
88.861412
88.861512
89.58384
89.58394
90.721932
90.722032
90.95198
90.95208
91.013424
91.013524
91.014932
91.015032
91.015732
91.015832
91.016764
91.016864
91.016908
91.016972
91.017016
91.01708
91.017124
91.017188
91.017228
91.017304
91.017428
91.017528
91.018684
91.018748
91.018812
91.018876
91.01894
91.01936
91.021116
91.614424
91.614524
92.060684
92.06078
92.114672
92.114772
92.350396
92.350496
92.490324
92.49042
92.887592
92.887692
92.962596
92.962696
93.293112
93.293212
93.47758
93.47768
93.536748
93.536848
93.629276
93.629376
93.629544
93.629644
93.629956
93.630056
93.63028
93.63038
93.630444
93.630544
93.630588
93.630664
93.630968
93.631068
93.631404
93.631504
93.631648
93.632436
93.633524
93.632564
93.632628
93.632692
93.632756
93.63282
93.73948
93.73958
93.985068
93.985168
94.092076
94.092176
94.176296
94.176396
94.620412
94.620512
94.621576
94.621676
94.666848
94.666948
94.67086
94.670956
94.689968
94.690068
94.692748
94.692848
94.718464
94.718564
94.730492
94.730592
94.731996
94.732096
94.734472
94.734572
94.975244
94.975344
95.457104
95.457204
95.560172
95.560272
95.561184
95.561284
95.561888
95.561988
95.562036
95.562136
95.562176
95.56224
95.562336
95.562436
95.562484
95.562584
95.562628
95.56272
95.56284
95.563332
95.56442
95.564484
95.564548
95.564612
95.597372
95.597472
95.597736
95.597836
95.617356
95.617456
96.036056
96.036156
96.121868
96.121964
96.149356
96.149456
96.741232
96.741332
96.753644
96.753744
97.099632
97.099732
97.10042
97.10052
97.104116
97.104944
97.104988
97.105032
97.105088
97.105132
97.1052
97.105264
97.105364
97.10542
97.105524
97.105564
97.105628
97.105672
97.106144
97.106208
97.106272
97.106336
97.1064
97.106464
97.279908
97.280012
97.504672
97.504772
97.584896
97.584996
98.002796
98.002896
98.077332
98.077432
98.260324
98.260424
98.270856
98.270952
98.593252
98.593352
98.727976
98.728076
98.728424
98.728524
98.730388
98.730488
98.730788
98.730888
98.731248
98.731348
98.731644
98.731744
98.731788
98.731876
98.732124
98.732224
98.732372
98.732472
98.733244
98.733308
98.733372
98.733436
98.7335
98.733564
98.81768
98.81778
98.817824
98.817908
99.026652
99.026752
99.030532
99.030632
99.034812
99.034912
99.273624
99.273724
99.33514
99.33524
99.457624
99.457724
99.458208
99.458308
99.458636
99.458736
99.45878
99.458844
99.45904
99.45914
99.459184
99.459252
99.459296
99.459356
99.4594
99.459464
99.459716
99.460776
99.46084
99.460904
99.460968
99.461032
99.461096
99.631256
99.631356
99.632436
99.632536
100.06032
100.06042
100.106056
100.106156
100.23478
100.23488
100.304792
100.304888
100.654312
100.654412
100.778076
100.778176
100.900288
100.900388
100.910416
100.910516
101.221684
101.221784
101.267448
101.267548
101.38576
101.385864
101.627168
101.627268
101.627924
101.628024
101.62878
101.62888
101.629564
101.629664
101.63026
101.63036
101.630528
101.630628
101.630692
101.630792
101.631364
101.631456
101.631664
101.631764
101.63244
101.632504
101.632568
101.632632
101.632696
101.63276
101.678384
101.678484
101.742384
101.742484
101.78064
101.78074
102.039112
102.039212
102.03932
102.03942
102.041028
102.041128
102.041588
102.041688
102.042852
102.042952
102.043744
102.043844
102.044224
102.044324
102.04438
102.04448
102.044876
102.044972
102.046428
102.046492
102.046556
102.04662
102.046684
102.045724
102.321024
102.321124
102.385112
102.385212
102.586304
102.5864
102.58708
102.587184
102.587264
102.587364
102.58772
102.58782
102.588704
102.588804
102.5891
102.5892
102.589244
102.589312
102.589564
102.589664
102.59002
102.59012
102.590548
102.590612
102.590676
102.59074
102.590804
102.695968
102.696068
102.729636
102.72974
103.41588
103.41598
103.443964
103.444064
103.447452
103.447548
103.589544
103.589644
103.603736
103.603836
104.031752
104.031852
104.101932
104.102032
104.503232
104.503332
104.93914
104.93924
105.308124
105.308224
105.51728
105.51738
106.06414
106.06424
106.229276
106.229376
106.369036
106.369128
106.551284
106.551384
106.58398
106.58408
106.788052
106.788152
106.794512
106.794612
106.879816
106.879916
106.881924
106.88202
106.882888
106.882988
106.884664
106.884764
106.884944
106.885044
106.885088
106.885152
106.885344
106.885444
106.885676
106.885776
106.886072
106.886172
106.887128
106.887192
106.887256
106.88732
106.887384
106.887448
107.005808
107.005908
107.563684
107.563784
107.565076
107.565176
107.56648
107.566576
107.568348
107.568448
108.125832
108.125932
108.257108
108.257208
108.25796
108.25806
108.2582
108.2583
108.258436
108.258536
108.258684
108.258784
108.258928
108.259028
108.259072
108.259148
108.25922
108.25932
108.259364
108.260268
108.260332
108.259372
108.259436
108.2595
108.259564
108.259628
108.259692
108.33416
108.33426
108.353492
108.353592
108.56116
108.56126
108.57608
108.57618
108.878008
108.878108
109.079888
109.079988
109.080836
109.080932
109.082388
109.082488
109.155616
109.155712
109.156472
109.156572
109.15724
109.15734
109.157408
109.157508
109.157628
109.157728
109.15794
109.15804
109.1582
109.1583
109.158344
109.158444
109.158512
109.158768
109.159856
109.15992
109.159984
109.160052
109.160116
109.160176
109.410972
109.411072
109.520208
109.520308
109.562676
109.562776
109.599572
109.599672
109.819596
109.819696
109.822252
109.822352
109.822768
109.822868
110.104488
110.104588
110.326468
110.326568
110.73512
110.73522
111.116616
111.116716
111.117332
111.117428
111.130796
111.130896
111.325476
111.325576
111.3266
111.3267
111.326856
111.326956
111.327144
111.327244
111.327336
111.327436
111.32748
111.327544
111.327588
111.327668
111.327712
111.327776
111.32786
111.328636
111.3287
111.328764
111.328828
111.328892
111.40854
111.40864
111.578696
111.578796
111.579748
111.579848
111.580072
111.580172
111.580636
111.580736
111.581792
111.581892
111.583348
111.583448
111.583492
111.583564
111.583896
111.583996
111.585096
111.585192
111.586012
111.586076
111.58614
111.586204
111.587012
111.869388
111.869488
111.920652
111.920752
111.99614
111.99624
112.031076
112.031176
112.056796
112.056896
112.453944
112.454044
112.454364
112.454464
112.458604
112.458704
112.568636
112.568736
112.943404
112.943504
112.955496
112.955596
112.955668
112.955768
112.956076
112.956176
112.956512
112.956612
112.956664
112.956764
112.956808
112.956904
112.956948
112.957012
112.957068
112.957168
112.957232
112.957628
112.957692
112.957756
112.95782
112.957888
112.957948
113.013908
113.014008
113.139196
113.139296
113.274076
113.274176
113.296496
113.296596
113.644476
113.644576
113.704068
113.704168
113.832576
113.832676
113.914804
113.914904
113.91722
113.91732
114.331036
114.331136
114.43798
114.43808
114.562324
114.562424
114.563044
114.56314
114.563748
114.563848
114.564068
114.564168
114.564408
114.564508
114.564652
114.564752
114.564828
114.564928
114.564972
114.565068
114.565172
114.56548
114.566568
114.566632
114.566696
114.56676
114.566984
114.567912
114.714288
114.714388
114.8118
114.8119
114.834428
114.834528
114.929632
114.929732
115.185592
115.185692
115.225728
115.225828
115.314208
115.314308
115.578248
115.578348
115.724928
115.725028
115.727724
115.727824
115.728956
115.729036
115.72908
115.729144
115.729184
115.729284
115.72942
115.72952
115.729588
115.729688
115.729732
115.729832
115.729876
115.72994
115.731112
115.731176
115.73124
115.731304
115.731368
115.731432
115.804088
115.804188
115.838716
115.838816
116.0716
116.0717
116.117396
116.117496
116.2991
116.2992
116.299428
116.299528
116.29986
116.29996
116.300164
116.300264
116.300508
116.300608
116.300652
116.300724
116.300768
116.30084
116.300956
116.301056
116.301176
116.302248
116.302312
116.302376
116.30244
116.302504
116.30518
116.306728
116.31484
116.31494
116.396136
116.396236
116.497684
116.497784
116.503968
116.504064
116.508072
116.508172
116.694744
116.694844
116.75482
116.75492
116.75624
116.75634
116.757904
116.758
116.758624
116.758724
116.760224
116.760324
116.766184
116.766288
116.914972
116.915072
116.975448
116.975548
117.036016
117.036116
117.355164
117.355264
117.383344
117.383444
117.435028
117.435128
117.50988
117.50998
117.587972
117.588072
117.691776
117.69188
117.695416
117.695516
117.94272
117.94282
117.95572
117.95582
118.240636
118.240736
118.351188
118.351288
118.691064
118.691164
118.720612
118.720712
118.731252
118.731352
118.731516
118.731616
118.732232
118.732332
118.739124
118.73922
118.831776
118.831876
118.833744
118.833844
118.836888
118.836988
119.10488
119.10498
119.105632
119.105732
119.109176
119.109276
119.217656
119.217756
119.26694
119.26704
119.735008
119.735108
119.741184
119.741284
120.034636
120.034736
120.384548
120.384644
120.626336
120.626436
121.03916
121.03926
121.094468
121.094568
121.119076
121.119176
121.342776
121.342876
121.392164
121.392264
121.393492
121.393592
121.39484
121.39494
121.395028
121.395128
121.395656
121.395756
121.3958
121.395868
121.396452
121.396552
121.396596
121.39668
121.396972
121.397072
121.39744
121.397504
121.397568
121.397632
121.397696
121.548696
121.548796
121.564332
121.564432
121.739948
121.740048
121.7402
121.7403
121.740356
121.740456
121.740788
121.740888
121.74104
121.74114
121.741212
121.741312
121.741528
121.741628
121.74172
121.74182
121.741892
121.743108
121.743172
121.743236
121.7433
121.74234
121.894544
121.894644
122.478288
122.478388
122.487652
122.487752
122.48848
122.48858
122.490056
122.490156
122.4902
122.490264
122.490572
122.490672
122.491204
122.491304
122.491408
122.491508
122.49172
122.49182
122.491908
122.492008
122.492924
122.492988
122.493052
122.493116
122.49318
122.495092
122.49638
123.137108
123.137208
123.17194
123.17204
123.177792
123.177892
123.180004
123.180104
123.226568
123.226668
123.227744
123.227844
123.228648
123.228748
123.229288
123.229388
123.229432
123.229532
123.229696
123.229796
123.229848
123.229948
123.230068
123.230168
123.23062
123.23072
123.231836
123.2319
123.231964
123.232028
123.34498
123.34508
123.61896
123.61906
123.620248
123.620348
123.62074
123.62084
123.655636
123.655736
124.212068
124.212168
124.26658
124.266676
124.280012
124.280112
124.437064
124.437164
124.992508
124.992608
125.214992
125.215092
125.224504
125.295496
125.295596
125.459084
125.459184
125.55726
125.55736
125.966096
125.966196
126.078876
126.078972
126.079056
126.079156
126.243456
126.243556
126.80092
126.80102
126.942956
127.479968
127.480068
127.74634
127.74644
127.747108
127.747208
128.05276
128.20758
128.20768
128.357136
128.357184
128.357228
128.357312
128.357356
128.35742
128.35746
128.357552
128.357596
128.357672
128.357716
128.35778
128.35782
128.357884
128.357932
128.357992
128.358036
128.35926
128.359324
128.359388
128.358428
128.358492
128.437112
128.437212
128.469744
128.469844
128.498028
128.498128
128.499512
128.499608
128.499848
128.499948
128.500568
128.500668
128.50114
128.50124
128.501592
128.501692
128.502536
128.502636
128.502728
128.502828
128.50392
128.50402
128.505632
128.506432
128.506496
128.50656
128.506624
128.6681
128.6682
128.886456
128.886556
128.887208
128.887308
129.060028
129.060128
129.061076
129.061176
129.061736
129.061836
129.063512
129.06394
129.064036
129.064388
129.064488
129.064616
129.064716
129.064808
129.064908
129.065064
129.065164
129.065392
129.066708
129.066772
129.066836
129.0669
129.066964
129.148284
129.148384
129.197436
129.197536
129.197612
129.197712
129.197864
129.197964
129.198324
129.198424
129.198704
129.198804
129.199128
129.199228
129.199368
129.199468
129.199956
129.200056
129.200344
129.200588
129.201676
129.20174
129.268496
129.268596
129.269252
129.269352
129.269856
129.269956
129.270104
129.270204
129.270248
129.270348
129.270924
129.271024
129.271312
129.271412
129.271656
129.271756
129.272044
129.272144
129.273756
129.273824
129.434824
129.434924
129.444716
129.444816
129.585232
129.585332
130.011296
130.011396
130.160652
130.160748
130.212408
130.212508
130.277292
130.277392
130.309468
130.309568
130.530532
130.530632
130.74724
130.74734
130.747408
130.747508
130.74766
130.74776
130.74972
130.74982
130.750188
130.750288
130.750332
130.75042
130.75054
130.75064
130.75074
130.75084
130.75088
130.750976
130.752504
130.751544
130.751608
130.751672
130.799964
130.800064
130.8255
130.8256
130.838084
130.838184
130.838372
130.838472
130.840816
130.840916
130.841316
130.841416
130.842716
130.842816
130.844128
130.844228
130.845428
130.845524
130.853892
130.853992
130.857104
130.857204
131.180948
131.181048
131.303248
131.303348
131.777652
131.777752
131.780068
131.780168
131.780432
131.780528
131.780732
131.780832
131.780872
131.780952
131.781728
131.781828
131.781904
131.782004
131.78218
131.78228
131.782524
131.782624
131.782916
131.78298
131.783044
131.783108
131.783172
132.363372
132.363472
132.512828
132.512928
132.516368
132.516468
132.516636
132.51674
132.518056
132.518152
132.524868
132.524968
132.920648
132.920748
132.980928
132.981028
133.229308
133.229408
133.330604
133.330704
133.642012
133.642108
133.642716
133.642816
133.642964
133.643064
133.643108
133.643172
133.643248
133.643348
133.643568
133.643668
133.643716
133.643816
133.643856
133.64392
133.643964
133.645164
133.645228
133.645292
133.644332
133.644396
133.727348
133.727448
133.87706
133.87716
134.112136
134.112232
134.116444
134.116544
134.11796
134.11806
134.11812
134.11822
134.119404
134.1195
134.119956
134.120056
134.120372
134.120472
134.120556
134.120656
134.120752
134.120848
134.120892
134.12156
134.121624
134.121688
134.121752
134.121816
134.502688
134.502788
134.963432
134.963532
135.180604
135.1807
135.229228
135.229328
135.260204
135.260304
135.260928
135.261028
135.261072
135.261136
135.261196
135.261296
135.26134
135.261424
135.261468
135.261528
135.26176
135.26186
135.261928
135.262028
135.262072
135.262336
135.262396
135.26246
135.262524
135.262592
135.262652
135.346164
135.346264
135.387992
135.388092
135.39006
135.39016
135.390716
135.390816
135.634068
135.634168
135.677808
135.677908
135.86636
135.86646
136.315424
136.315524
136.35856
136.35866
136.359932
136.360032
136.712556
136.712656
136.728204
136.728304
136.875404
136.875504
136.876076
136.876176
136.984356
136.984456
137.196508
137.196608
137.421064
137.421164
137.444556
137.444656
137.499552
137.49966
137.571888
137.571988
138.072712
138.072812
138.072964
138.073064
138.073472
138.073572
138.073724
138.073824
138.074396
138.074496
138.075108
138.075208
138.075316
138.075416
138.075744
138.075844
138.075888
138.075968
138.07696
138.077024
138.077088
138.077152
138.076192
138.076256
138.563988
138.564088
138.689388
138.689488
138.774128
138.774228
138.999496
138.9996
139.754608
139.754708
139.777596
139.777696
139.77774
139.777816
139.77786
139.777924
139.777964
139.77806
139.778104
139.778168
139.7785
139.7786
139.778644
139.778708
139.778752
139.778844
139.778888
139.779724
139.779788
139.779852
139.779916
139.77998
139.821188
139.821288
139.86934
139.86944
139.906188
139.906288
140.134192
140.134292
140.134332
140.134424
140.1347
140.1348
140.135052
140.135152
140.135512
140.135612
140.135756
140.135856
140.136496
140.136596
140.13664
140.136708
140.136752
140.137344
140.138432
140.137472
140.137536
140.303808
140.303908
140.625596
140.625696
140.959536
140.959636
140.96236
140.96246
140.96382
140.96392
140.967616
140.967716
140.968276
140.968376
140.968996
140.969096
140.970308
140.970408
140.970452
140.970532
140.971376
140.971476
140.971532
140.971632
140.972096
140.97216
140.972224
140.972288
140.972352
141.040668
141.040768
141.098896
141.098996
141.11854
141.11864
141.215124
141.215224
141.315632
141.315732
141.502964
141.503064
141.9112
141.9113
142.477124
142.477224
143.007864
143.007964
143.048128
143.048228
143.0493
143.0494
143.049724
143.049824
143.05014
143.05024
143.050284
143.050364
143.050416
143.050516
143.050872
143.050972
143.051532
143.051632
143.051704
143.0518
143.053396
143.05346
143.053524
143.053588
143.053652
143.198732
143.198828
143.227856
143.227956
143.232336
143.232436
143.299132
143.299232
143.4386
143.4387
143.441272
143.441372
143.441496
143.441596
143.441956
143.442056
143.442628
143.442724
143.442832
143.442932
143.443088
143.443188
143.443232
143.443312
143.443504
143.443604
143.444884
143.444948
143.443988
143.444052
143.889472
143.889572
143.890172
143.890272
143.894568
143.894668
143.894956
143.895056
143.895404
143.895504
143.89564
143.895744
143.895888
143.895988
143.89612
143.896216
143.896264
143.896364
143.896788
143.896852
143.896916
143.89698
143.897044
143.92086
143.92096
144.011452
144.011548
144.17396
144.17406
144.199336
144.199436
144.199556
144.199656
144.201292
144.201392
144.201648
144.201748
144.201956
144.202056
144.20224
144.20234
144.202948
144.203048
144.203324
144.203424
144.203564
144.203664
144.204604
144.204668
144.204736
144.203772
144.296268
144.296368
144.316152
144.316252
144.431604
144.4317
144.624188
144.624288
144.819292
144.819392
145.160936
145.161036
145.161204
145.161304
145.162092
145.162192
145.16448
145.16458
145.164772
145.164872
145.165104
145.165204
145.165248
145.165344
145.165552
145.165652
145.165696
145.16576
145.167232
145.167296
145.166336
145.1664
145.166464
145.677264
145.677364
145.681196
145.681296
145.713864
145.713964
145.749184
145.749284
146.030696
146.030796
146.568216
146.568316
146.615852
146.615952
146.959784
146.959884
147.020552
147.020652
147.46522
147.46532
147.628168
147.628268
147.851508
147.851608
147.88678
147.88688
148.028164
148.028264
148.110712
148.110812
148.135888
148.135988
148.13644
148.13654
148.13688
148.13698
148.137428
148.137528
148.137732
148.137832
148.138036
148.138136
148.13828
148.13838
148.138548
148.138648
148.139024
148.139124
148.14014
148.1402
148.140264
148.140328
148.140396
148.294936
148.295036
148.371324
148.403812
148.403912
148.539684
148.539784
148.542124
148.542224
148.92382
148.923916
148.966464
148.966564
148.966616
148.966716
148.967296
148.967396
148.968296
148.968396
148.968568
148.968668
148.968712
148.968788
148.968872
148.968972
148.969096
148.969192
148.969252
148.969612
148.96968
148.96974
148.969804
148.969868
148.969932
149.244752
149.244852
149.348812
149.348912
149.507588
149.507688
150.092124
150.092224
150.22432
150.22442
150.266496
150.266596
150.285832
150.285932
150.318316
150.318416
150.318828
150.318932
150.319144
150.319244
150.319752
150.319852
150.32024
150.320336
150.320696
150.320796
150.320968
150.321064
150.321164
150.321256
150.321512
150.321612
150.32256
150.322624
150.322688
150.322752
150.322816
150.32288
150.49216
150.657204
150.657304
150.664568
150.664668
150.66764
150.66774
151.033588
151.033688
151.185312
151.185412
151.736756
151.736856
151.752484
151.752584
151.752848
151.752948
151.75302
151.75312
151.753164
151.753256
151.75352
151.75362
151.753696
151.753796
151.75384
151.753908
151.753952
151.754048
151.754092
151.75564
151.755704
151.755768
151.754808
151.754872
151.886872
151.886972
151.933024
151.933124
152.13034
152.13044
152.130712
152.130812
152.134448
152.134548
152.162512
152.162612
152.166084
152.166184
152.16794
152.16804
152.168212
152.168312
152.168376
152.168476
152.168556
152.168656
152.168808
152.168908
152.168948
152.169012
152.169064
152.169164
152.169828
152.169892
152.169956
152.17002
152.170084
152.305204
152.305304
152.305448
152.305548
152.305608
152.305708
152.705544
152.705644
152.708052
152.708152
152.713336
152.713436
152.714364
152.714464
152.77854
152.77864
153.249892
153.249992
153.313672
153.313772
153.329816
153.329916
153.330752
153.330852
153.332128
153.332228
153.332336
153.332436
153.33394
153.33404
153.334452
153.334552
153.334596
153.33466
153.334704
153.334768
153.334812
153.334884
153.336104
153.336168
153.336232
153.336296
153.33636
153.336424
154.229232
154.229332
154.295564
154.295664
154.296764
154.296864
154.298188
154.298288
154.299504
154.299604
154.300012
154.300112
154.300912
154.301012
154.30106
154.30116
154.301204
154.301296
154.301584
154.301684
154.302876
154.30294
154.303004
154.303068
154.49806
154.498152
154.533364
154.533424
154.584596
154.584696
154.589336
154.589436
154.639952
154.640052
155.225144
155.225244
155.398516
155.398616
155.399544
155.399644
155.400952
155.401052
155.401252
155.401352
155.401584
155.401684
155.403952
155.404052
155.404796
155.404896
155.405232
155.405332
155.405588
155.405688
155.405828
155.406916
155.40698
155.407044
155.407108
155.407172
155.52016
155.52026
155.524224
155.524328
155.778644
155.778744
156.764664
156.764764
156.765312
156.765412
156.765584
156.765684
156.765884
156.765984
156.76638
156.76648
156.767352
156.767452
156.767688
156.767788
156.768356
156.768456
156.7688
156.7689
156.769932
156.769996
156.77006
156.770124
156.770188
156.770252
156.977128
156.977228
157.039836
157.039936
157.040632
157.040732
157.041488
157.041588
157.042032
157.042132
157.042176
157.042268
157.042804
157.042904
157.043384
157.04348
157.043532
157.043632
157.043676
157.04374
157.045104
157.045168
157.045232
157.045296
157.04536
157.059896
157.062268
157.062368
157.063712
157.063812
157.430152
157.430252
157.565016
157.565116
157.8302
157.8303
157.834456
157.834552
157.928972
157.929072
157.981592
157.981692
157.996172
157.996272
158.128948
158.129048
159.469056
159.469156
159.519652
159.519756
159.519972
159.520072
159.520112
159.52018
159.52022
159.520284
159.520328
159.520412
159.520456
159.52052
159.520576
159.520676
159.52072
159.520812
159.520856
159.522808
159.521848
159.521912
159.521976
159.52204
159.522104
159.678236
159.678336
159.703344
159.703444
159.713208
159.713308
159.752304
159.752404
159.985808
159.985908
160.0296
160.029708
160.037844
160.037944
160.040428
160.040528
160.041172
160.041272
160.04168
160.04178
160.041892
160.041996
160.042056
160.042156
160.042272
160.042372
160.042432
160.042532
160.042576
160.04264
160.043192
160.043256
160.04332
160.043384
160.632844
160.632936
160.633348
160.633448
160.633516
160.633616
160.633668
160.633768
160.633924
160.634024
160.634192
160.634292
160.63448
160.63458
160.63464
160.63474
160.6348
160.634976
160.63504
160.635104
160.635168
160.635232
160.635296
161.00722
161.00732
161.05436
161.05446
161.108196
161.108296
161.1885
161.1886
161.454936
161.455036
161.6017
161.601796
161.601932
161.602032
161.60244
161.60254
161.602692
161.602792
161.602892
161.602992
161.60418
161.604224
161.60432
161.604364
161.604428
161.604472
161.604536
161.604576
161.60538
161.605444
161.605508
161.605572
161.679828
161.679928
162.137224
162.137324
162.341028
162.341128
162.436048
162.436148
162.457428
162.457528
162.58406
162.58416
163.387272
163.387372
163.449928
163.450028
163.531392
163.531492
163.613496
163.613596
163.784032
163.784132
163.81184
163.81194
163.81694
163.81704
163.817268
163.817368
163.817448
163.817548
163.818116
163.818212
163.820696
163.820796
163.821144
163.821244
163.821288
163.821352
163.821696
163.821796
163.82184
163.823312
163.823376
163.82344
163.823504
163.823568
163.822608
163.822672
164.230184
164.60074
164.600844
164.71182
164.71192
164.850624
164.85072
164.850976
164.851076
164.851252
164.851352
164.851464
164.851564
164.851608
164.851696
164.85174
164.851804
164.851932
164.852028
164.852252
164.852352
164.85242
164.852748
164.852812
164.852876
164.85294
164.853004
164.853068
164.949816
164.949916
164.950452
164.950548
164.950592
164.950684
164.95076
164.95086
164.951168
164.951268
164.951484
164.951584
164.951628
164.951712
164.952764
164.952864
164.954012
164.954108
164.955088
164.954128
164.954192
165.535896
165.535996
165.805448
165.805548
166.120964
166.121064
166.150524
166.314468
166.314568
166.572712
166.572812
166.572856
166.572944
166.573092
166.573192
166.573264
166.573364
166.574036
166.574132
166.574176
166.57424
166.574396
166.574496
166.574636
166.574736
166.57482
166.575864
166.575928
166.575992
166.576056
166.57612
166.57516
166.958692
166.958792
166.958836
166.9589
167.61262
167.61272
167.775828
167.775928
168.258096
168.258196
168.25844
168.25854
168.258604
168.258708
168.259928
168.260028
168.263192
168.263292
168.263584
168.263692
168.263852
168.263952
168.263996
168.26406
168.264104
168.264176
168.265404
168.265468
168.265532
168.265596
168.26566
168.2647
168.264764
168.915
168.9151
168.915144
168.915244
168.915548
168.915648
169.18218
169.358864
169.358964
169.35958
169.35968
169.361976
169.362076
169.36212
169.36218
169.362644
169.362744
169.362848
169.362948
169.362992
169.36306
169.363104
169.363168
169.363212
169.363276
169.364128
169.364192
169.364256
169.36432
169.364384
169.364448
169.459436
169.459536
169.5782
169.5783
169.579904
169.580004
169.580312
169.580412
169.580456
169.580536
169.580828
169.580928
169.581112
169.581212
169.582076
169.582176
169.582484
169.582584
169.583108
169.583208
169.584488
169.584552
169.584616
169.583656
169.794688
169.794788
169.83916
169.83926
169.865536
169.865636
170.25824
170.25834
170.335456
170.335556
170.499812
170.499916
170.70314
170.70324
170.857976
170.858076
170.888028
170.888128
170.931524
170.931624
170.937664
170.937764
171.28936
171.28946
171.776244
171.776344
172.041996
172.042096
172.06712
172.06722
172.067868
172.067968
172.186672
172.186772
172.2917
172.2918
172.319016
172.319116
172.456708
172.456808
172.636136
172.636236
172.658008
172.658108
172.722708
172.722808
172.754744
172.754844
172.755464
172.755564
172.7557
172.7558
172.756136
172.756236
172.756408
172.756508
172.756548
172.756612
172.757012
172.757112
172.757248
172.757348
172.757624
172.7579
172.758988
172.758028
172.758092
172.758156
172.75822
172.910528
172.910628
172.942628
172.942728
172.98164
172.981744
172.990532
172.990632
173.059168
173.059268
173.107452
173.107552
173.112896
173.112996
173.373924
173.374024
173.387264
173.387364
173.395964
173.396064
173.625348
173.625448
173.680184
173.680284
173.733336
173.733436
173.735176
173.735276
173.736816
173.736916
174.211544
174.211644
174.444052
174.444152
174.904216
174.904316
175.134192
175.134292
175.487256
175.487356
175.626476
175.626576
175.629712
175.629808
175.630028
175.630124
175.630168
175.630244
175.63052
175.63062
175.630664
175.630728
175.630792
175.630892
175.630936
175.631
175.631044
175.631136
175.63174
175.631804
175.631868
175.631932
175.631996
175.63206
175.632124
175.632188
175.928428
175.928528
176.016892
176.016992
176.109104
176.109204
176.125064
176.125164
176.40084
176.40094
176.58758
176.58768
176.614992
176.615096
176.625992
176.626092
176.627472
176.627572
176.62936
176.62946
176.629708
176.629808
176.630112
176.630212
176.630256
176.630332
176.630376
176.630456
176.630556
176.630656
176.6307
176.63078
176.631256
176.63132
176.631384
176.631448
177.258104
177.258204
177.70876
177.70886
177.766652
177.766752
177.768756
177.768856
177.79812
177.79822
178.077796
178.077896
178.09922
178.09932
178.260724
178.260824
178.378304
178.378404
178.381196
178.381296
178.38134
178.381428
178.383684
178.383784
178.383824
178.383888
178.386656
178.386756
178.386836
178.386936
178.387112
178.387212
178.38734
178.38744
178.387576
178.388756
178.38882
178.388884
178.388948
178.387988
178.683636
178.683736
178.914088
178.914188
178.919736
178.919836
178.967572
178.967672
179.263144
179.263244
179.407896
179.407996
179.40828
179.40838
179.408616
179.408716
179.410776
179.410876
179.412412
179.412512
179.414444
179.414544
179.414596
179.414696
179.41486
179.414956
179.415
179.415064
179.415208
179.416296
179.41636
179.416424
179.416488
179.416552
180.20048
