0.156408
0.524892
1.228952
1.744536
2.239992
3.051268
3.559028
3.7902
4.213144
5.172032
5.242948
5.57532
5.68864
5.700168
6.270956
6.89152
6.966888
9.289828
10.39802
10.459472
10.928472
11.185164
11.539612
11.834964
11.884052
11.991068
12.072856
12.323152
14.032232
14.17038
15.0504
15.672968
15.856392
16.108284
16.338652
16.90226
18.3809
18.6906
18.714116
19.477408
19.57556
19.613664
20.226824
20.340328
20.803984
20.829956
21.555832
21.983108
22.646428
23.182316
23.380996
23.770008
23.773032
23.947556
23.990484
24.310052
24.818444
25.626284
25.774804
26.022512
26.06014
26.257264
26.748
26.866288
27.203048
27.789584
28.170536
28.209936
28.626756
28.855428
28.98462
30.7426
31.58094
33.032568
35.038612
35.239828
35.276012
35.884052
36.12316
36.190584
37.777812
38.73406
38.960752
39.827712
40.312032
41.321464
42.3252
42.405824
42.7176
43.412044
43.705084
43.789076
43.900796
44.155632
44.188104
44.27484
44.508532
44.645088
45.220896
45.752644
46.600144
46.654412
46.73534
47.438072
47.503988
48.856412
48.88494
49.548076
49.616024
49.667616
49.806664
49.945788
50.18464
50.529152
50.933072
51.119756
51.381644
51.466188
51.5548
51.632684
51.957064
51.978128
52.448088
52.754836
53.40302
54.2122
54.296988
54.3096
54.445116
54.446928
55.127816
55.445952
56.19464
56.224648
56.326928
56.661808
57.22274
57.235736
57.345136
57.507292
57.91072
58.217988
58.260668
58.572948
58.782908
59.013004
59.484744
59.509732
59.90926
60.280248
61.291484
61.528276
62.490412
63.220852
63.239132
63.918308
64.447164
65.731968
65.971104
66.177236
66.857444
67.314864
67.318984
67.51122
68.519616
68.967208
69.226892
69.69094
69.748172
70.169604
70.98912
71.031668
71.324476
71.968272
72.546828
73.723324
73.735956
73.818392
73.869576
74.058368
76.18896
76.7383
76.892996
77.306628
78.45202
78.59948
78.729476
79.366976
80.546528
80.681888
80.771392
81.063112
81.68934
81.78208
81.954392
82.192064
82.35606
82.794284
82.908552
83.107732
83.257876
84.466088
84.474892
84.698176
84.942272
85.310708
86.25372
87.468432
87.67054
87.773608
88.003772
88.017852
88.627832
90.890316
91.188148
91.208156
91.501672
92.815112
94.027944
94.765628
95.371704
95.729572
96.483544
96.488824
97.257536
97.361972
97.972268
98.967496
99.03826
99.473472
99.741032
99.78258
99.85544
100.236244
102.618592
103.275212
103.506556
104.302608
104.571296
104.9897
105.0946
105.13128
105.343296
105.588628
106.9356
107.054012
107.551812
107.802436
107.809212
108.011044
108.044592
108.412452
108.575148
109.414676
109.8317
110.035788
110.456516
110.52444
110.74164
110.9726
111.295284
111.380872
111.962436
112.168952
112.190236
112.945712
114.002372
114.11392
114.636532
114.72218
114.74852
114.855832
114.95704
115.034752
115.571124
116.28818
117.885564
118.0656
118.287808
118.856852
119.110088
119.291976
120.128672
120.1497
120.711096
121.19024
122.052132
122.73934
123.012216
123.021
123.042456
123.70644
124.090096
124.6506
125.096936
125.116368
125.22826
125.38344
125.488612
125.933268
127.454908
127.502096
127.620368
128.045588
128.460976
129.495732
130.072476
130.498656
130.71842
130.920372
130.972136
131.71596
132.574364
132.901572
133.051832
133.264008
133.901168
134.035668
134.483684
134.503636
134.799004
135.295372
135.600848
135.831768
135.84012
136.46382
137.514364
137.566904
138.03674
140.042128
140.32744
140.330128
140.496188
141.420484
141.949012
142.314544
142.36884
142.76332
143.25146
144.711396
145.06216
145.087264
145.091152
145.5948
146.448876
146.464124
146.545476
146.699488
147.15666
148.117176
148.22124
148.833908
148.974424
149.41146
150.314408
150.752376
150.842324
150.931756
151.145728
151.229136
151.301828
151.331844
152.061776
152.2136
152.565272
153.767956
155.537564
155.64308
155.990972
156.37188
157.521852
157.815244
157.971208
158.122228
158.443164
159.224132
159.23426
159.904212
160.859388
161.183636
161.262968
161.456856
161.775296
162.259144
162.946888
163.650796
164.5365
165.072412
165.50514
165.782364
165.955212
166.146244
166.300032
166.317208
166.5121
166.909664
166.925796
167.499996
168.054324
168.331976
168.383564
168.672788
169.31292
169.32458
169.424316
169.555872
169.748268
169.794488
170.733776
170.77018
171.87718
172.55156
173.572804
173.668284
173.924616
174.04732
174.122868
174.193096
174.236184
174.564156
174.811088
175.085852
175.648076
175.79846
175.977992
176.093516
176.129508
176.145684
176.64658
176.99064
177.129868
177.405844
177.984164
178.121
178.39006
178.469124
178.615952
178.798096
179.584664
180.499092
