0.099484
0.172684
0.249776
0.535216
0.665772
0.670256
0.706596
0.829104
0.908816
1.001808
1.02664
1.092256
1.13716
1.171452
1.201908
1.22786
1.362828
1.365748
1.482236
1.711792
1.79584
1.815768
1.897876
2.0904
2.105832
2.239
2.278964
2.343412
2.370724
2.410492
2.460084
2.476672
2.481548
2.489128
2.526224
2.531784
2.544628
2.71564
2.78238
2.879008
2.891508
2.9659
2.96754
3.038396
3.057728
3.060264
3.089652
3.170184
3.17598
3.206352
3.274104
3.3333
3.359824
3.361916
3.446528
3.497652
3.501228
3.525588
3.8175
3.908156
4.00726
4.047288
4.090324
4.115688
4.258472
4.350328
4.451692
4.591168
4.675484
4.817544
4.832124
4.84544
4.922636
4.938192
5.079192
5.095772
5.1131
5.200756
5.283932
5.407816
5.464076
5.490976
5.545892
5.837884
5.93586
6.24996
6.261984
6.288836
6.390708
6.532404
6.719672
6.724172
6.734944
6.77186
6.810672
6.86422
7.030568
7.044356
7.056252
7.105588
7.289804
7.305344
7.459624
7.483972
7.539396
7.576392
7.65678
7.761956
8.014104
8.034168
8.070264
8.074052
8.122948
8.20284
8.390628
8.45428
8.458836
8.618152
8.639964
8.649004
8.680552
8.7672
8.812204
8.92686
8.94848
8.993772
9.065556
9.130052
9.141688
9.146076
9.1689
9.1882
9.392304
9.447512
9.454804
9.504552
9.615552
9.629296
9.63576
9.639424
9.652048
9.670476
9.694484
9.711016
9.713236
9.719696
9.740168
9.85692
9.925656
9.948472
9.993968
10.019612
10.072592
10.1867
10.269536
10.301144
10.439116
10.465152
10.472372
10.635468
10.706392
10.753332
10.75502
10.85002
10.912076
11.09456
11.310184
11.40294
11.547036
11.579512
11.796708
11.859648
11.8907
12.0415
12.080376
12.112704
12.21132
12.341352
12.446488
12.448748
12.483884
12.616156
12.638836
12.644188
12.838568
12.84388
12.857288
12.8645
13.024668
13.0729
13.083608
13.247304
13.530856
13.573988
13.660068
13.67364
13.932616
13.93428
13.965592
13.975828
14.01542
14.033028
14.041756
14.094888
14.118604
14.207924
14.50614
14.529768
14.56292
14.719248
14.720888
14.879804
14.928292
15.124804
15.135568
15.146128
15.235628
15.272672
15.292764
15.336172
15.387064
15.424428
15.46094
15.506456
15.555436
15.70278
15.87206
16.029256
16.130224
16.331488
16.40544
16.413644
16.44992
16.5256
16.527844
16.532124
16.611692
16.65384
16.7214
16.912308
17.001788
17.008048
17.09168
17.113392
17.166824
17.202576
17.275172
17.280748
17.399832
17.476296
17.483488
17.552584
17.58282
17.614828
17.69682
17.720544
17.780168
17.881244
17.96006
18.017256
18.031872
18.04614
18.142356
18.154624
18.171232
18.206688
18.21586
18.296772
18.497316
18.53112
18.696248
18.722608
18.76962
18.785828
18.821568
18.92942
18.990576
19.004104
19.049812
19.166684
19.181548
19.20616
19.48718
19.683876
19.918324
20.016596
20.092292
20.109496
20.141116
20.146072
20.386168
20.403736
20.485724
20.59874
20.649724
20.668148
20.679452
20.686436
20.692988
20.74294
20.773156
20.845664
20.88204
20.901396
20.946664
21.001848
21.019472
21.245876
21.265476
21.32794
21.48418
21.660524
21.819956
21.877288
21.957316
22.189568
22.244932
22.27738
22.304472
22.35918
22.52034
22.625892
22.758696
23.043008
23.15104
23.170308
23.245668
23.261392
23.2711
23.394596
23.482556
23.73328
23.852096
23.902792
23.924164
23.947016
24.022912
24.221308
24.302848
24.525256
24.53442
24.56924
24.594152
24.674404
24.883652
24.966756
25.051608
25.067884
25.16522
25.253276
25.283632
25.293312
25.309428
25.398428
25.453648
25.872536
25.89288
25.99704
26.073588
26.182128
26.193852
26.244276
26.314108
26.34034
26.36796
26.373156
26.391056
26.393888
26.424324
26.472352
26.5146
26.624708
26.629104
26.982088
27.010576
27.08368
27.101636
27.129876
27.182996
27.2385
27.27972
27.4617
27.607744
27.629188
27.718736
27.786904
27.79238
27.952208
28.002016
28.064736
28.357692
28.428672
28.724984
28.782652
28.91986
28.964592
29.061992
29.083552
29.106112
29.271176
29.32046
29.505628
29.667452
29.690588
29.960344
29.98096
30.130276
30.16668
30.18298
30.223592
30.315
30.336128
30.405508
30.41134
30.760624
30.935388
31.143316
31.202924
31.204824
31.286996
31.330092
31.332076
31.356584
31.44964
31.493448
31.516964
31.538328
31.554012
31.684908
31.728656
31.790448
31.797888
31.822256
31.9034
31.907808
32.082648
32.11272
32.118944
32.366552
32.460608
32.570764
32.670004
32.680696
32.881328
32.946052
33.186564
33.196872
33.262188
33.286248
33.309788
33.381504
33.549452
33.697912
33.842496
33.988632
34.054312
34.096208
34.189808
34.32122
34.323376
34.400396
34.485652
34.562188
34.666144
34.688388
34.839728
34.870868
34.918488
34.928568
35.146288
35.184204
35.191848
35.29286
35.313244
35.335892
35.455472
35.562044
35.75454
35.814072
35.859488
36.245036
36.260776
36.288692
36.341304
36.346076
36.374636
36.402824
36.494868
36.518892
36.610756
36.778864
36.791964
36.801936
36.814028
36.995688
37.0283
37.0939
37.153444
37.204096
37.238904
37.372664
37.488356
37.500692
37.50982
37.526436
37.548164
37.60862
37.713456
37.795368
37.84286
37.875548
38.042408
38.067964
38.155944
38.166864
38.206704
38.224496
38.235972
38.280952
38.29352
38.446896
38.51184
38.523816
38.665112
38.677356
38.71482
38.864388
38.921396
39.041548
39.044868
39.05324
39.203736
39.2272
39.442388
39.551552
39.597376
39.736692
39.760996
39.800096
39.981868
40.116508
40.177284
40.238604
40.306264
40.335588
40.3948
40.427808
40.431676
40.529356
40.542644
40.550868
40.627704
40.676264
40.679876
40.83262
40.836036
40.88506
40.944872
40.994984
41.0116
41.036772
41.270288
41.3118
41.574148
41.606732
41.610268
41.732232
41.75588
41.960156
41.973952
42.211936
42.218268
42.318736
42.34998
42.401572
42.464764
42.509472
42.539272
42.55938
42.627004
42.656048
42.674232
42.686408
42.80376
42.847168
43.033524
43.040948
43.068504
43.093536
43.114648
43.198456
43.279196
43.372984
43.435996
43.452844
43.465492
43.488168
43.517352
43.6551
43.68296
43.707644
43.710208
43.923264
43.964384
43.974904
44.179656
44.211112
44.278776
44.360336
44.5298
44.538892
44.57748
44.637296
44.644076
44.658092
44.679552
44.7117
44.768132
45.0101
45.01928
45.071136
45.188216
45.283556
45.353492
45.547788
45.656228
45.675652
45.71216
45.748524
45.750448
45.77254
46.072564
46.075532
46.212152
46.308536
46.40826
46.427384
46.623476
46.676804
46.708336
46.813484
46.948944
46.960636
47.073836
47.128712
47.203988
47.232852
47.284468
47.3104
47.357656
47.472748
47.568756
47.687004
48.069068
48.208248
48.25316
48.29688
48.359976
48.671168
49.03162
49.061792
49.077508
49.123456
49.210864
49.213532
49.3437
49.426396
49.482312
49.486884
49.500228
49.5332
49.619388
49.671296
49.792916
49.877872
50.171272
50.264176
50.31228
50.346148
50.348068
50.355572
50.3807
50.415896
50.43386
50.470076
50.472576
50.509192
50.727072
50.731428
50.770428
50.817164
50.821688
50.83866
50.938376
51.026912
51.094684
51.264208
51.359076
51.567912
51.600128
51.722456
51.773264
51.780964
51.916452
52.090608
52.172972
52.223964
52.379392
52.437024
52.499836
52.510004
52.664116
52.751052
52.900768
52.931236
53.076968
53.160164
53.551828
53.57842
53.627904
53.669872
53.689196
53.724444
53.752844
53.761208
53.7677
53.772952
53.808648
53.844496
53.84666
53.902468
54.169508
54.197752
54.220852
54.243152
54.27064
54.3372
54.383988
54.423184
54.571604
54.622764
54.678856
54.959148
54.980548
54.989152
55.010684
55.068308
55.100092
55.155084
55.250948
55.323344
55.45028
55.52692
55.546088
55.5843
55.630936
55.635368
55.661924
55.741276
55.981904
56.161356
56.208924
56.221164
56.350888
56.387692
56.571652
56.65388
56.689232
56.732728
56.749668
56.797608
56.808596
56.814496
56.854736
56.88152
56.884364
57.05274
57.129536
57.199304
57.27438
57.296148
57.311292
57.349232
57.370028
57.4331
57.443688
57.4623
57.486192
57.714776
57.922192
57.949388
57.958496
58.042604
58.061292
58.087904
58.16566
58.365748
58.388196
58.42936
58.466832
58.478776
58.59162
58.597728
58.653188
58.692184
58.75256
58.854264
58.89856
58.955656
58.999784
59.136236
59.170828
59.352184
59.382052
59.51724
59.5758
59.579592
59.758552
59.928956
59.943592
60.073764
60.217744
60.282612
60.351184
60.376876
60.460356
60.47106
60.633708
60.761056
60.808208
60.836424
60.874876
60.887396
61.01392
61.03568
61.060064
61.200792
61.2605
61.420556
61.437348
61.472704
61.572548
61.579548
61.582132
61.61438
61.8388
62.047284
62.131784
62.154692
62.305376
62.321064
62.489232
62.502532
62.506396
62.511744
62.605432
62.633924
62.637956
62.641768
62.68294
62.744444
62.751952
62.847424
62.898904
62.922608
63.060872
63.114884
63.189216
63.193312
63.2234
63.314244
63.377212
63.39782
63.46532
63.508248
63.854144
63.865104
63.931436
63.97348
63.98848
63.994604
64.088528
64.108792
64.257284
64.363628
64.37216
64.719864
64.770904
64.80334
64.924152
64.964124
64.978688
65.060316
65.107916
65.152128
65.162888
65.2504
65.30366
65.35366
65.47622
65.489484
65.529388
65.70538
65.828276
65.982672
66.05954
66.0704
66.139956
66.173744
66.236784
66.254488
66.26324
66.272552
66.295984
66.366756
66.465276
66.473288
66.603988
66.634488
66.69976
66.831688
66.95582
66.986936
67.18112
67.199004
67.212144
67.317232
67.324256
67.393188
67.405764
67.452256
67.622196
67.63674
67.879128
67.921328
67.968836
68.187432
68.231564
68.273668
68.286692
68.386352
68.394844
68.399788
68.439552
68.52842
68.564504
68.621092
68.768912
68.78286
68.944804
69.041164
69.044364
69.04664
69.103988
69.155824
69.332384
69.362372
69.471284
69.52134
69.5336
69.837292
69.845012
69.908876
69.936776
70.096744
70.201136
70.24362
70.339812
70.345516
70.3622
70.366764
70.606672
70.778216
70.825824
70.948912
71.131472
71.204968
71.21808
71.260872
71.303468
71.367572
71.408632
71.463332
71.46672
71.520824
71.546692
71.888996
71.91222
72.0458
72.049156
72.111532
72.186808
72.231904
72.250904
72.252948
72.27244
72.353408
72.365004
72.412364
72.499072
72.735512
72.76602
72.959632
73.031844
73.072332
73.275172
73.29786
73.443536
73.510376
73.664436
73.680548
74.02636
74.033332
74.07464
74.12566
74.175992
74.192944
74.239172
74.3023
74.314432
74.430628
74.487948
74.55406
74.75062
74.953112
75.177284
75.21468
75.285332
75.310028
75.340592
75.388804
75.63498
75.675884
75.73938
75.750564
75.9205
75.986264
75.989084
76.024296
76.027584
76.080056
76.111604
76.14956
76.234248
76.26358
76.593064
76.637436
76.769376
76.816776
77.044572
77.131556
77.222788
77.258552
77.292976
77.298152
77.366496
77.418176
77.476096
77.489636
77.547028
77.650628
77.797612
77.805856
77.855344
77.877708
77.908364
77.930544
77.946196
78.113432
78.122136
78.255372
78.291704
78.354868
78.368596
78.37046
78.521868
78.553936
78.665184
78.82508
78.844292
78.855928
78.947892
79.198732
79.219768
79.263996
79.285336
79.2918
79.337264
79.47188
79.476272
79.537608
79.569472
79.64494
79.66372
79.685992
79.724756
79.832316
79.8426
80.01838
80.041008
80.131292
80.248732
80.29654
80.305352
80.43236
80.495272
80.556016
80.646232
80.67184
80.699972
80.707576
80.88346
80.907136
80.9957
81.031
81.05226
81.123708
81.21442
81.293032
81.388548
81.517864
81.612048
81.622312
81.641264
81.6461
81.665368
81.697804
81.725764
81.73178
81.76744
81.783188
81.814196
81.95752
81.986632
81.99002
82.034212
82.202716
82.25822
82.375396
82.411604
82.492064
82.549356
82.628948
82.664844
82.703824
82.717752
82.734496
82.893936
82.916832
82.97856
83.020348
83.057516
83.157728
83.164272
83.206008
83.345576
83.369996
83.522392
83.667108
83.69032
83.720016
83.724
83.73874
83.863072
83.92848
84.013268
84.02934
84.14172
84.274996
84.301388
84.384028
84.459952
84.46572
84.52202
84.543124
84.563764
84.755112
84.782452
84.8033
84.818016
84.824984
84.82852
84.867152
84.928408
84.972748
85.069156
85.122504
85.156088
85.170916
85.220168
85.326892
85.371916
85.488912
85.516356
85.622188
85.625752
85.641976
85.685968
85.732192
85.791864
85.826976
85.94722
85.983228
86.04798
86.161204
86.20572
86.212736
86.22812
86.250024
86.50564
86.508072
86.52782
86.554156
86.588972
86.671696
86.744172
86.761324
86.766964
86.781736
86.865132
86.964756
87.052648
87.302904
87.308744
87.356608
87.403544
87.43104
87.510492
87.562108
87.584852
87.629204
87.652196
87.680188
87.689076
87.71976
87.725048
87.74826
87.909352
87.915208
88.29572
88.425008
88.458196
88.54116
88.599776
88.753744
88.845572
88.865492
88.895856
88.936748
89.03412
89.120056
89.207572
89.260236
89.279928
89.319344
89.43742
89.452172
89.534904
89.66782
89.691032
89.78738
89.793624
89.924304
90.087184
90.240428
90.252568
90.555012
90.57838
90.639928
90.735824
90.904788
90.986776
91.016376
91.088652
91.094
91.130612
91.13928
91.14818
91.152136
91.196032
91.343144
91.631036
91.640184
91.672952
91.70988
91.905868
91.92232
91.971136
92.162196
92.174476
92.21104
92.36878
92.37134
92.403504
92.58474
92.639528
92.701288
92.706288
92.716424
92.732552
92.75558
92.885912
93.031412
93.175108
93.277064
93.337748
93.425012
93.426932
93.431884
93.509256
93.560096
93.626204
93.665932
93.713912
93.716628
93.720052
93.767468
93.850696
93.883652
93.922896
94.060128
94.187008
94.2195
94.225248
94.275196
94.328292
94.343916
94.366244
94.441204
94.496704
94.567776
94.627832
94.68868
94.691792
94.74288
94.793604
94.831184
94.979868
95.052928
95.088884
95.156432
95.258708
95.299736
95.310016
95.332196
95.39464
95.479012
95.549408
95.558892
95.861488
95.894636
96.129348
96.160644
96.16934
96.1812
96.252016
96.282144
96.400036
96.6347
96.812624
96.8522
97.109624
97.174784
97.187184
97.274084
97.289476
97.407044
97.586308
97.631244
97.66182
97.70864
97.825808
97.842204
97.938776
98.024392
98.124832
98.144672
98.269988
98.287416
98.29022
98.344056
98.348944
98.37856
98.415492
98.561196
98.61538
98.847552
98.975624
99.056676
99.192744
99.26936
99.286856
99.48734
99.585064
99.686228
99.742084
99.830728
99.90538
99.923276
99.9367
100.110688
100.12352
100.203052
100.330408
100.404768
100.4279
100.466108
100.478216
100.498732
100.542344
100.795944
100.94648
100.981996
101.020316
101.123852
101.156204
101.194436
101.265484
101.376724
101.382984
101.660172
101.679648
101.712932
101.749104
101.7618
101.787916
101.797164
101.816016
101.97706
101.991228
101.996076
102.341552
102.368912
102.405316
102.454124
102.480916
102.52138
102.585792
102.6982
102.773232
102.892468
102.953288
103.0711
103.095968
103.149864
103.192104
103.302828
103.310684
103.358196
103.395412
103.450416
103.466112
103.555248
103.6225
103.66272
103.770216
103.802672
103.83438
103.853256
103.894356
104.216544
104.33206
104.370672
104.373284
104.448428
104.596608
104.611636
104.61368
104.678332
104.703668
104.708996
104.721992
104.95412
105.012572
105.018552
105.031868
105.038896
105.153124
105.187904
105.2108
105.234408
105.260392
105.264632
105.271492
105.337852
105.500952
105.56794
105.597228
105.673352
105.700696
105.80622
105.888536
105.974252
106.053232
106.064324
106.075328
106.121592
106.19856
106.382272
106.40976
106.538124
106.6567
106.673696
106.753876
106.82072
107.04858
107.208532
107.391672
107.51256
107.548344
107.686768
107.801548
108.096816
108.100344
108.103836
108.135776
108.186996
108.3327
108.39666
108.423988
108.513924
108.516944
108.543972
108.575364
108.59246
108.640388
108.781664
108.8085
108.864848
108.978468
109.01854
109.0333
109.117028
109.156716
109.303524
109.3771
109.403332
109.479912
109.646176
109.911736
109.926492
110.099052
110.196948
110.386332
110.672396
110.694004
110.762488
110.811088
110.861288
110.93156
111.01236
111.061196
111.08794
111.134976
111.206072
111.23418
111.273376
111.321576
111.399076
111.443084
111.480976
111.491408
111.581
111.658564
111.679456
111.774708
111.835052
111.890524
111.908924
111.959664
111.999828
112.001756
112.029204
112.121068
112.139444
112.273796
112.344812
112.458872
112.463436
112.48648
112.510728
112.822708
112.866148
112.880304
112.88454
112.917548
113.05842
113.122876
113.146512
113.173636
113.26338
113.287436
113.300676
113.303672
113.32048
113.498492
113.719944
113.772952
113.777056
113.798824
113.841748
113.892144
113.993632
114.003952
114.0696
114.076128
114.101088
114.11196
114.180004
114.18908
114.262164
114.33912
114.394604
114.397356
114.737568
114.839592
114.969804
115.10758
115.254252
115.39476
115.434892
115.49406
115.510024
115.551164
115.55594
115.615528
115.647288
115.780232
115.877408
115.901004
116.087664
116.119464
116.146384
116.151048
116.286584
116.364696
116.427968
116.454132
116.498836
116.660268
116.680268
116.72036
116.883456
116.909756
116.94678
116.986492
116.992808
116.996004
117.078656
117.169172
117.22254
117.334132
117.440304
117.55614
117.573044
117.841392
117.962904
117.983488
118.014448
118.168408
118.23276
118.241832
118.489624
118.539732
118.613172
118.622256
118.92326
118.946248
119.025904
119.137496
119.332916
119.404912
119.43316
119.455932
119.70704
119.761968
119.8655
119.869176
119.942876
120.024392
120.06502
120.163944
120.28938
120.32924
120.368304
120.418872
120.43444
120.472672
120.566592
120.669832
120.785152
120.859136
120.895984
120.947328
120.998728
121.026136
121.079224
121.176572
121.242804
121.489692
121.517068
121.609788
121.658924
121.762432
121.8527
122.132852
122.264872
122.299104
122.347832
122.367984
122.374956
122.45098
122.459016
122.538848
122.584764
122.62738
122.698736
122.7929
122.837016
122.867844
122.910804
122.94092
122.94758
122.964124
122.994972
123.031416
123.060624
123.10848
123.208732
123.21152
123.220224
123.349412
123.6393
123.655904
123.664196
123.734792
123.773188
123.840076
123.88964
123.894308
123.916372
123.935964
123.943192
124.106136
124.179264
124.306356
124.318824
124.32904
124.337504
124.36432
124.638132
124.704984
124.744384
124.77676
124.789276
124.869724
124.980568
125.06378
125.264176
125.385216
125.590108
125.592504
125.654656
125.701644
125.706708
125.805352
125.873672
126.019628
126.028868
126.049344
126.068064
126.199408
126.212396
126.31092
126.328808
126.349812
126.5393
126.564948
126.867376
126.89824
126.914856
126.973776
127.126564
127.173388
127.21346
127.233328
127.253868
127.262812
127.393908
127.416672
127.487884
127.516268
127.563732
127.61716
127.631916
127.719936
127.753068
127.938692
128.092444
128.291316
128.355012
128.3918
128.478504
128.51622
128.553284
128.563728
128.594348
128.695724
128.732576
128.813872
128.901588
129.16146
129.196364
129.253356
129.370884
129.475156
129.518168
129.560928
129.565408
129.679296
129.6832
129.837712
129.936376
130.064904
130.128388
130.186676
130.464232
130.512244
130.5605
130.631104
130.713384
130.909596
131.126072
131.144524
131.190956
131.423152
131.589084
131.704868
131.779488
131.782172
131.819288
131.861164
131.931252
131.970088
132.01168
132.05122
132.355548
132.417676
132.504648
132.517716
132.565116
132.601608
132.60844
132.63304
132.635976
132.889284
132.945884
132.997088
133.031312
133.11666
133.119188
133.185616
133.226404
133.312104
133.333576
133.408048
133.413436
133.438964
133.449452
133.53812
133.589124
133.85904
134.085624
134.102444
134.430616
134.501552
134.650412
134.688416
134.829216
134.840848
134.8761
134.906624
135.005168
135.014748
135.050716
135.171096
135.214872
135.270768
135.31242
135.531384
135.612008
135.622916
135.638844
135.7389
135.818004
135.830316
135.908568
136.043548
136.06772
136.242716
136.264296
136.28066
136.296396
136.312368
136.346084
136.353948
136.375196
136.511604
136.5531
136.565532
136.63358
136.665932
136.681764
136.693772
136.880444
137.131664
137.150852
137.234432
137.322096
137.412744
137.448904
137.478868
137.532712
137.654832
137.746204
137.753492
137.762932
137.90802
137.946016
138.020168
138.132588
138.184928
138.286196
138.307868
138.356176
138.490036
138.561096
138.60318
138.637208
138.719116
138.750212
138.798256
138.80556
138.830076
138.931104
139.05078
139.08344
139.227516
139.2776
139.418748
139.520744
139.526856
139.615584
139.671632
139.685184
139.696444
139.723988
139.808212
139.893448
139.934196
139.982868
140.035488
140.05022
140.08972
140.120544
140.228776
140.280096
140.2951
140.308708
140.350564
140.421524
140.450276
140.464528
140.548824
140.562248
140.630916
140.641276
140.686644
140.777488
140.814268
140.899096
141.028724
141.044
141.070392
141.097872
141.100636
141.123264
141.174504
141.259504
141.396688
141.405984
141.422636
141.434728
141.443284
141.59906
141.611108
141.765684
141.814876
141.833884
141.854208
141.872992
141.978392
142.012476
142.044612
142.080856
142.17992
142.210748
142.221564
142.340676
142.34784
142.371592
142.409844
142.436288
142.459224
142.518824
142.579176
142.756464
142.787612
142.844612
142.908936
142.922652
142.96404
143.156008
143.288412
143.478112
143.496076
143.59384
143.687164
143.77244
143.853896
143.886036
143.90888
143.926284
144.014864
144.227956
144.43408
144.491504
144.528156
144.59336
144.61038
144.764556
144.826316
144.8975
144.945584
144.966784
144.996136
145.00718
145.047564
145.24714
145.431008
145.442344
145.464908
145.576844
145.714964
145.738196
145.7956
145.800904
145.919812
146.159728
146.217328
146.404892
146.44794
146.56634
146.57312
146.64576
146.71282
146.75158
146.832292
146.932844
146.987032
147.13356
147.1936
147.234656
147.39098
147.500604
147.528472
147.557392
147.566356
147.571896
147.630164
147.89624
148.028156
148.030216
148.200256
148.278772
148.323888
148.385832
148.396108
148.547328
148.573576
148.638612
148.75354
148.779428
148.832348
148.886872
148.932488
148.952124
148.970928
148.978724
149.03176
149.055452
149.091404
149.29264
149.314048
149.367184
149.413596
149.434256
149.490808
149.526824
149.538752
149.883444
149.9097
149.99766
150.09256
150.22538
150.265236
150.285452
150.334164
150.387912
150.423772
150.510856
150.583508
150.596864
150.649656
150.748328
150.888564
151.04414
151.09346
151.125976
151.15282
151.16888
151.217344
151.2418
151.248768
151.273748
151.323324
151.503972
151.565576
151.616084
151.61858
151.74006
151.801952
151.870316
151.8912
151.903044
151.919644
151.980096
152.101056
152.133168
152.190268
152.219372
152.295688
152.459916
152.48106
152.52716
152.685092
152.704056
152.779296
152.793036
152.8592
152.882444
152.904748
152.938416
152.941868
152.97432
152.9944
153.003388
153.105048
153.159664
153.184704
153.554644
153.59384
153.596532
153.637508
153.945532
154.140844
154.164636
154.342292
154.402356
154.456724
154.483696
154.608256
154.720904
154.852024
154.876752
154.9032
154.952924
155.005844
155.045376
155.10406
155.160368
155.255232
155.304068
155.35874
155.413704
155.5201
155.557476
155.679628
155.701144
155.716036
155.760664
155.789196
155.946892
156.007188
156.1658
156.183904
156.272756
156.318808
156.333916
156.37602
156.469908
156.638972
156.657572
156.665552
156.779464
156.920784
157.062092
157.06736
157.170212
157.21202
157.222772
157.336104
157.378204
157.409076
157.499808
157.535932
157.645448
157.728236
157.763804
157.875072
158.01538
158.028384
158.042168
158.298916
158.3778
158.427024
158.56414
158.707384
158.808752
158.86936
158.914532
158.9757
159.03416
159.13002
159.136076
159.25544
159.389196
159.39966
159.521924
159.54608
159.643716
159.709248
159.735308
159.803528
159.811372
159.924156
159.95138
159.98036
159.993748
160.087708
160.14008
160.215332
160.222984
160.314488
160.68202
160.690976
160.76546
160.810192
160.82098
160.826208
160.849488
161.019876
161.078424
161.088956
161.182448
161.205388
161.5524
161.63238
161.731164
161.7826
161.788224
161.861304
161.948056
161.974532
162.015696
162.084668
162.10594
162.164224
162.388016
162.497432
162.502936
162.529396
162.650076
162.734524
162.769192
162.873156
162.902144
162.995328
163.114404
163.1399
163.16712
163.183616
163.24228
163.300716
163.34922
163.351192
163.374204
163.447448
163.502352
163.540552
163.543812
163.620188
163.631456
163.781724
163.841184
163.845292
163.854864
163.880868
163.919308
164.045388
164.047632
164.113624
164.22892
164.290492
164.365692
164.392128
164.508092
164.52704
164.54104
164.581916
165.266396
165.340868
165.353564
165.392644
165.484716
165.50998
165.637452
165.660996
165.729436
165.762052
165.787268
165.894164
165.913612
165.972024
166.1107
166.143568
166.164444
166.1804
166.277048
166.318232
166.397552
166.520804
166.583636
166.618428
166.716052
166.756932
166.786844
166.819344
167.003692
167.291372
167.331756
167.565012
167.56984
167.601616
167.705512
167.733084
167.817428
168.08372
168.128768
168.142456
168.194724
168.232924
168.314416
168.43184
168.440592
168.446588
168.551012
168.567256
168.571716
168.770328
168.783956
168.90432
168.960116
169.020352
169.115
169.14446
169.182564
169.409148
169.458868
169.532768
169.656524
169.673776
169.722204
169.724912
169.739448
169.749088
169.789796
169.79632
169.8024
169.864868
169.905816
170.036512
170.090604
170.094044
170.13956
170.144968
170.15406
170.19044
170.21838
170.266332
170.272736
170.372092
170.4339
170.502408
170.526332
170.602716
170.677316
170.731964
170.795108
170.900288
171.013588
171.137504
171.299512
171.328688
171.351488
171.379996
171.4759
171.49004
171.620776
171.646808
171.648748
171.883064
171.95264
172.069836
172.278144
172.377748
172.42496
172.503664
172.510488
172.619744
172.639412
172.771912
172.785948
172.79564
172.899324
172.912176
172.948092
173.019316
173.045892
173.07252
173.097724
173.108392
173.211996
173.308652
173.358736
173.381952
173.440912
173.493072
173.548612
173.583624
173.588
173.627556
173.940136
173.997192
174.027832
174.06646
174.090812
174.094716
174.106976
174.17874
174.208436
174.241276
174.352244
174.386764
174.477672
174.524568
174.632424
174.711892
174.714928
174.749508
174.7839
174.808848
174.872624
174.89872
174.966848
174.995852
175.052384
175.054288
175.098772
175.27456
175.378276
175.526604
175.650232
175.687488
175.729036
175.756128
175.802308
175.835964
175.898484
175.93618
175.951748
176.005892
176.0485
176.09842
176.114692
176.1848
176.210172
176.217948
176.234772
176.335768
176.355776
176.411072
176.497072
176.560416
176.804236
176.817912
176.866772
176.915808
177.0534
177.07214
177.134896
177.150568
177.383412
177.483912
177.681808
177.875568
177.901376
178.0088
178.086128
178.146728
178.163836
178.2531
178.336344
178.343328
178.383168
178.400616
178.529316
178.54164
178.590796
178.90394
178.911248
179.058748
179.102964
179.16418
179.226808
179.313892
179.371964
179.441376
179.451256
179.470064
179.523768
179.591556
179.629536
179.64574
179.653324
179.663356
179.703276
179.706652
179.733632
179.77028
179.82236
179.894816
179.922772
180.043352
