0.151628
0.383356
1.240052
1.394864
1.65308
1.874396
4.339356
4.632564
4.649748
5.9305
6.176624
6.278112
6.936496
7.382272
7.595204
9.075368
9.216664
10.422772
11.895444
12.121368
12.697332
12.773616
13.907492
14.666248
15.032972
15.64056
15.987248
16.865736
17.703112
19.753928
20.174044
20.253272
20.426356
20.530408
20.716512
21.289136
21.473932
22.198364
24.22364
25.73804
25.845244
26.531456
26.66746
27.079348
27.3617
28.099856
28.323768
28.388296
28.551548
29.248408
29.30674
29.89324
30.106488
31.614304
31.826688
31.93606
32.075992
34.31006
34.504408
35.427416
36.007284
36.624112
36.870896
37.91646
38.643996
38.797228
39.039776
39.331576
39.899156
40.056912
40.271472
40.449464
41.554104
42.144304
42.252032
42.497132
42.951216
45.044956
45.262452
45.55816
45.915764
46.27842
46.942644
47.568188
47.622572
47.665512
48.376668
48.62842
48.782376
49.722688
51.750432
51.817956
51.999728
52.567028
52.65194
52.748732
52.851124
52.97118
53.015456
53.726472
54.824312
55.778876
55.84422
56.290832
56.820652
57.188472
57.543056
57.619512
58.194328
58.63224
58.993124
61.340708
61.426996
61.849704
62.44274
63.169908
64.109908
65.032096
65.158128
66.272536
66.940052
68.498936
68.724308
68.93348
69.319076
69.526656
69.789296
70.1994
70.696084
73.427432
74.094864
74.318156
74.790924
75.7653
76.029284
77.582692
78.175156
78.39052
79.175404
79.574628
79.960064
80.690288
81.316476
81.92748
82.253424
82.374008
82.72582
83.221732
83.630572
83.814792
84.60456
84.965464
85.071556
85.4918
85.614648
86.252876
86.791024
87.254228
88.058392
88.1718
88.908656
89.279128
89.809192
90.060884
90.941
91.712072
91.736028
92.13936
93.025536
93.186692
93.612384
94.342132
95.324628
95.728748
95.837584
96.135372
96.28558
96.573224
98.329604
98.467732
98.8447
99.191364
99.560968
99.674872
100.10438
100.482852
101.601972
101.950772
102.703196
103.09186
104.990424
105.121028
105.644768
105.702956
108.765476
109.963528
110.37954
110.666444
110.755668
110.770668
110.93998
111.091424
111.665004
111.675552
111.917072
112.59426
113.376792
113.500468
113.801996
114.146772
114.189588
114.451576
114.61408
115.019652
116.523588
116.674208
116.74972
116.77294
117.196872
117.369912
117.394096
117.464268
118.47032
118.508332
118.851116
118.993508
120.159292
121.505628
121.578544
121.63486
121.861692
122.259224
123.230008
124.124124
125.1321
126.222116
126.936852
127.055192
127.415428
128.34862
128.52456
128.752028
128.977824
129.370172
129.417048
129.621588
129.924904
130.389248
130.983944
131.366408
131.611816
132.099216
132.723472
133.69278
134.079748
134.518148
134.5861
135.096396
135.263216
135.422352
135.576088
137.073708
137.092756
137.619956
139.2317
139.876424
140.82614
141.114536
141.613552
142.316116
142.596456
142.674944
142.89332
143.082396
143.095464
143.383656
144.131684
144.164032
144.337096
144.428708
144.926596
145.213024
145.259532
145.273168
146.337232
147.30346
147.563324
147.845576
148.677904
148.730932
148.81646
149.85238
150.408224
150.884408
151.071908
151.114224
151.613252
151.704788
152.273428
152.561656
152.59052
153.292764
153.727712
153.962232
154.105764
154.2472
155.432212
156.751584
157.022532
157.490916
159.359804
159.466004
161.575928
161.7259
161.954616
162.60488
162.633112
162.719676
163.42194
164.021268
164.585272
164.812944
165.356768
165.850316
166.117504
167.59796
167.69426
167.7448
168.84608
170.95432
170.982372
171.056432
171.715052
171.784092
172.092496
173.318628
173.71414
174.27672
174.842384
175.208648
175.315772
175.393876
175.820112
177.77028
178.022836
178.144268
179.218864
179.593276
179.66682
179.8368
180.060096
