1.2e-05
0.031384
0.055096
0.106092
0.1628
0.212292
0.359124
0.38826
0.478732
0.51178
0.599656
0.747192
0.907104
0.925084
0.983224
1.017956
1.023408
1.118452
1.13148
1.185052
1.232268
1.238448
1.31764
1.387456
1.400264
1.433552
1.461736
1.58408
1.595604
1.608204
1.610992
1.715684
1.958128
2.03824
2.06408
2.136372
2.213008
2.226936
2.319452
2.35906
2.587724
2.64266
2.67552
2.776588
2.847008
2.94582
3.035444
3.096204
3.125408
3.25632
3.377232
3.517568
3.53404
3.549172
3.625056
3.67656
3.768144
3.791584
3.795752
3.856564
3.9286
3.936172
4.091108
4.202628
4.343208
4.474
4.493968
4.5177
4.566592
4.593392
4.615932
4.645928
4.685852
4.74438
4.846888
5.154728
5.216984
5.330588
5.480656
5.483436
5.556848
5.6139
5.660048
5.682312
5.72078
5.742684
5.77954
5.803488
5.854
6.007652
6.203588
6.28464
6.306348
6.369592
6.470552
6.485592
6.504336
6.52208
6.543
6.566356
6.68264
6.7166
6.785356
6.857244
6.904288
6.933048
6.962416
6.995388
6.99774
7.17502
7.2571
7.259148
7.3214
7.3262
7.38672
7.411624
7.428944
7.483972
7.51302
7.519836
7.558056
7.653656
7.667968
7.698624
7.717936
7.73128
7.748708
7.785408
7.841768
7.848236
7.885484
8.095912
8.115344
8.120188
8.14098
8.162624
8.214984
8.337432
8.375976
8.480256
8.582268
8.600916
8.65626
8.682564
8.847944
8.887828
8.96974
9.039088
9.11848
9.16796
9.172916
9.317172
9.360432
9.413332
9.492756
9.520844
9.52908
9.551216
9.647504
9.695964
9.699168
9.719072
9.795888
9.843488
9.877348
9.946336
10.188476
10.316792
10.328112
10.357484
10.410516
10.5592
10.597304
10.636888
10.650048
10.657568
10.703844
10.710948
10.783172
10.899816
10.948568
10.963888
11.033924
11.170332
11.216092
11.298548
11.308164
11.321712
11.430324
11.5183
11.563972
11.673984
11.681456
11.979216
12.085968
12.141852
12.18012
12.18264
12.20464
12.239464
12.321276
12.351124
12.366348
12.374336
12.441828
12.458012
12.506696
12.596828
12.622328
12.679748
12.810044
12.81614
12.821704
12.848184
12.928364
12.937196
12.940256
13.097348
13.101904
13.127552
13.174244
13.258908
13.439644
13.571632
13.588968
13.640504
13.839644
13.853048
13.857316
13.876028
13.900884
13.952084
14.0491
14.06024
14.189744
14.197344
14.223064
14.301548
14.34318
14.34762
14.40354
14.47886
14.490564
14.654792
14.737704
14.740356
14.74704
14.826604
14.935324
15.012652
15.043308
15.1948
15.257424
15.268332
15.369944
15.42674
15.452792
15.520644
15.52674
15.759784
15.942436
16.04994
16.220316
16.280196
16.409016
16.428032
16.459244
16.463136
16.510432
16.522252
16.60414
16.664112
16.682012
16.807524
16.842908
16.918096
16.956336
17.068672
17.243604
17.3657
17.431888
17.530776
17.544384
17.734368
17.762432
17.803432
17.809904
17.860744
17.923752
17.944712
17.98428
18.02584
18.047324
18.184024
18.231932
18.27704
18.3497
18.417912
18.449288
18.488404
18.6662
18.72498
18.873096
19.130524
19.146332
19.265332
19.319928
19.332096
19.493608
19.63962
19.7699
19.843688
19.872964
19.88576
19.908288
20.346776
20.409608
20.488804
20.548948
20.596724
20.624404
20.691172
20.736144
20.74674
20.798444
21.036376
21.113376
21.193912
21.247768
21.2806
21.442248
21.488116
21.527032
21.663732
21.720012
21.758588
21.763716
21.789064
21.841132
21.877964
21.914088
21.926592
21.940828
21.951648
21.959176
21.972832
22.046124
22.062636
22.114536
22.18634
22.220924
22.22376
22.265488
22.322376
22.399184
22.503372
22.5278
22.530072
22.626732
22.68878
22.820196
22.83008
22.882544
22.9939
23.149196
23.175316
23.306864
23.469912
23.501592
23.63688
23.688148
23.74914
23.772252
23.992584
24.107708
24.131072
24.190988
24.244288
24.279032
24.296984
24.307244
24.326968
24.340432
24.406176
24.428716
24.616728
24.890288
25.261244
25.31956
25.366
25.39054
25.51662
25.579936
25.599304
25.638492
25.665248
25.686516
25.843612
25.893124
26.051568
26.071016
26.184216
26.198216
26.208964
26.281464
26.445004
26.486116
26.502052
26.573108
26.599464
26.678156
26.775152
26.871652
26.883132
26.94112
27.131444
27.166688
27.173948
27.537764
27.64054
27.856448
27.875268
27.915932
27.94258
28.090916
28.099456
28.199224
28.363252
28.4264
28.45634
28.620728
28.622476
28.66504
28.698912
28.718156
28.726432
28.822332
28.850988
29.014988
29.036996
29.043464
29.096396
29.164804
29.222572
29.297804
29.362876
29.447752
29.468356
29.509524
29.651724
29.677904
29.716288
29.812308
30.197204
30.267516
30.312928
30.327032
30.383272
30.461868
30.4961
30.527484
30.559276
30.594316
30.793084
30.824548
30.861528
30.92674
30.952448
31.148476
31.18704
31.21268
31.256748
31.40614
31.529272
31.582936
31.613796
31.621512
31.654964
31.742744
31.746724
31.813196
31.824148
31.83066
31.853188
31.87376
31.88068
31.968908
32.031224
32.045068
32.108224
32.161744
32.172976
32.177676
32.202132
32.20582
32.303268
32.409136
32.413596
32.471132
32.527516
32.703064
32.785576
32.898588
32.90314
33.049896
33.144388
33.235568
33.240604
33.298824
33.347064
33.392644
33.398748
33.463348
33.498788
33.5611
33.57182
33.720676
33.748224
33.851068
33.99376
34.129368
34.163052
34.170252
34.232948
34.31748
34.454184
34.63628
34.66624
34.678772
34.731252
34.750836
34.789404
34.887252
34.917992
35.005228
35.103128
35.247308
35.363512
35.40298
35.435316
35.584796
35.765444
35.863524
36.013776
36.089696
36.12386
36.2132
36.24662
36.303092
36.515824
36.572112
36.580592
36.699136
36.821564
36.829404
37.053776
37.102784
37.218064
37.302964
37.354616
37.451432
37.469136
37.51696
37.552216
37.776916
37.840036
37.89856
38.198748
38.2078
38.267396
38.278952
38.297764
38.338004
38.352716
38.38158
38.542864
38.583592
38.612272
38.625872
38.681412
38.75312
38.78578
39.114452
39.161036
39.303156
39.454512
39.53378
39.806444
39.853244
39.92122
40.03532
40.147244
40.159768
40.188704
40.338068
40.414072
40.450752
40.47212
40.643932
41.136464
41.28298
41.327028
41.382144
41.395932
41.604756
41.614524
41.654924
41.700272
41.903412
41.976688
42.05636
42.160348
42.232348
42.236268
42.37238
42.407636
42.423564
42.47048
42.608912
42.6675
42.839712
42.889524
42.915492
42.9387
43.00988
43.108336
43.127484
43.14464
43.164408
43.267544
43.344372
43.358508
43.48626
43.610608
43.648056
43.770948
43.807456
43.850108
43.8709
43.88452
43.901604
44.030412
44.146744
44.187952
44.210868
44.313536
44.37956
44.526172
44.544024
44.549752
44.575528
44.685412
44.693364
44.720384
44.937168
45.005136
45.031996
45.083408
45.095348
45.1016
45.195372
45.21608
45.41448
45.596664
45.641884
45.690648
45.730308
45.78162
45.958092
46.092716
46.166048
46.169596
46.176788
46.254112
46.297736
46.42382
46.444364
46.518288
46.552368
46.599996
46.696692
46.721356
46.793252
46.82122
46.915384
46.991464
47.274296
47.329088
47.353184
47.36016
47.37394
47.51974
47.574424
47.600604
47.685592
47.828352
47.992072
47.99688
48.069492
48.24476
48.42398
48.430896
48.465484
48.476844
48.607724
48.680776
48.853928
48.870804
48.901864
49.035504
49.057992
49.13032
49.287204
49.351232
49.392464
49.400868
49.424172
49.439344
49.839256
49.85136
50.032008
50.050776
50.10468
50.217212
50.224412
50.239552
50.60114
51.064988
51.072376
51.105256
51.315936
51.332984
51.400812
51.43746
51.564804
51.58958
51.65304
51.66562
51.68898
51.7119
51.91354
52.034376
52.0854
52.094328
52.288072
52.412912
52.458964
52.536212
52.6891
52.691484
52.865648
52.915144
52.942376
53.344328
53.538984
53.740844
53.745768
53.867524
53.882816
53.944348
54.00424
54.08068
54.32674
54.350812
54.548332
54.613548
54.682384
54.751188
54.76788
54.793656
54.82286
54.86012
54.869128
54.937772
54.9672
55.156212
55.204544
55.273372
55.289108
55.300808
55.345432
55.37368
55.40646
55.632116
55.657856
55.660244
55.713676
55.73004
55.807084
55.865508
55.927448
55.938904
55.949288
55.995604
56.002424
56.038756
56.08512
56.252816
56.27186
56.346728
56.390316
56.41428
56.770768
56.8851
56.917252
57.108424
57.12694
57.1382
57.29436
57.454844
57.60354
57.678868
57.694628
57.700728
57.795316
57.861876
58.134664
58.160564
58.179228
58.20782
58.336676
58.339252
58.357784
58.482968
58.540688
58.587348
58.699332
58.736736
58.741728
58.884072
59.070036
59.103784
59.22846
59.307576
59.32796
59.414236
59.534512
59.661408
59.728604
59.773612
59.827404
59.927608
60.029872
60.03516
60.187852
60.212608
60.217576
60.245912
60.268328
60.43016
60.58634
60.597324
60.64146
60.65058
60.678108
60.683364
60.768944
60.840136
60.947832
60.95016
61.04064
61.049092
61.076632
61.115304
61.206456
61.233944
61.257524
61.352548
61.423712
61.440236
61.490884
61.514728
61.531392
61.580472
61.676356
61.76874
61.776892
61.815292
61.867488
61.930268
62.000832
62.012524
62.098432
62.14688
62.152528
62.337296
62.350696
62.375336
62.422416
62.795188
62.890364
63.062088
63.093708
63.139036
63.149176
63.270296
63.346464
63.391636
63.439404
63.485652
63.57712
63.598456
63.619928
63.621712
63.680456
63.735912
63.915616
63.950204
64.09788
64.131008
64.157932
64.180496
64.206784
64.328472
64.378492
64.589328
64.71764
64.896388
64.952548
65.08438
65.138524
65.218848
65.411116
65.460968
65.525228
65.5323
65.54014
65.545564
65.787804
65.794704
65.8012
65.867916
66.00752
66.042276
66.300976
66.462648
66.61402
66.962392
67.040804
67.122868
67.141224
67.155744
67.331932
67.422912
67.444772
67.472604
67.49216
67.58626
67.698432
67.78546
67.866564
67.870172
67.938072
68.020084
68.180604
68.191532
68.327332
68.458808
68.464712
68.506216
68.595524
68.617504
68.813664
68.90342
69.065796
69.251956
69.274928
69.295888
69.319132
69.336712
69.4765
69.481184
69.484776
69.6946
69.82746
69.835132
70.003272
70.02598
70.039608
70.065072
70.129984
70.17928
70.265308
70.357448
70.44928
70.538192
70.718612
70.915052
70.967796
70.988932
71.009148
71.036148
71.050652
71.201284
71.223792
71.318496
71.328872
71.49248
71.541412
71.698444
71.703332
71.7721
71.776876
71.835036
71.845488
71.858388
71.892408
71.898476
71.916004
71.994384
72.11744
72.166748
72.244112
72.252412
72.28694
72.492808
72.521888
72.552308
72.83062
72.858732
73.03916
73.099256
73.124948
73.260844
73.288428
73.392308
73.413868
73.47586
73.562036
73.572296
73.758176
73.791076
73.895724
74.114716
74.228776
74.281888
74.316488
74.338832
74.625064
74.668924
74.740412
74.780776
74.863392
74.876836
74.891004
74.925484
74.930384
74.98604
75.101064
75.129836
75.175212
75.209528
75.23356
75.26346
75.270584
75.332636
75.549224
75.560584
75.57756
75.610384
75.655956
75.66244
75.7843
75.801348
75.842456
75.85482
75.856712
75.913772
75.96886
76.01662
76.065164
76.084824
76.12574
76.184648
76.211628
76.358512
76.474296
76.51152
76.660272
76.711032
76.878696
76.966284
77.1535
77.206076
77.252816
77.279724
77.444876
77.464588
77.50312
77.508332
77.569308
77.571268
77.600192
77.649992
77.655388
77.664376
77.666088
77.822164
77.909708
77.964204
77.998092
78.006788
78.053936
78.226652
78.25232
78.276644
78.3683
78.445948
78.632364
78.662716
78.783152
78.930028
79.022904
79.203192
79.382856
79.416904
79.451392
79.540044
79.56314
79.605636
79.619276
79.745968
79.771356
79.785388
79.7885
79.807448
79.847296
79.894268
80.139564
80.150524
80.168692
80.177024
80.1997
80.354864
80.428084
80.438864
80.504932
80.549828
80.840248
81.159964
81.162456
81.291772
81.325632
81.423848
81.461756
81.50032
81.62708
81.764476
81.782452
81.799296
81.817176
81.86598
82.054564
82.193236
82.233744
82.339972
82.380364
82.441572
82.547332
82.602792
82.610768
82.623704
82.762168
82.842944
82.9059
82.917292
82.973184
83.046416
83.05432
83.11696
83.119892
83.128552
83.275
83.313792
83.34274
83.50032
83.511508
83.586936
83.79902
83.860124
84.07848
84.093564
84.102744
84.160544
84.427376
84.475928
84.577544
84.748052
84.771316
84.85184
84.926336
84.939444
85.077396
85.096112
85.297724
85.407704
85.415616
85.485056
85.530068
85.545812
85.5821
85.629884
85.770188
85.875968
85.904684
85.97044
86.040932
86.064744
86.15546
86.198096
86.20778
86.219644
86.22708
86.301056
86.33552
86.348868
86.366076
86.407536
86.414604
86.511192
86.518972
86.752692
86.754912
86.860012
86.905632
87.0136
87.067936
87.135036
87.148836
87.171108
87.197708
87.273964
87.276312
87.343388
87.418912
87.460292
87.479632
87.500112
87.551328
87.599416
87.66684
87.690152
87.759256
87.802428
87.852296
87.905048
88.153276
88.161148
88.173768
88.25478
88.257772
88.260876
88.3665
88.435172
88.517984
88.568868
88.627376
88.652672
88.66348
88.675836
88.692856
88.76738
88.894076
88.961096
88.988104
89.112136
89.209488
89.25126
89.296796
89.307112
89.352132
89.560924
89.660736
89.79682
89.875976
89.918556
89.941104
89.943628
89.94988
90.016976
90.13342
90.142744
90.204276
90.229284
90.384932
90.386968
90.47558
90.539632
90.548012
90.55994
90.722992
90.807352
90.838608
91.065904
91.076088
91.115392
91.193952
91.220292
91.25978
91.426688
91.6091
91.641764
91.676176
91.744256
91.857364
91.992708
91.998852
92.03878
92.129024
92.299216
92.370904
92.412608
92.51658
92.596888
92.612136
92.643804
92.687316
92.709464
92.868316
93.123252
93.174396
93.200628
93.27482
93.307764
93.335496
93.344484
93.429412
93.453828
93.471852
93.522388
93.631216
93.636356
93.650876
93.701576
93.767956
93.800944
93.829376
94.061312
94.223144
94.253832
94.258072
94.28786
94.356304
94.367564
94.561736
94.573324
94.590328
94.605924
94.669768
94.710028
94.843416
94.949868
95.086996
95.14528
95.23688
95.28124
95.355828
95.39186
95.504408
95.514128
95.629724
95.665892
95.698656
95.826212
95.868092
95.987992
95.98978
96.074084
96.08806
96.090968
96.178968
96.261432
96.276408
96.367856
96.664668
96.680368
96.689252
96.730872
96.776268
96.78268
96.79038
96.817664
96.851328
96.895196
97.0497
97.11188
97.148168
97.15786
97.211488
97.221136
97.25584
97.268816
97.390588
97.48076
97.789328
97.883832
98.100412
98.155052
98.21056
98.281072
98.305172
98.325552
98.414116
98.431644
98.558192
98.69068
98.705968
98.784576
98.79026
98.7982
98.996528
99.107544
99.180628
99.213056
99.218956
99.23474
99.242116
99.28098
99.309076
99.33736
99.360456
99.511084
99.565452
99.567556
99.575164
99.678668
99.710648
99.791352
99.930444
99.950612
99.982368
100.09768
100.128672
100.1346
100.15018
100.192556
100.230236
100.281424
100.323548
100.352976
100.361428
100.373148
100.41138
100.533552
100.568148
100.661776
100.881156
100.97518
101.225212
101.267788
101.281512
101.314684
101.3291
101.340844
101.390696
101.421848
101.509296
101.553616
101.907248
101.992696
102.177328
102.403504
102.42088
102.42678
102.523396
102.558008
102.652072
102.731184
102.740412
102.819508
102.8629
102.89868
102.903096
102.93824
102.942648
102.956928
102.971504
102.987476
103.166788
103.3577
103.399944
103.431164
103.493028
103.60222
103.709492
103.870916
104.063584
104.23048
104.323196
104.356008
104.375572
104.410172
104.42562
104.446284
104.567632
104.590784
104.609732
104.712836
104.828212
104.871396
104.957012
105.004208
105.099704
105.182276
105.261404
105.62924
105.850056
105.966684
106.01504
106.025088
106.056468
106.089964
106.160748
106.185008
106.238216
106.240304
106.24256
106.429336
106.5145
106.53402
106.616284
106.622868
106.645064
106.713568
106.745304
106.841168
106.89476
107.040272
107.064372
107.070944
107.101728
107.118796
107.129128
107.161708
107.236808
107.272776
107.291528
107.3099
107.359468
107.376396
107.39126
107.520212
107.58468
107.664348
107.713068
107.727656
107.739036
107.900196
108.01278
108.25994
108.279152
108.381484
108.43256
108.465684
108.597892
108.619308
108.766876
108.864084
108.881372
108.949728
109.021268
109.06146
109.107012
109.11066
109.18696
109.329332
109.371488
109.380216
109.387344
109.462196
109.483552
109.499816
109.530084
109.55256
109.563592
109.811784
110.123556
110.134944
110.184
110.203632
110.267204
110.436804
110.455244
110.470324
110.480956
110.60924
110.629636
110.684956
110.828092
110.8632
110.887696
110.945596
111.011612
111.050444
111.1969
111.343844
111.394424
111.457164
111.593652
111.612776
111.9414
111.9687
112.009244
112.019112
112.024204
112.150516
112.379436
112.392132
112.426296
112.444544
112.485776
112.776752
112.964896
113.044008
113.173252
113.202376
113.248368
113.328876
113.336408
113.40964
113.523424
113.569392
113.62824
113.711224
113.792452
113.814632
113.828944
113.854344
114.143024
114.283884
114.343352
114.351608
114.37136
114.376364
114.431436
114.499208
114.615652
114.772088
114.794132
114.891212
114.972428
115.060516
115.082276
115.094068
115.117016
115.2825
115.299068
115.322132
115.36996
115.428748
115.448272
115.452424
115.548652
115.598112
115.693136
115.713804
115.75302
115.776244
115.826756
115.845164
115.852664
115.890036
115.920888
116.139436
116.208208
116.331444
116.334768
116.393708
116.509336
116.525032
116.54506
116.551112
116.56672
116.595512
116.627172
116.712068
116.728788
116.810948
116.974384
117.003628
117.171576
117.199708
117.202436
117.292024
117.33726
117.381808
117.4071
117.70832
117.811008
117.8468
117.869416
117.955228
117.964592
118.005492
118.03724
118.211092
118.343612
118.343808
118.372256
118.450464
118.475148
118.51354
118.515276
118.565224
118.620592
118.829848
118.851604
118.952936
118.95928
118.976356
118.986972
118.991404
119.16376
119.180008
119.187892
119.20708
119.299536
119.469324
119.629016
119.639528
119.64282
119.73592
119.818996
119.89738
119.919696
119.970504
120.129824
120.142072
120.169352
120.278908
120.525536
120.572448
120.633644
120.7235
120.788876
120.836504
120.887784
120.892116
121.24124
121.33802
121.432784
121.435852
121.4489
121.476892
121.54514
121.752556
121.758156
122.00688
122.022644
122.076156
122.091408
122.213388
122.222668
122.344404
122.527484
122.66598
122.847516
122.881136
122.977292
122.979736
123.05498
123.0659
123.139156
123.2146
123.235464
123.25186
123.311696
123.397344
123.405092
123.411748
123.5657
123.614612
123.627192
123.908024
124.022468
124.043184
124.073404
124.099648
124.102864
124.308348
124.311784
124.401512
124.44178
124.493716
124.673544
124.743564
124.911936
124.931044
124.95854
125.047884
125.236044
125.478352
125.724624
125.798196
125.823176
125.987868
126.126252
126.238808
126.331208
126.346724
126.374444
126.494716
126.53772
126.608204
126.67938
126.691376
126.82332
126.862576
126.877992
126.900124
126.905376
126.922872
127.159328
127.167752
127.204232
127.41908
127.47454
127.556932
127.585892
127.609732
127.791532
127.799804
128.019804
128.050908
128.137032
128.214936
128.246768
128.268784
128.301652
128.334344
128.42094
128.501844
128.55278
128.564864
128.57548
128.712064
128.79446
128.825668
128.854512
129.064988
129.101468
129.2002
129.2633
129.343564
129.517392
129.541236
129.57608
129.582784
129.643624
129.687616
129.70826
129.741096
129.74922
129.777652
129.837452
129.871112
129.911272
130.042528
130.143672
130.149904
130.166988
130.227392
130.264632
130.270508
130.327304
130.348332
130.37398
130.584152
130.668676
130.735568
130.969236
131.034804
131.265732
131.26948
131.35998
131.407984
131.432988
131.48054
131.547276
131.646492
131.664832
131.732676
131.76736
131.959724
131.986096
132.05434
132.092764
132.138936
132.158336
132.187656
132.22756
132.26866
132.275896
132.344156
132.397588
132.404736
132.469328
132.521708
132.553424
132.699472
132.730176
132.796784
132.805964
132.813072
132.89294
132.907528
133.051556
133.078816
133.098592
133.199376
133.253484
133.324396
133.43736
133.512088
133.585408
133.723396
133.83678
133.847724
133.91054
134.01736
134.03596
134.056336
134.08206
134.131344
134.3055
134.409268
134.516756
134.579948
134.6242
134.688908
134.707776
134.725484
134.764532
134.766904
134.868376
134.955256
134.982232
135.039088
135.05426
135.102568
135.118524
135.305924
135.409864
135.463948
135.524344
135.596244
135.64428
135.790712
135.981868
135.990624
136.08876
136.10964
136.142336
136.177072
136.209704
136.234644
136.358852
136.364008
136.412008
136.416636
136.492748
136.56992
136.678544
136.781348
136.825612
136.894656
137.052248
137.103228
137.163768
137.251948
137.29732
137.300056
137.315852
137.425644
137.807888
137.857924
137.998924
138.028104
138.037588
138.225492
138.250012
138.284796
138.365568
138.376468
138.385688
138.447088
138.577016
138.598348
138.666132
138.856444
138.864224
138.932732
138.992132
139.035048
139.12398
139.144228
139.336864
139.4112
139.455016
139.57612
139.609512
139.745068
139.758112
139.813
139.889028
140.024228
140.053296
140.346484
140.396916
140.429084
140.448324
140.567348
140.578132
140.626256
140.66988
140.718812
140.779104
140.861696
140.88426
141.043144
141.054536
141.079696
141.12228
141.268568
141.330236
141.40692
141.41158
141.42192
141.495692
141.546668
141.741992
141.785796
141.816204
141.829676
141.858324
141.961556
141.966228
142.26002
142.334368
142.411008
142.516352
142.577644
142.59802
142.715488
142.723548
142.758804
142.808084
142.898796
142.93782
142.996632
143.160192
143.190128
143.203692
143.321116
143.368516
143.4551
143.506524
143.527972
143.688984
143.692388
143.784632
143.845924
143.991756
144.042328
144.086692
144.112932
144.151132
144.288124
144.313416
144.358868
144.445212
144.537692
144.563544
144.589368
144.614888
144.640448
144.656592
144.665352
144.75554
144.789704
144.82188
145.004868
145.049596
145.182764
145.24844
145.297
145.420448
145.693812
145.73634
145.80776
145.94408
145.985772
146.059412
146.100804
146.113596
146.162052
146.344192
146.371696
146.380424
146.388016
146.392896
146.432044
146.500644
146.525976
146.538116
146.659212
146.860468
146.86552
146.905556
147.132528
147.156696
147.258328
147.32938
147.436036
147.50734
147.542496
147.7229
147.754
147.848764
147.8869
147.917276
148.007652
148.023968
148.035172
148.04504
148.070056
148.325896
148.487996
148.577776
148.633852
148.959576
148.985608
149.038128
149.137524
149.179968
149.249376
149.268672
149.305488
149.366304
149.439444
149.465324
149.550276
149.642404
149.67346
149.692208
149.708524
149.804592
149.818924
149.934184
150.095996
150.100672
150.243452
150.36286
150.379364
150.447484
150.53788
150.564764
150.603848
150.732768
150.847304
151.045168
151.170364
151.179072
151.238004
151.244424
151.28748
151.306452
151.317784
151.36084
151.405484
151.408964
151.423932
151.437544
151.583504
151.66166
151.921592
151.994408
152.041572
152.082784
152.131628
152.13916
152.268456
152.286808
152.290656
152.295572
152.30646
152.67424
152.730168
152.792008
152.89282
152.941872
153.011828
153.150332
153.205548
153.329084
153.425128
153.54674
153.709016
153.751008
153.78288
153.96532
153.992812
154.355704
154.3948
154.400192
154.443792
154.468744
154.53902
154.565144
154.596428
154.62566
154.833792
154.926104
155.049508
155.069768
155.109648
155.181632
155.356812
155.361056
155.367088
155.430528
155.44248
155.446764
155.483664
155.5853
155.601664
155.664368
155.689268
155.71872
155.740808
155.86378
155.868052
155.901104
155.9811
156.026848
156.06198
156.133092
156.1715
156.189284
156.27606
156.32952
156.40078
156.41854
156.52974
156.568972
156.669792
156.689432
156.857976
156.940308
157.112752
157.194088
157.239328
157.497708
157.644184
157.733764
157.80198
157.815372
157.853368
157.95314
158.01772
158.045792
158.067932
158.126656
158.41112
158.422152
158.501524
158.628484
158.687228
158.718392
158.72846
158.754648
158.778964
158.861464
158.942396
159.147284
159.22052
159.26788
159.400328
159.420092
159.513592
159.516568
159.819716
160.097508
160.178632
160.1937
160.401148
160.448528
160.469904
160.477076
160.841784
160.922296
161.028592
161.0837
161.166048
161.187504
161.25302
161.290564
161.433308
161.524624
161.539404
161.69778
161.732024
161.840548
162.209088
162.221968
162.274976
162.416536
162.448012
162.646624
162.66962
162.738432
162.743576
162.745336
162.747492
162.835072
162.845168
162.913648
162.94382
163.158588
163.232136
163.304448
163.339764
163.487872
163.59214
163.628592
163.68352
163.7992
163.842028
163.862588
163.904592
163.916892
163.944512
164.01534
164.017652
164.08212
164.147156
164.211544
164.350176
164.353992
164.40874
164.459868
164.478668
164.553652
164.561408
164.68478
164.696204
164.700508
164.7996
164.885148
164.949144
165.043692
165.057668
165.148896
165.240596
165.349676
165.41854
165.43136
165.464112
165.505128
165.627404
165.815272
165.824532
165.87698
165.931584
165.960124
165.9823
166.182196
166.281332
166.287604
166.294552
166.361688
166.369184
166.379064
166.439392
166.46512
166.75378
166.770896
166.868964
166.895364
167.095308
167.253712
167.386396
167.45904
167.744464
168.052292
168.06138
168.10248
168.125308
168.177628
168.196976
168.231412
168.305504
168.328976
168.341252
168.52308
168.651868
168.673668
168.837952
168.842492
168.916752
168.964556
168.966776
168.99222
169.12562
169.246024
169.296612
169.463908
169.477044
169.485748
169.530628
169.581732
169.610688
169.67736
169.741932
169.773392
169.794072
169.871044
170.000292
170.051752
170.058376
170.065416
170.16922
170.217496
170.371124
170.447484
170.462132
170.4751
170.49386
170.496476
170.498748
170.522372
170.615956
170.832052
170.870688
171.06364
171.069748
171.105412
171.111688
171.118964
171.2542
171.429832
171.43716
171.485404
171.49804
171.51574
171.712796
171.747796
171.838628
171.960896
171.97324
172.02218
172.04474
172.112196
172.139768
172.261096
172.295552
172.430652
172.568756
172.709212
172.807664
172.855408
172.993596
173.03048
173.126488
173.137248
173.241356
173.261012
173.311844
173.377092
173.381976
173.641064
173.6695
173.745088
173.82114
173.881992
173.993228
174.047688
174.094828
174.120276
174.294232
174.404496
174.554608
174.749432
174.767924
174.814996
174.860408
174.874256
174.954488
175.017896
175.14622
175.155396
175.281844
175.359908
175.361816
175.649788
175.687976
175.741836
175.74602
175.929388
175.942732
175.96404
176.009268
176.026616
176.038252
176.048272
176.101352
176.169436
176.292728
176.451656
176.612732
176.64418
176.664556
176.776672
176.884868
176.917344
176.922212
177.024424
177.080664
177.32974
177.392404
177.455296
177.563456
177.63278
177.642072
177.873984
177.926536
178.053196
178.09844
178.124676
178.30224
178.316104
178.484956
178.516204
178.627092
178.693344
178.704796
178.77904
178.842416
178.864892
178.893972
178.940092
179.037824
179.144824
179.324896
179.436972
179.44552
179.469536
179.50304
179.518828
179.527408
179.586516
179.646872
179.691632
179.72032
179.776656
179.86152
180.042464
