4.26528
8.385524
10.091828
10.209788
12.680524
13.434272
21.326276
21.455164
25.10396
30.652536
33.077872
36.655784
42.398988
46.557448
47.759892
66.396488
72.916832
75.410496
75.463516
79.66404
80.80208
83.493564
89.726824
90.25156
98.382124
100.645496
104.158156
104.581796
110.236296
110.636252
111.087668
112.055108
113.480988
115.318784
117.556288
120.565288
122.382716
130.042444
132.188032
132.507036
137.738212
138.501544
139.515092
142.38268
150.086912
150.5736
153.600412
156.559152
162.40152
169.42136
175.090588
176.144092
176.357052
176.526532
176.781048
179.051904
186.079352
