Rate (cps): 4.638676849815998
Error: 0.16052803182752168
0.121716
0.426952
0.313292
0.171752
0.138648
0.23372
0.245072
0.098332
0.198076
0.02046
0.1144
0.265456
0.25612
1.064248
0.216372
0.115924
0.095052
0.140612
0.010556
0.025808
0.019376
0.570568
0.45294
0.096716
0.057448
0.315324
0.247208
0.085672
0.030256
0.015268
0.361632
0.231024
0.532732
0.2046
0.300664
0.297964
0.015564
0.280072
0.853336
0.281736
0.034124
0.485756
0.200912
0.02894
0.638632
0.45718
0.11342
0.0244
0.008588
0.091196
0.253556
0.178708
0.030508
0.214644
0.543352
0.270008
0.145144
0.528748
0.143648
0.108784
0.187696
0.002732
0.167252
0.16852
0.139288
0.489936
0.052376
0.27844
0.176564
0.475528
0.028256
0.076152
0.036656
0.131696
0.586268
0.018108
0.198348
0.003356
0.155968
0.20154
0.14792
0.108928
0.04196
0.114944
0.131224
0.183524
0.598756
0.851664
0.092072
0.024696
0.276184
0.009092
0.28848
0.021812
0.007488
0.160836
0.268816
0.134288
0.384424
0.045152
0.086776
0.08658
0.007872
0.126568
0.135596
0.363384
0.353392
0.337868
0.077444
0.066052
0.016204
0.37908
0.040252
0.271908
0.199352
0.096212
0.311624
0.384148
0.37326
0.121968
0.029836
0.062816
0.093364
0.028324
0.095176
0.59896
0.011972
0.168356
0.230908
0.028596
0.231796
0.46818
0.04982
0.154144
0.534676
0.161916
0.108788
0.29908
0.027648
0.026552
0.115256
0.24312
0.056124
0.034052
0.246496
0.411024
0.095964
0.081464
0.117424
0.01822
0.242364
0.047604
0.152568
0.136056
0.304416
0.400176
0.360892
0.583516
0.10584
0.14292
0.652044
0.28718
0.125196
0.189908
0.115384
0.001636
0.575624
0.050024
0.029504
0.13638
0.271852
0.095572
0.204004
0.019948
0.543972
0.635668
0.273724
0.134236
0.037336
0.099388
0.018496
0.30514
0.082852
0.0319
0.126548
0.29892
0.033896
0.286476
0.692312
0.460668
0.130212
0.056488
0.11718
0.02394
0.11298
0.355236
0.126948
0.335756
0.772
0.321828
0.098828
0.042284
0.185312
0.053536
0.00918
0.124256
0.229932
0.061496
0.020252
0.231512
0.126812
0.07728
0.00918
0.83238
0.188904
0.178504
0.199784
0.32152
0.039384
0.373884
0.301976
0.775832
0.24546
0.305592
0.134532
0.29212
0.010228
0.529132
0.198484
0.105496
0.61954
0.024024
0.214208
0.460548
0.3123
0.617832
0.359992
1.067032
0.030224
0.0028
0.675204
0.549508
0.022344
0.178316
0.35306
0.005572
0.017272
0.118704
0.567076
0.01642
0.186876
0.378864
0.780184
0.008992
0.133092
0.173508
0.025256
0.122972
0.658092
0.579744
0.03008
0.026156
0.323868
0.151124
0.381452
0.21436
0.12042
0.035584
0.19346
0.04284
0.374868
0.258192
0.16844
0.130804
0.066056
0.281156
0.020784
0.203468
0.159772
0.02862
0.191368
0.09048
0.361016
0.206152
0.07266
0.102384
1.193228
0.103268
0.076232
0.957272
0.348072
0.677992
0.057
0.034044
0.263532
0.065636
0.28604
0.08846
0.14322
0.411976
0.234156
0.13368
0.00592
0.460116
0.148432
0.061036
0.413716
0.412464
0.012176
0.357024
0.256692
0.123572
0.492124
0.040768
0.261388
0.1398
0.216196
0.083948
0.112456
0.29222
0.273532
0.12658
0.022944
0.161016
0.28958
0.106532
0.140796
0.324348
0.041256
0.072564
0.220976
0.126128
0.238184
0.357652
0.449944
0.227272
0.03004
0.006844
0.191952
0.32008
0.114384
0.263148
0.017224
0.336096
0.029776
0.0256
0.586224
0.596504
0.035332
0.053852
0.084236
0.312308
0.027568
0.09784
0.107932
0.099408
0.09104
0.303404
0.005488
0.018268
0.31618
0.816836
0.200676
0.074872
0.694408
0.088808
0.146696
0.408736
0.193144
0.083268
0.14838
0.224188
0.305568
0.042008
0.456204
0.13684
0.298416
0.15194
0.093684
0.00994
0.165576
0.0285
0.0612
0.565968
0.124076
0.16064
0.064136
0.287112
0.025748
0.067232
0.093456
0.007596
0.07306
0.367004
0.445952
0.137548
0.149916
0.102968
0.544088
0.344956
0.68106
0.146408
0.10236
0.0064
0.016192
0.161196
0.2128
0.007952
0.398376
0.41116
0.028128
0.359144
0.29946
0.109976
0.193672
0.069244
0.231716
0.007148
0.055568
0.0847
0.30452
0.218256
0.453812
0.083352
0.009084
0.011676
0.425952
0.013236
0.136548
0.398376
0.027456
0.180812
1.059392
0.05216
0.683516
0.378148
0.76806
0.416344
0.20152
0.088508
0.339544
0.232484
0.93526
0.036708
0.00386
0.125456
0.183992
0.024512
0.0863
0.130068
0.072852
0.220112
0.014632
0.217456
0.19032
0.045936
0.093428
0.030056
0.024404
0.238336
0.362172
0.487516
0.008288
0.082444
0.15078
0.087344
0.156044
0.02976
0.266496
0.135952
0.093172
0.020752
0.189488
0.164748
0.268892
0.187796
0.17946
0.031116
0.214548
0.168988
0.131784
0.815172
0.02994
0.158808
0.231772
0.2834
0.222956
0.282132
0.066824
0.05584
0.046816
0.14356
0.31064
0.289348
0.229512
0.066416
0.436656
0.126748
0.114516
0.280488
0.09438
0.067396
0.2191
0.39198
0.059092
0.20312
0.346184
0.094448
0.063144
0.06484
0.30442
0.478244
0.01172
0.314724
0.10264
0.034308
0.103852
0.19048
0.034392
0.072236
0.063096
0.225632
0.211612
0.052048
0.049572
0.586944
0.386088
0.028584
0.347264
0.563588
0.013888
0.512348
0.02454
0.275276
0.025648
0.093256
0.18702
0.005688
0.85262
0.13594
0.266736
0.255628
0.512196
0.030116
0.44338
0.015056
0.61976
0.23534
0.268212
0.128128
0.02154
0.425476
0.029916
0.759256
0.177824
0.453416
0.013736
0.073692
0.355996
0.00948
0.601616
0.350776
0.275696
0.263828
0.165896
0.147784
0.092408
0.2899
0.255252
0.03498
0.018744
0.09962
0.225724
0.192152
0.033464
0.438236
0.475852
1.003188
0.154692
0.032036
0.040476
0.097148
0.984944
0.11448
0.592068
0.018196
0.495616
0.03704
0.046532
0.161552
0.022716
0.149608
0.043244
0.129416
0.07966
0.058764
0.137912
0.626344
0.084196
0.112808
0.00742
0.333996
0.02624
0.562256
0.136628
0.142412
0.068776
0.05458
0.056184
0.333728
0.187864
0.313992
0.206028
0.168416
0.175204
0.180692
0.023152
0.339068
0.047808
0.273068
0.726616
0.03634
0.098696
0.336608
0.481232
0.594768
0.17692
0.118064
0.027712
0.11232
0.016232
0.19034
0.979192
0.007228
0.184324
0.045448
0.13168
0.328052
0.017524
0.299612
0.05942
0.065076
0.067532
0.375536
0.025892
0.059352
0.434388
0.00728
0.09674
0.53812
0.546672
0.341604
0.16318
0.306328
0.134612
0.190508
0.05244
0.166328
0.442156
0.026628
0.389136
0.066504
0.07418
0.014364
0.04992
0.1619
0.162368
0.203508
0.15572
0.124528
0.013784
0.435388
0.211952
0.625008
0.398628
0.393928
0.351232
0.021108
0.198144
0.315096
0.220548
0.015276
0.052824
0.570768
0.02706
0.010592
0.062276
0.002788
0.0795
0.006404
0.027612
0.081496
0.17996
0.214228
0.111052
0.20456
0.104172
0.105884
0.048784
0.030928
0.18856
0.332572
0.445648
0.586704
0.020392
1.269752
0.020676
0.171416
0.00758
0.17852
0.0066
0.717372
0.039676
0.198804
1.503436
0.072504
0.079968
0.025776
0.060372
0.007904
0.29976
0.301668
0.079608
0.34058
0.123156
0.097892
0.534504
0.109096
0.152012
0.098524
0.288596
0.06728
0.215752
0.100244
0.032376
0.28462
0.19314
0.35062
0.183208
0.37572
0.122992
0.081648
0.175872
0.066216
0.028188
0.512908
0.060316
0.195848
0.202548
0.088504
0.133248
0.45668
0.065124
0.068464
0.42434
0.004476
0.40008
0.100848
0.025428
0.02578
0.136712
0.120544
0.16086
0.172508
0.053528
0.273564
0.444952
0.47306
0.188372
0.060872
0.038244
0.02754
0.216568
0.554044
0.011288
0.160052
0.882976
0.03658
1.033204
0.004288
0.7968
0.081664
0.095896
0.278328
0.5876
0.188784
0.05466
0.192124
0.155772
0.127888
0.220128
0.056784
0.090712
0.534208
0.0994
0.149496
0.26444
0.22774
0.23278
0.111512
0.142708
0.058596
0.321076
0.130504
0.459848
0.186848
0.214268
0.006292
0.724804
0.060656
0.197028
0.019012
0.248608
0.215344
0.081616
0.078996
0.046388
1.471476
0.606404
0.33582
0.556256
0.131988
0.08866
0.079348
0.50746
0.131172
0.046828
0.207684
0.08026
0.628992
0.025472
0.113428
0.038912
0.731588
0.143432
