Rate (cps): 0.3565924899427203
Error: 0.0442298548465503
2.150432
0.439704
1.597008
1.287776
0.043032
1.237656
1.608784
0.174372
2.162296
5.591492
0.108768
4.597612
1.508848
1.245408
1.776568
0.91878
1.825568
9.808156
5.82274
0.489088
0.54246
3.831364
5.31622
7.362824
4.157868
1.770684
2.46916
0.583788
0.433072
5.644552
0.596668
14.627908
2.457148
2.665464
4.823008
3.39662
0.88434
5.506944
0.991688
2.47366
0.934724
0.259612
3.478896
3.462376
1.37162
1.669148
0.710444
1.052584
1.540192
5.813172
3.031268
8.83216
1.03262
4.425764
2.772424
0.967512
6.280584
1.87396
1.578216
0.448876
0.432248
4.35944
7.627692
1.009124
2.386716
