Rate (cps): 0.35407644448473047
Error: 0.04425955556059131
2.540824
0.244924
3.826348
1.521324
0.93066
1.397348
1.205104
1.62344
5.140288
0.514052
1.846684
4.778616
6.444276
0.574628
1.48208
3.00048
4.979
1.565844
0.878212
6.504116
2.071668
1.871604
0.596228
1.279404
6.07046
2.966312
2.730028
7.410272
1.23308
0.876968
3.197012
0.010776
3.68396
0.403104
6.277496
0.339616
0.20912
1.311572
0.91576
6.345124
2.704484
1.281072
10.207736
1.799048
1.510088
3.00422
2.511844
2.901504
0.699044
4.557212
2.285392
3.7333
2.823464
4.330624
0.773784
4.960552
0.827868
1.250364
0.207044
1.095188
1.919688
8.038936
12.06712
4.46454
