1.685792
3.0419
5.233272
6.095936
6.3063
6.791804
8.374188
11.007796
12.151064
12.711556
13.868424
17.87492
37.928088
40.960548
44.52876
45.021328
45.900776
47.008788
49.333588
59.498108
65.794464
74.001228
74.5624
80.848
82.980984
84.693392
89.596036
89.736888
89.966456
90.483944
100.047332
100.4228
101.114984
106.682172
107.697456
108.650348
109.17056
109.947196
112.905552
114.34784
114.717624
116.441204
117.21416
122.572184
126.39248
131.314988
132.0293
139.951116
142.30524
147.722812
152.812612
158.425416
159.016048
161.66296
162.147172
166.078688
170.298656
173.18754
180.129588
