Rate (cps): 0.33120390566244085
Error: 0.04275824036098286
3.62694
2.902184
0.14648
4.123264
3.852216
7.270176
3.88736
2.351016
0.208796
0.814292
5.482344
2.881636
4.905388
3.718668
1.817084
0.132232
0.244688
2.84936
1.491636
3.097616
7.468948
9.996068
3.862284
0.757856
3.902776
1.152668
1.865016
2.340692
5.385176
11.86976
3.140004
3.787284
1.443244
0.29824
0.862496
0.518316
2.139316
4.150264
2.628232
4.868216
6.351564
6.751932
1.548172
4.143752
1.5864
0.538384
2.678908
2.610812
2.18582
0.655432
1.604128
4.234636
0.311528
9.699668
0.296716
0.481768
0.459952
3.342728
1.266776
2.167976
