0.090272
1.215876
1.764632
7.491976
7.809284
8.92632
10.86424
11.583336
12.434404
13.587164
14.376416
18.313056
19.239464
20.338684
21.342096
21.682616
22.704368
22.86886
28.598752
29.17976
36.098968
37.399692
40.225216
47.322596
50.237232
51.330468
53.686344
56.655772
57.027556
61.233632
62.489436
64.239144
71.74412
73.906988
74.424016
75.348776
79.091396
80.420368
84.497236
86.330396
96.041748
96.845296
97.628264
102.717044
104.321496
107.380748
110.594908
114.199164
117.220044
117.6486
127.558792
127.609304
132.94248
134.546356
135.244576
138.928656
142.770768
143.486388
143.79168
151.454632
153.350064
156.32492
158.248596
165.80272
165.805
167.308848
171.493736
176.918292
177.298752
178.739764
179.346828
179.87324
180.06812
