Rate (cps): 0.48491523483320703
Error: 0.051692137719094394
7.146028
1.156744
2.436092
1.1705
0.289212
0.238504
2.150932
1.105764
1.04394
0.262516
3.05
9.983116
1.116784
0.173128
0.469016
1.121464
0.172584
1.228752
0.180748
4.004128
0.04688
0.598516
2.930772
1.600544
2.329588
0.906864
1.830088
0.154948
1.01996
0.412016
0.344612
1.070548
0.17882
0.261116
1.111504
0.582692
1.180744
1.1622
0.282448
2.770904
0.709684
3.667636
1.45308
1.823864
4.632172
2.824876
0.594992
5.012848
1.00582
1.023656
0.876028
3.228376
4.880616
1.794052
1.452832
3.125356
4.110664
6.32188
2.04674
0.492608
3.529216
4.981528
1.152
1.124568
6.21686
0.032552
2.614004
0.613608
3.078592
0.009132
2.011016
1.337064
0.466376
0.41948
9.935556
5.57282
3.909576
2.236972
1.418068
2.350096
0.501592
0.63138
0.92406
1.456276
1.849128
1.290972
3.40888
8.050148
