Rate (cps): 0.3815311871222976
Error: 0.04560169902018841
7.935664
2.523252
1.291872
0.25458
7.240932
4.039584
2.021964
3.011952
0.202032
3.831292
0.863424
4.230468
2.804368
6.211048
2.720932
5.793876
3.60322
0.164656
2.927448
11.797192
0.808308
5.376644
0.9126
0.084516
1.317108
0.002296
0.56456
2.778744
0.608736
4.224912
0.47952
1.636704
1.608728
2.038228
2.03794
7.04558
0.440592
0.838944
4.751712
6.247424
1.548624
1.049032
1.338964
3.544852
3.499772
5.1458
0.989836
0.07102
7.50674
0.986916
4.16202
3.890704
2.39816
3.1685
5.158368
1.868732
0.075864
0.118532
0.900508
1.156348
2.13382
1.052724
1.61662
0.396144
0.156268
0.072644
2.530716
4.937728
0.658812
4.06292
