0.78144
0.783104
0.784524
0.786188
0.788824
0.78894
0.78934
0.789516
0.78968
0.789948
0.790104
0.790252
0.79036
0.790464
0.790624
0.790736
0.7909
0.791136
0.791244
0.791896
0.79196
0.792024
0.792088
0.792152
0.792216
1.028904
1.975372
3.449708
4.016856
5.963084
6.41456
9.389328
9.489108
10.07696
10.310004
10.809788
12.51686
12.5174
12.517996
12.518584
12.519
12.519396
12.519636
12.51994
12.520048
12.520276
12.520448
12.52056
12.520668
12.520776
12.520884
12.520992
12.5211
12.521208
12.522128
12.522192
12.522256
12.52232
12.522384
13.112804
13.890672
14.3764
14.980812
14.982196
14.983324
14.984648
14.985496
14.985656
14.985808
14.985948
14.986168
14.986284
14.98648
14.986636
14.986744
14.986852
14.987012
14.987156
14.987284
14.987488
14.988124
14.989212
14.989276
14.988316
14.98838
14.988444
15.088772
16.211364
16.214332
16.222752
16.368092
16.835156
16.93614
17.3846
17.559656
17.981696
18.376892
18.378236
18.378504
18.378952
18.379652
18.381744
18.382248
18.382396
18.382604
18.382916
18.383024
18.38316
18.383328
18.383436
18.383552
18.38382
18.384108
18.384244
18.384352
18.385288
18.385352
18.385416
18.38548
18.385544
19.235056
19.416712
23.5109
23.85264
23.857552
24.797664
24.993704
24.993876
24.99608
24.996648
24.998048
24.9982
24.998352
24.998456
24.998796
24.998948
24.999284
24.99958
24.999756
24.99992
25.000032
25.000148
25.000256
25.00036
25.00102
25.001084
25.001148
25.001212
25.001276
25.00134
26.066972
26.0672
26.067492
26.069168
26.069924
26.07058
26.070788
26.071268
26.071512
26.071804
26.072032
26.07216
26.072372
26.072544
26.072712
26.072868
26.073012
26.07312
26.07428
26.074344
26.074408
26.074472
26.074536
26.0746
26.986504
27.256972
27.266464
27.56384
27.565952
27.566804
27.566936
27.567052
27.567172
27.567712
27.568096
27.568328
27.568432
27.568544
27.568696
27.568836
27.568988
27.569116
27.569276
27.56938
27.569852
27.571152
27.570196
27.570256
27.57032
27.570384
27.944308
28.057008
29.483024
29.755048
29.75708
29.799652
31.506696
31.845264
31.899132
32.5628
33.678796
34.665532
34.857736
36.007288
36.786748
36.998556
37.121784
37.257256
37.370844
37.592164
38.09706
38.387056
38.865176
39.749176
40.590904
40.7656
40.767204
40.767632
40.767768
40.768008
40.768264
40.768764
40.768956
40.769064
40.769384
40.769496
40.769684
40.769816
40.769928
40.770204
40.770336
40.770524
40.770628
40.771888
40.771952
40.772016
40.77208
40.772144
41.907304
42.096484
42.123532
42.123668
42.124132
42.1243
42.124792
42.124932
42.1251
42.125216
42.125332
42.12564
42.125748
42.125868
42.125976
42.126084
42.126192
42.126296
42.126404
42.126692
42.12778
42.127844
42.127908
42.127972
42.761864
43.661584
43.754968
44.881256
44.8818
44.882532
44.882836
44.882944
44.883052
44.883168
44.883276
44.883448
44.88364
44.883784
44.883928
44.884136
44.884292
44.884412
44.884548
44.884664
44.884852
44.885504
44.885568
44.885632
44.885696
44.887636
45.614308
45.9698
46.526516
47.501892
48.605012
49.117956
50.658132
51.067264
51.067792
51.068352
51.068556
51.068872
51.069096
51.069244
51.06958
51.069856
51.070092
51.07028
51.0704
51.070508
51.070616
51.07072
51.070944
51.071096
51.071264
51.072532
51.072596
51.07266
51.072724
51.072788
51.483412
52.328164
53.573228
53.990412
54.375968
54.37848
54.380872
54.382276
54.38274
54.38312
54.385336
54.386
54.386888
54.386996
54.387148
54.387504
54.387656
54.387916
54.388272
54.388544
54.388684
54.388808
54.389016
54.38926
54.39058
54.390644
54.390708
54.390772
54.389812
54.389876
55.87664
56.787888
57.639444
57.640644
57.648312
57.648544
57.654056
57.654764
57.656576
58.013984
58.01528
58.018024
58.019808
58.020764
58.021152
58.021256
58.022304
58.022412
58.02252
58.022712
58.02282
58.022932
58.023172
58.023276
58.023384
58.023496
58.023636
58.023828
58.024432
58.024496
58.02456
58.024624
58.024688
58.024752
58.039208
58.593464
59.830292
60.490576
61.848268
62.056668
62.05862
62.059388
62.059676
62.059812
62.060044
62.06048
62.06066
62.060816
62.061004
62.06124
62.061368
62.061476
62.061584
62.061712
62.06182
62.061924
62.062036
62.062964
62.063028
62.063092
62.063156
62.06322
62.06604
63.55402
63.555744
63.932896
64.306628
64.312048
64.51102
65.16452
65.882624
65.883324
66.300464
67.471264
68.803304
68.8765
70.533148
70.84028
70.84046
70.8407
70.840984
70.8411
70.841436
70.841692
70.8418
70.841908
70.842012
70.84212
70.842228
70.842344
70.842476
70.842676
70.842828
70.842936
70.843432
70.843496
70.84356
70.843624
70.843688
70.843752
72.958604
72.990748
73.090176
73.3555
73.867684
73.968712
74.090936
76.323016
76.751552
77.347672
79.416276
79.59146
79.659352
79.937512
80.101608
80.101752
80.10232
80.10278
80.10316
80.103416
80.103684
80.103832
80.10408
80.104188
80.104296
80.104404
80.104608
80.104716
80.10482
80.104928
80.105124
80.105296
80.105848
80.105912
80.105976
80.10604
81.277332
81.4303
82.526468
82.527908
82.528228
82.528552
82.529496
82.530444
82.530952
82.531532
82.531752
82.532272
82.5324
82.532512
82.532684
82.532788
82.532972
82.533088
82.533228
82.533408
82.533784
82.534872
82.534936
82.535
83.207836
83.828552
84.395956
84.694352
86.486968
86.73734
86.737732
86.738444
86.738884
86.739224
86.739432
86.739644
86.739792
86.740056
86.74018
86.740324
86.740492
86.740652
86.74078
86.740892
86.74104
86.741148
86.741252
86.742608
86.742672
86.742736
86.7428
86.742864
88.038344
88.823188
89.163496
89.233472
89.497444
89.778144
89.778788
89.779084
89.779224
89.77954
89.779648
89.779992
89.780168
89.780296
89.78044
89.780716
89.780932
89.781072
89.781276
89.781384
89.781492
89.7816
89.781708
89.78238
89.782444
89.782508
89.782572
89.782636
91.786624
92.399704
92.400308
92.401224
92.40178
92.402328
92.402632
92.403096
92.403392
92.4035
92.403788
92.4039
92.404016
92.404124
92.404232
92.404344
92.404448
92.404564
92.404676
92.404976
92.40504
92.405104
92.405168
92.54122
95.218748
95.21886
95.2192
95.242872
95.245336
95.459024
97.314428
98.782928
100.51496
100.516408
100.53302
100.53372
101.170048
101.99722
104.626236
107.42296
107.424344
107.425392
107.425632
107.425928
107.426036
107.426148
107.426388
107.426584
107.426756
107.42696
107.427116
107.427488
107.427592
107.4277
107.427808
107.427916
107.428024
107.429252
107.429316
107.42938
107.429444
108.132504
108.132848
108.134552
108.13702
108.1376
108.139948
108.140208
108.140396
108.140504
108.140656
108.140856
108.140988
108.14114
108.141292
108.141424
108.141632
108.14184
108.141992
108.1421
108.142956
108.14302
108.143084
108.143148
108.143212
108.143276
108.477428
108.839692
110.382064
110.81162
114.17426
114.177972
114.178556
114.179148
114.179268
114.179764
114.1803
114.180452
114.180736
114.18088
114.181016
114.181136
114.181296
114.181428
114.181536
114.181656
114.181808
114.181924
114.182032
114.18222
114.182284
114.182348
114.182412
114.182476
114.18416
114.184652
114.500976
114.501828
114.502388
114.502648
114.505196
114.50532
114.507188
115.399216
115.401568
115.489944
115.557976
116.305784
117.09818
117.101528
118.860384
119.132428
119.890068
120.262492
120.32306
121.625152
122.477876
123.322552
123.375948
123.377188
123.378276
123.37966
123.381352
123.381632
123.382172
123.382368
123.382556
123.382712
123.382952
123.383064
123.38318
123.383308
123.383416
123.38352
123.383628
123.38376
123.383868
123.385376
123.38544
123.385504
123.385568
123.385632
124.520424
124.618204
124.751884
124.924112
125.255952
126.483584
126.497424
126.645504
126.647396
126.647632
126.647748
126.648256
126.648536
126.648744
126.648896
126.649096
126.649272
126.6494
126.649512
126.64962
126.64974
126.649968
126.650076
126.650184
126.650336
126.650772
126.650836
126.6509
126.650964
126.651028
126.651092
126.95904
126.960052
127.10094
127.39634
129.9804
130.019076
130.01934
130.021044
130.021504
130.021764
130.021892
130.0228
130.022944
130.023284
130.023452
130.023584
130.023796
130.024084
130.024204
130.024436
130.024544
130.024672
130.02478
130.026396
130.02646
130.0255
130.025564
130.025628
130.613068
130.615508
130.61606
130.6168
131.040708
131.041832
131.537964
131.590192
132.974428
133.389184
133.389532
133.389692
133.390036
133.390508
133.390808
133.390948
133.39106
133.391168
133.391328
133.391456
133.391596
133.391712
133.39182
133.391928
133.392036
133.392148
133.392336
133.3924
133.392464
133.392528
133.392592
133.567272
134.889356
134.891984
134.893848
134.894928
134.895108
134.895812
134.895968
134.896312
134.896564
134.896752
134.89686
134.8971
134.897208
134.897316
134.897488
134.897592
134.8977
134.897992
134.898184
134.898788
134.898852
134.898916
134.89898
136.84322
139.93256
139.936244
140.525816
140.52634
140.536576
140.812236
141.14678
141.491536
141.49206
141.492448
141.492888
141.493184
141.494004
141.494156
141.49434
141.494596
141.49482
141.494988
141.495244
141.49546
141.49564
141.495916
141.496032
141.496212
141.49642
141.497832
141.497896
141.49796
141.498024
141.498088
141.498152
141.870156
141.960232
142.310604
142.342712
142.343312
142.34434
142.344836
142.345128
142.345328
142.345668
142.345828
142.345948
142.346056
142.346228
142.346432
142.346684
142.34686
142.347
142.347112
142.347356
142.347528
142.349004
142.349068
142.349132
142.349196
142.763056
142.767592
143.012996
143.177768
143.44118
143.444328
143.444764
143.445072
143.445324
143.445636
143.446068
143.446672
143.44794
143.449328
143.450696
143.661516
145.768288
146.726056
146.82304
148.709088
149.561344
149.824088
150.024072
150.024452
150.025108
150.025276
150.025608
150.026016
150.026312
150.02646
150.026652
150.026768
150.02698
150.027196
150.027332
150.027488
150.027644
150.027876
150.02798
150.028108
150.028316
150.02838
150.028444
150.028508
150.473272
150.50604
151.879068
152.454608
152.466896
154.150092
154.15088
154.1523
154.152416
154.152624
154.153052
154.153244
154.153868
154.154104
154.154212
154.15432
154.154752
154.154872
154.155208
154.155352
154.15546
154.155568
154.155772
154.156384
154.156448
154.156512
154.156576
154.15664
154.24742
154.300596
154.437336
154.781716
154.783092
154.784008
154.78562
154.786192
154.786588
154.786696
154.787016
154.787144
154.787324
154.787472
154.787688
154.787792
154.788032
154.788148
154.788296
154.788412
154.788628
154.789036
154.7891
154.789164
154.789228
154.789292
154.789356
154.78942
155.414348
155.414432
155.414652
155.41478
155.415404
155.415688
155.415808
155.416036
155.416144
155.416248
155.416356
155.416748
155.416892
155.417008
155.417144
155.417268
155.417372
155.417564
155.418588
155.417628
155.417692
156.320016
157.523236
157.790272
157.9139
157.990768
158.19822
158.49134
160.003192
160.922364
161.392968
162.799956
164.0549
164.986924
164.987524
164.987716
164.9886
164.9896
164.989768
164.990056
164.990196
164.990308
164.990464
164.990804
164.990956
164.991084
164.991304
164.99144
164.991548
164.991656
164.99176
164.992196
164.99226
164.992324
164.992388
165.276656
166.10368
167.713816
168.014608
168.41464
168.824512
169.380732
169.547552
169.67634
169.676816
169.677004
169.677112
169.677308
169.677824
169.67808
169.678188
169.678296
169.678532
169.678636
169.678744
169.6789
169.67902
169.679164
169.679276
169.679412
169.679524
169.680584
169.680648
169.680712
169.680776
170.102028
170.521772
171.513828
171.655488
172.192936
172.193264
173.216024
173.920996
174.38732
175.294928
175.837692
176.211272
178.259396
178.877692
178.974708
179.396012
179.676932
179.843432
179.844024
179.844196
179.84436
179.844744
179.844868
179.844996
179.845172
179.845468
179.845608
179.845716
179.845828
179.846
179.846108
179.846216
179.846324
179.846432
179.846592
179.84768
179.847744
179.847808
179.847872
179.847936
181.663372
