0.077972
0.228392
0.482412
0.532868
0.690948
1.530384
1.554192
1.7153
2.051312
2.454152
2.456924
2.844804
3.827032
3.903844
4.077676
4.11344
4.240164
4.241128
4.417888
4.52262
4.60988
4.755804
5.63686
5.769036
6.122632
6.218752
6.50542
6.67068
6.89414
6.942824
6.943156
6.943404
6.943976
6.944144
6.94438
6.944488
6.944664
6.944772
6.944916
6.945028
6.94518
6.9453
6.945432
6.945608
6.945716
6.94582
6.945984
6.947072
6.947136
6.9472
6.950152
6.952328
6.953536
6.9536
6.99668
7.142132
7.716496
7.717084
7.717384
7.718344
7.718892
7.71904
7.720132
7.720304
7.72048
7.720904
7.721268
7.72186
7.722132
7.722308
7.722588
7.722716
7.722976
7.723404
7.723804
7.724892
7.724956
7.72502
7.724064
8.56776
8.63332
9.041712
9.149868
9.566916
9.570444
10.457036
10.5438
10.603568
10.8565
11.011108
11.294424
11.295016
11.298892
11.299852
11.300204
11.300656
11.300876
11.301076
11.301184
11.301292
11.301472
11.3016
11.301748
11.301908
11.302016
11.302208
11.302316
11.302508
11.30264
11.303852
11.303916
11.302956
11.371248
11.439312
11.47754
11.700904
11.8054
12.390896
12.475936
12.477064
12.640488
12.855928
12.856704
12.856956
12.857456
12.857564
12.857868
12.858144
12.858456
12.858568
12.858688
12.858844
12.858968
12.859084
12.859184
12.859296
12.859592
12.859736
12.859868
12.8612
12.861264
12.861328
12.861392
13.132856
13.32986
13.340828
13.351996
13.421224
13.421356
13.422384
13.424936
13.426832
13.427728
13.427904
13.428044
13.428276
13.428444
13.428588
13.428764
13.429192
13.42932
13.429512
13.429668
13.430076
13.430256
13.430432
13.43168
13.431744
13.430784
13.430848
13.44402
13.788608
13.863732
13.864092
13.865996
13.86684
13.867148
13.86726
13.867384
13.86782
13.86808
13.868296
13.868876
13.869024
13.869256
13.869408
13.869532
13.869788
13.869928
13.870092
13.871044
13.871104
13.871172
13.871232
14.098272
14.197432
14.355532
14.455384
14.541544
14.853108
14.888904
15.027676
15.169552
16.1069
16.294824
16.51218
16.536324
16.536516
16.53666
16.537124
16.538108
16.53864
16.538828
16.539248
16.53966
16.540576
16.540948
16.54146
16.541824
16.542108
16.5423
16.542536
16.5427
16.5431
16.54364
16.544728
16.543768
16.543836
16.543896
16.887632
16.902692
16.90316
16.906412
17.06788
17.433188
17.500388
17.703168
17.869648
17.87058
17.914132
17.916816
17.9195
17.91974
17.921296
17.921468
17.921624
17.921744
17.921916
17.922104
17.92232
17.922428
17.922556
17.922724
17.922912
17.92302
17.923272
17.923432
17.92364
17.924576
17.92464
17.924704
17.924768
17.924832
17.988568
18.044564
18.112704
18.89024
19.05702
19.200584
19.20152
19.20196
19.203328
19.203776
19.20418
19.204288
19.204584
19.204692
19.204876
19.204992
19.205132
19.205388
19.205676
19.205784
19.205972
19.20608
19.206228
19.207904
19.207968
19.208032
19.208096
19.20816
19.413792
19.415204
19.717164
19.7832
19.88252
19.890028
19.893196
20.151208
20.284192
20.320172
20.43228
20.43712
20.438232
20.438684
20.438792
20.43906
20.439188
20.439588
20.439744
20.439864
20.440052
20.440172
20.440388
20.440492
20.4406
20.440708
20.440816
20.441064
20.441184
20.442392
20.442456
20.44252
20.442584
20.442648
20.442712
20.872308
21.387532
21.516484
21.58222
21.6069
21.760784
21.976384
21.978308
21.98238
21.985092
21.985268
21.985848
21.986336
21.986612
21.98672
21.986856
21.986964
21.98736
21.987468
21.987628
21.987812
21.987924
21.988068
21.98822
21.988432
21.988544
21.989972
21.990036
21.9901
21.990164
22.214412
22.238272
22.729396
22.925216
22.933432
22.934328
22.934484
22.934724
22.935156
22.935364
22.935596
22.935824
22.936032
22.936176
22.93636
22.9365
22.936608
22.936744
22.936904
22.937136
22.93726
22.937412
22.937672
22.937736
22.9378
22.937864
23.581784
23.637044
23.640368
24.339392
24.521796
24.654884
25.673904
25.765476
25.765776
25.7659
25.766116
25.766284
25.766792
25.766988
25.767164
25.76732
25.767496
25.76762
25.767728
25.767852
25.767988
25.768112
25.76822
25.768396
25.768632
25.76972
25.769784
25.769848
25.769912
25.769976
25.92076
26.031556
26.107468
26.321656
26.422076
26.46266
26.464248
26.467044
27.40536
28.32038
28.320664
28.32078
28.321272
28.321664
28.321828
28.32194
28.322048
28.322176
28.32228
28.322388
28.322508
28.322616
28.322724
28.322828
28.322936
28.323096
28.32354
28.324628
28.324692
28.324756
28.32482
28.380504
28.718576
28.71892
28.719652
28.720616
28.7211
28.721332
28.721776
28.722212
28.722872
28.722992
28.723232
28.72466
28.724912
28.72506
28.725192
28.72542
28.725752
28.725964
28.726328
28.728004
28.728068
28.728132
28.728196
28.872244
28.9437
29.062864
29.121916
29.122232
29.123684
29.209856
29.855468
29.857148
29.857392
29.8575
29.857936
29.85826
29.858384
29.858504
29.858788
29.859012
29.85912
29.859376
29.859484
29.859592
29.859804
29.859928
29.860128
29.860324
29.86176
29.861824
29.860864
29.860928
29.871804
30.362976
30.363364
30.36348
30.368348
30.388624
30.666608
30.666744
30.673496
31.07638
31.246348
32.076256
32.218484
32.417468
32.486876
32.488316
32.564332
32.588556
32.73604
33.394208
33.50726
33.849436
34.22104
34.323296
34.428568
34.485644
34.48596
34.4867
34.4878
34.488596
34.48898
34.489092
34.489336
34.48956
34.489668
34.4898
34.489952
34.490172
34.490348
34.49048
34.490676
34.490784
34.490892
34.49194
34.492004
34.492068
34.492132
34.492196
35.02882
35.169336
35.334032
36.022236
36.02278
36.023164
36.023276
36.023492
36.023684
36.023792
36.023936
36.02406
36.024168
36.024276
36.024384
36.024492
36.024596
36.024704
36.024812
36.02492
36.0254
36.025464
36.025528
36.025592
36.025656
36.02572
36.025784
36.653092
36.654976
36.733244
36.733416
36.917792
37.102256
37.226128
37.325936
37.54882
37.640624
37.645264
37.691368
38.665416
39.661864
39.663516
39.663768
39.664208
39.66476
39.66524
39.665532
39.665776
39.665884
39.665992
39.6661
39.666204
39.666312
39.66642
39.666528
39.666636
39.666744
39.666852
39.668156
39.66822
39.668284
39.668348
39.669708
40.611532
40.74132
40.762108
40.784832
40.889168
41.006816
41.007184
41.007348
41.007496
41.007776
41.007992
41.008112
41.00824
41.00864
41.008744
41.008868
41.008976
41.009084
41.009188
41.009296
41.009496
41.00964
41.009964
41.011052
41.011116
41.01118
41.649424
41.78236
41.923212
42.301196
42.305732
42.310156
42.310568
42.311992
42.312208
42.312364
42.31256
42.31272
42.312964
42.313084
42.313192
42.3133
42.313408
42.313512
42.313652
42.313776
42.313884
42.313988
42.314096
42.315424
42.315488
42.315552
42.315616
42.31568
42.346124
42.347044
42.57854
43.023224
43.024728
43.387284
43.566292
43.765612
43.767688
43.76862
43.768732
43.772468
43.772632
43.772852
43.773132
43.773308
43.773536
43.773744
43.773932
43.77404
43.774368
43.774472
43.774648
43.774752
43.774876
43.775008
43.77606
43.776124
43.776188
43.776252
43.776316
44.09918
44.422628
44.819644
45.045896
45.662708
45.668292
45.668416
45.668676
45.668788
45.668924
45.669028
45.669136
45.669244
45.669516
45.669768
45.669876
45.670028
45.670144
45.670252
45.670388
45.670516
45.670704
45.671448
45.671516
45.671576
45.67164
45.671704
46.006028
46.045088
46.373556
46.894892
46.925968
46.930708
46.9338
46.93486
46.935912
46.937348
47.024812
47.034108
47.03778
47.13922
47.191624
47.231784
47.232244
47.232648
47.232912
47.233036
47.23332
47.233488
47.233596
47.2337
47.233896
47.234
47.234108
47.234324
47.234548
47.23472
47.234832
47.23496
47.235068
47.236028
47.235068
47.235132
47.235196
47.580356
47.649012
48.009236
48.129576
48.255524
48.90702
48.978028
48.978564
48.98158
48.982276
48.982588
48.983712
48.984176
48.984488
48.984596
48.984936
48.985048
48.985156
48.985272
48.985532
48.98564
48.985768
48.98594
48.986084
48.986208
48.987452
48.987516
48.98758
48.987644
48.987708
49.222656
49.56218
49.63982
49.68136
49.741188
49.877412
49.924168
50.361976
50.628608
50.643408
50.784044
51.248968
52.219576
52.241428
52.337944
52.409708
52.497712
52.49784
52.500896
52.903956
52.950288
53.004
53.071884
53.12792
53.129016
53.573932
53.690628
53.89148
53.929516
53.930196
53.931792
53.932016
53.932336
53.93244
53.9326
53.933104
53.933384
53.933572
53.934032
53.934164
53.934296
53.934448
53.934576
53.93478
53.934976
53.935176
53.936828
53.936892
53.936956
53.93702
53.937084
54.115844
54.773908
55.287396
55.456756
55.45738
55.457656
55.457772
55.458072
55.458244
55.458352
55.45846
55.458564
55.458672
55.45878
55.458888
55.458996
55.459104
55.459212
55.459316
55.459424
55.459912
55.459976
55.46004
55.460104
55.460168
55.5923
55.721448
56.125204
56.128592
56.130032
56.289076
56.617
56.789344
56.99824
57.240232
57.241052
57.241268
57.241396
57.241792
57.2419
57.242208
57.242432
57.242696
57.242844
57.242948
57.243056
57.243272
57.24338
57.243492
57.2436
57.243708
57.243816
57.245496
57.24556
57.245624
57.245688
57.244728
57.449792
57.896704
57.896908
57.899276
57.899504
57.899696
57.899804
57.899984
57.900112
57.900368
57.900604
57.900844
57.901128
57.901244
57.90138
57.901508
57.901708
57.901824
57.901936
57.902996
57.90306
57.9021
57.902164
58.245812
58.374292
58.461048
58.461324
58.46172
58.4623
58.46248
58.46264
58.462764
58.462956
58.463136
58.463564
58.463676
58.463784
58.463888
58.463996
58.464252
58.46436
58.46448
58.464752
58.465292
58.465356
58.46542
58.465484
58.465548
58.559556
58.622276
58.677056
58.778108
58.818052
59.142864
59.14396
59.144752
59.146964
59.14976
59.150852
59.151132
59.151372
59.15148
59.151972
59.15208
59.152332
59.15244
59.152736
59.153064
59.15322
59.153332
59.153472
59.153588
59.15434
59.155428
59.154468
59.154532
59.154596
59.15466
59.154724
59.308708
59.387104
59.758444
59.76448
59.765664
59.766676
59.767012
59.767828
59.768404
59.768552
59.76866
59.7689
59.769032
59.769156
59.7693
59.76958
59.769748
59.769956
59.770064
59.770172
59.77028
59.771796
59.77186
59.7709
59.770964
59.771028
60.172968
60.173124
60.175648
60.176232
60.17702
60.177264
60.17744
60.177692
60.177808
60.178008
60.178116
60.178224
60.178332
60.178544
60.178732
60.179224
60.17934
60.17964
60.180292
60.18138
60.181444
60.180484
60.187688
60.398268
60.4975
60.645764
61.172336
61.401712
61.460868
61.833956
62.002364
62.271304
62.46992
62.739204
62.970332
63.547844
63.872004
63.971484
63.972464
63.972532
63.972676
63.972784
63.972892
63.973
63.973108
63.973212
63.97332
63.973428
63.973536
63.973644
63.973752
63.97386
63.973968
63.974072
63.974196
63.974664
63.974728
63.974792
63.974856
63.97492
64.388568
64.575756
64.63412
64.78208
64.801568
64.831676
64.837428
64.855212
65.422308
65.422492
65.423452
65.425156
65.427556
65.427852
65.4284
65.428604
65.42926
65.429664
65.429884
65.429988
65.430572
65.430696
65.430956
65.431064
65.431284
65.431388
65.431576
65.432756
65.43282
65.432884
65.432948
65.505576
65.61254
65.764228
65.764548
65.767796
65.76792
65.824212
65.903348
66.104432
66.115936
66.393028
66.415356
66.625988
66.681308
66.945048
66.99722
67.17496
67.175068
67.179072
67.272552
67.394068
67.49842
67.498568
67.717116
67.71726
67.717484
67.718044
67.719116
67.719396
67.71976
67.72028
67.720416
67.720624
67.720868
67.720972
67.721104
67.721228
67.721348
67.721512
67.721648
67.721756
67.72238
67.722444
67.722508
67.722572
67.722636
67.7227
67.767196
67.859028
67.876564
68.1494
68.481732
69.036964
69.230924
69.756168
70.041396
70.275248
70.276928
70.474432
70.510112
70.540932
70.613184
70.637844
70.958208
71.043912
71.046176
71.047168
71.047216
71.047436
71.047592
71.047752
71.047884
71.048048
71.04834
71.048448
71.048556
71.048664
71.048772
71.048948
71.049084
71.049192
71.0493
71.0504
71.050464
71.050528
71.050592
71.050656
71.130636
71.363316
71.390728
71.39138
71.391728
71.39372
71.394004
71.396284
71.397696
71.399436
71.39996
71.40032
71.487504
71.487768
71.488876
71.48906
71.49168
71.549008
71.592848
71.987532
72.435116
72.4518
72.818852
72.882572
73.335
74.16764
74.293788
74.47078
74.612048
74.620488
74.620688
74.62112
74.621284
74.621616
74.621848
74.621956
74.622088
74.622296
74.62262
74.622728
74.622884
74.622992
74.62314
74.623324
74.623544
74.623748
74.623908
74.624736
74.6248
74.624864
74.624928
74.624992
75.206292
75.290288
75.47724
75.789436
75.791812
76.048648
76.049492
76.085008
76.9743
76.974992
77.320964
77.94902
78.03288
78.113788
78.1648
78.678516
78.697112
78.913216
78.915616
78.915796
78.915956
78.916148
78.916704
78.917116
78.917708
78.917812
78.91792
78.918268
78.91864
78.918756
78.918976
78.919152
78.91928
78.919384
78.919492
78.920536
78.9206
78.920664
78.919704
78.919768
78.923968
78.926384
79.033024
79.106248
79.280176
79.30616
79.370764
79.813344
79.998156
80.076228
80.173412
80.475304
80.507836
80.508012
80.822076
80.822584
80.824192
80.825076
80.825276
80.825648
80.825816
80.826008
80.826168
80.826476
80.826652
80.82676
80.827036
80.827148
80.827256
80.827364
80.827488
80.8276
80.829396
80.828436
80.8285
80.828564
80.828628
81.220844
81.411864
81.659676
81.87874
81.967556
81.969116
82.19588
82.518036
82.603272
82.655584
82.659556
83.068636
83.483612
83.619072
83.898536
83.899768
84.367028
84.83916
84.9443
84.945092
84.951156
85.13312
85.187248
85.255812
85.261716
85.262468
85.263116
85.263412
85.263756
85.263896
85.264072
85.264252
85.264728
85.264836
85.264976
85.265084
85.265192
85.265352
85.26546
85.265764
85.265872
85.265988
85.266976
85.267044
85.267104
85.267172
85.611132
85.797604
85.862608
85.955084
86.274636
86.30508
86.317716
86.42414
86.515224
86.608992
86.609168
86.6098
86.61036
86.610636
86.610764
86.611064
86.611188
86.611464
86.611688
86.611804
86.61192
86.612028
86.612136
86.612256
86.612408
86.612632
86.61274
86.613236
86.6133
86.613364
86.613428
86.70076
86.775724
87.127812
87.130204
87.188068
87.19226
87.250656
87.500428
87.613388
87.786064
87.817664
87.89136
87.904652
87.970952
88.310544
88.31066
88.311072
88.311696
88.311864
88.31204
88.312472
88.312696
88.313016
88.313188
88.313296
88.313428
88.313676
88.31392
88.314052
88.31416
88.314268
88.314432
88.315816
88.31588
88.31492
88.314984
88.315048
88.315112
88.315176
88.691712
88.707564
88.7078
88.708212
88.709132
88.709952
88.71068
88.710944
88.711376
88.712292
88.712608
88.712768
88.71296
88.713124
88.713472
88.713728
88.713976
88.714136
88.714252
88.71488
88.715968
88.716032
88.716096
88.837092
89.041172
89.317632
89.458412
89.969524
89.969724
90.00938
90.432704
91.001724
91.006816
91.0073
91.007592
91.007712
91.008288
91.0086
91.008704
91.008824
91.008956
91.009116
91.009224
91.009332
91.009488
91.009612
91.00972
91.009828
91.010004
91.010192
91.012076
91.011116
91.01118
91.011244
91.085836
91.35356
91.621344
91.91088
91.948032
92.172584
92.2741
92.372836
92.44024
92.577008
92.664788
92.83826
92.862252
93.027288
93.412224
93.412696
93.413412
93.41394
93.41414
93.414676
93.41484
93.415024
93.4154
93.415504
93.415748
93.415852
93.416016
93.416204
93.416312
93.416416
93.416524
93.416632
93.417492
93.417556
93.41762
93.417684
93.417748
93.59022
93.791068
93.850408
93.869712
93.903312
94.023212
94.122604
94.138148
94.175412
94.200792
94.20136
94.202332
94.204164
94.204788
94.204892
94.205112
94.2055
94.205608
94.207304
94.207596
94.209372
94.209704
94.209868
94.209996
94.210144
94.21036
94.210496
94.210608
94.211244
94.211308
94.211372
94.211436
94.2115
94.586604
94.832832
94.952752
95.257504
95.257764
96.304208
96.575096
96.874324
96.915772
96.916708
96.917152
96.9174
96.917784
96.918012
96.918124
96.918576
96.91868
96.91882
96.919084
96.919224
96.919404
96.919512
96.91962
96.919724
96.919832
96.91994
96.921048
96.921112
96.921176
96.92124
96.921304
97.107076
97.472944
97.623
97.776916
97.778388
97.779232
97.896776
97.952512
97.9529
97.954868
97.95536
97.955908
97.956192
97.9563
97.956624
97.956732
97.95694
97.957048
97.957156
97.957392
97.9575
97.957604
97.957712
97.957872
97.957996
97.959828
97.959896
97.958932
97.958996
97.95906
98.143132
98.214548
98.23418
98.6635
98.727752
98.760648
98.949624
99.235676
99.242576
99.311216
99.356136
99.421048
100.076612
100.076992
100.246812
100.250336
100.251804
100.278756
100.293168
100.293756
100.294844
100.295396
100.295716
100.29694
100.29752
100.298272
100.298492
100.299036
100.299808
100.301668
100.303148
100.304
100.30454
100.306684
100.307056
100.307508
100.307768
100.308284
100.308808
100.309896
100.30996
100.309
100.309064
100.309128
100.309192
100.309256
100.919492
101.130632
101.824548
101.862528
102.078464
102.178632
102.284576
102.40122
102.849144
102.856392
103.010044
103.011372
103.011932
103.012312
103.012472
103.012804
103.01292
103.013212
103.013392
103.01352
103.01364
103.013748
103.01388
103.013984
103.01424
103.01438
103.014572
103.014696
103.01634
103.016404
103.015444
103.015508
103.04898
103.604244
103.79142
104.02438
104.026848
104.2815
104.715196
104.799328
104.892144
104.916988
105.079292
105.080652
105.256732
105.257744
105.257924
105.258048
105.258604
105.258728
105.259144
105.2593
105.259484
105.259664
105.25984
105.259964
105.260068
105.260176
105.260316
105.260464
105.260572
105.26068
105.261992
105.262056
105.261096
105.26116
105.261224
105.261288
105.44916
105.52964
105.537048
105.702968
105.789544
105.794904
105.837904
105.858224
106.001844
106.00206
106.002268
106.00242
106.002824
106.004188
106.004432
106.427676
106.434048
106.569456
106.67158
106.672064
106.721584
106.837096
106.862404
106.923184
106.929712
106.937172
108.002048
108.138456
108.5476
108.892088
109.261228
109.264044
109.441872
109.460212
109.578024
109.795104
109.801576
110.214788
110.215604
110.404028
110.44222
110.494628
110.49598
110.497132
110.497648
110.497796
110.498292
110.4984
110.498572
110.499204
110.499524
110.499696
110.49986
110.499976
110.500084
110.500228
110.500376
110.500492
110.5006
110.500916
110.50098
110.501044
110.501108
110.501172
110.501236
110.815472
111.643632
111.894332
112.202792
112.378124
112.385056
112.59664
112.685664
112.833616
112.833736
112.835712
112.836248
112.836504
112.836636
112.836876
112.837024
112.837172
112.837292
112.837468
112.837752
112.837976
112.838148
112.838256
112.83836
112.838468
112.838576
112.838884
112.838948
112.839012
112.83908
112.83914
113.000252
113.015104
113.405472
113.55734
113.783212
113.885292
113.8882
113.888328
113.888464
113.888644
113.888844
113.889016
113.889156
113.889268
113.889388
113.889568
113.889688
113.889796
113.889948
113.890056
113.89016
113.890268
113.890376
113.891412
113.891476
113.89154
113.891604
114.072184
114.24926
114.757108
114.757332
114.757572
114.757976
114.758168
114.758696
114.758804
114.758912
114.759112
114.75946
114.75958
114.76008
114.760284
114.760428
114.760564
114.760688
114.7608
114.76096
114.762376
114.76244
114.762508
114.762568
114.76336
115.018112
115.061892
115.163732
115.21196
115.36954
115.497236
115.594768
115.722088
115.725928
115.73694
115.776548
116.39984
116.43244
116.964256
116.984704
117.10914
117.159756
117.359872
117.423376
117.912084
118.110076
118.232828
118.323956
118.325196
118.328464
118.658948
118.837752
118.837984
118.838472
118.839328
118.839488
118.839896
118.84018
118.84032
118.840512
118.84074
118.840872
118.841004
118.84112
118.841228
118.841336
118.841444
118.841548
118.841656
118.84302
118.843084
118.843148
118.843212
118.843276
118.892968
119.081836
119.113848
119.258776
119.442068
119.650624
119.66794
119.973748
120.168336
120.2031
120.237596
120.292764
120.32078
120.360908
120.473864
120.657016
120.671576
120.672408
120.67254
120.672764
120.672876
120.672996
120.67338
120.673616
120.67378
120.673888
120.673996
120.674196
120.6743
120.674408
120.674516
120.674624
120.674732
120.674868
120.675816
120.67588
120.675944
120.676008
120.676072
120.676352
120.735
120.849444
120.950604
120.967164
121.088664
121.10394
121.262552
121.41418
121.415716
121.492392
121.74946
121.749568
122.248668
122.249304
122.249892
122.25026
122.25042
122.250528
122.250636
122.250744
122.25094
122.251188
122.251356
122.25152
122.251668
122.251816
122.252036
122.252176
122.2523
122.2524
122.253936
122.254
122.254064
122.254128
122.254192
122.335864
122.437264
122.871928
123.0175
123.186368
123.186568
123.18772
123.188796
123.189104
123.18926
123.190096
123.190244
123.190392
123.19056
123.19068
123.190856
123.190964
123.191072
123.19118
123.191288
123.191448
123.191556
123.19266
123.192724
123.192792
123.192852
123.192916
123.19298
123.898236
124.046632
124.078832
124.34432
124.502992
124.788552
124.907352
125.077024
125.078076
125.078184
125.079808
125.080172
125.080324
125.080576
125.080888
125.080996
125.081104
125.081244
125.081396
125.081592
125.0817
125.081832
125.081972
125.08208
125.082188
125.083312
125.083376
125.08344
125.083504
125.083568
125.255892
125.291088
125.373248
125.458268
125.594616
125.64806
126.284628
126.287616
126.290448
126.425504
126.93844
126.938852
127.223732
127.56108
127.708988
127.926736
128.045288
128.292236
128.940012
128.988548
129.006452
129.007068
129.007756
129.152256
129.200188
129.200668
129.201184
129.464832
129.622592
129.671448
129.710212
129.822552
129.897688
129.97628
129.976644
130.043304
130.06866
130.315356
130.317368
130.320708
130.345448
130.346164
130.346348
130.346596
130.347332
130.34806
130.349352
130.350428
130.351156
130.351328
130.351436
130.351724
130.35204
130.352148
130.35236
130.352604
130.35274
130.352872
130.353076
130.353856
130.35392
130.353984
130.354048
130.354112
130.517844
130.518556
130.735312
130.868248
130.86896
130.869112
130.869596
130.869764
130.872072
130.873948
130.875628
130.87612
130.876336
130.876444
130.876972
130.877092
130.877588
130.878008
130.878196
130.878304
130.878844
130.879016
130.879728
130.879792
130.879856
130.87992
130.879984
131.013368
131.029768
131.224888
131.225708
131.226328
131.226436
131.226568
131.227156
131.22732
131.22746
131.227572
131.22768
131.22798
131.228096
131.228464
131.22886
131.229
131.229252
131.22952
131.229788
131.231184
131.231248
131.231312
131.299068
131.35876
131.482936
131.639012
131.77134
131.772908
131.773688
131.775508
131.776556
131.776824
131.776964
131.777088
131.777308
131.77744
131.777644
131.777796
131.777952
131.778064
131.778212
131.778404
131.778524
131.778716
131.779224
131.78004
131.780104
131.780168
131.780232
132.74424
132.970408
133.182176
133.420884
133.51462
133.515444
133.515836
133.516084
133.516192
133.51798
133.518372
133.518736
133.51898
133.519248
133.519488
133.519696
133.519824
133.520228
133.520372
133.520544
133.52082
133.520936
133.521936
133.522
133.522064
133.522128
133.522192
133.522256
133.765492
133.767532
133.768204
133.768524
133.769228
133.769504
133.769704
133.769888
133.770064
133.770564
133.770924
133.7713
133.771536
133.7719
133.773084
133.773572
133.773976
133.77476
133.775004
133.775936
133.776
133.776064
133.776128
134.240992
134.241944
134.242688
134.300648
134.443724
134.5664
134.583216
135.17688
135.318512
135.32804
135.455396
135.834488
135.839088
136.009612
136.440152
136.441032
136.561988
136.990188
137.033256
137.050648
137.234744
137.234992
137.23622
137.237552
137.237732
137.23784
137.240804
137.241392
137.24168
137.242188
137.242396
137.242676
137.24288
137.243348
137.243484
137.24368
137.243892
137.244012
137.244136
137.245192
137.245256
137.24532
137.245384
137.251536
137.252012
137.64668
138.03356
138.039112
138.040624
138.04166
138.042392
138.042616
138.042756
138.043656
138.044228
138.044468
138.044816
138.045008
138.045152
138.045304
138.045436
138.045568
138.045708
138.04582
138.045952
138.046428
138.046492
138.046556
138.04662
138.046684
138.133152
138.455164
138.458152
138.500332
138.653496
138.819544
139.332744
139.599824
139.601116
139.601588
139.604376
139.604596
139.605244
139.605892
139.60644
139.606648
139.606916
139.607108
139.607844
139.608052
139.60816
139.60828
139.608456
139.608608
139.608724
139.608832
139.609248
139.609312
139.609376
139.60944
139.637944
139.710424
139.795204
139.833064
139.911852
140.127496
140.56824
140.705316
141.296932
141.855096
141.960524
142.13338
142.178992
142.216972
142.74862
142.864884
142.987756
143.086688
143.294448
143.360448
143.364024
143.36418
143.364292
143.364408
143.365056
143.365408
143.365516
143.365624
143.365756
143.365952
143.366456
143.366672
143.3671
143.367232
143.36734
143.367448
143.367556
143.367756
143.368844
143.368908
143.368972
143.36904
143.3691
143.450952
143.988968
143.989508
143.990044
143.992352
143.995852
143.996448
144.311156
144.395208
144.6321
144.942436
144.942924
144.943512
144.943928
144.944224
144.944752
144.945116
144.945276
144.945608
144.945792
144.945948
144.946116
144.946248
144.946356
144.946464
144.946572
144.946692
144.94682
144.9477
144.947764
144.947828
144.947892
145.039988
145.469816
145.528272
145.607264
145.945
145.994816
146.233092
146.234132
146.35308
146.460712
146.46086
146.461632
146.461772
146.462188
146.462336
146.462444
146.4626
146.462708
146.462832
146.46294
146.463064
146.463188
146.463408
146.46354
146.46374
146.463848
146.463956
146.46496
146.465024
146.465088
146.465152
146.742264
146.743284
146.761156
147.167004
147.167712
147.224064
147.441024
147.521568
147.80862
147.940416
148.022096
148.152932
148.266972
148.537844
148.557568
148.57106
148.617872
148.806616
149.18366
149.559124
149.91478
150.222456
150.227744
150.285004
150.293776
150.30704
150.622084
150.622848
150.66994
150.766532
150.95396
151.059584
151.093432
151.255352
151.282488
151.284952
151.28682
151.28872
151.55024
151.609132
151.68112
151.683672
151.684304
151.687068
151.68724
151.687484
151.688124
151.688796
151.688928
151.689076
151.689184
151.6893
151.689444
151.689668
151.689784
151.68996
151.69016
151.690272
151.690444
151.691568
151.691632
151.691696
151.69176
151.691824
151.691888
151.691952
151.713596
152.274132
152.301896
152.37498
152.396484
152.397272
152.400568
152.401104
152.401524
152.401632
152.401736
152.402316
152.403024
152.403228
152.403404
152.403656
152.403844
152.40396
152.404116
152.404352
152.404552
152.404704
152.404856
152.405912
152.405976
152.405016
152.405084
152.437892
152.81296
153.170288
153.400352
153.519772
153.6443
153.747816
153.839724
153.840772
153.957732
154.111528
154.48404
154.654768
154.814408
155.195032
155.207988
155.499636
155.544276
155.545472
155.733128
155.792732
155.799104
155.838876
156.00036
156.123568
156.208304
156.234892
156.331184
156.333332
156.561772
156.636184
156.678928
156.789236
157.030504
157.10252
157.157224
157.157348
157.1606
157.160796
157.161016
157.16126
157.161388
157.161704
157.161824
157.161948
157.162096
157.162284
157.162428
157.162608
157.162736
157.162844
157.162952
157.16306
157.163516
157.16358
157.163644
157.163708
157.163772
157.184568
157.334124
157.59636
158.046296
158.385244
158.387484
158.388
158.388288
158.388396
158.388528
158.38874
158.388864
158.389116
158.389304
158.389572
158.389696
158.389944
158.390076
158.390184
158.390292
158.39042
158.390556
158.391528
158.391592
158.391656
158.39172
158.391784
158.436632
158.48702
158.989832
159.092128
159.2308
159.231052
159.231312
159.231832
159.2322
159.232528
159.232708
159.232884
159.233024
159.233132
159.23324
159.233348
159.233456
159.233564
159.233764
159.233928
159.23406
159.234164
159.236064
159.235104
159.235168
159.235232
159.757604
159.920712
160.228728
160.27944
160.321792
160.369112
160.405496
161.305328
161.38604
161.6934
161.868816
161.978428
162.009764
162.032124
162.129632
162.225764
162.358128
162.359332
162.359896
162.360288
162.36058
162.360772
162.360888
162.36106
162.361356
162.361544
162.36174
162.362044
162.362364
162.362512
162.362656
162.362764
162.362936
162.36306
162.363396
162.36346
162.363524
162.363588
162.363652
162.363716
162.40924
162.527864
162.775092
162.791732
162.793844
162.835012
163.054536
163.105804
163.515328
163.516172
163.516684
163.517256
163.5175
163.519456
163.519692
163.519848
163.520132
163.520296
163.520732
163.521156
163.521264
163.521448
163.52164
163.52186
163.522088
163.522384
163.52264
163.522704
163.522768
163.522832
163.522896
163.52296
163.597252
164.001216
164.00144
164.00256
164.002736
164.003104
164.00368
164.003856
164.003984
164.004144
164.004396
164.004556
164.004936
164.005084
164.00532
164.005432
164.00554
164.005648
164.005752
164.00648
164.006544
164.006608
164.006672
164.46134
164.461724
164.588256
164.589152
164.589364
164.589696
164.591748
164.591864
164.592376
164.592612
164.593064
164.593188
164.594672
164.594928
164.59522
164.595816
164.596268
164.59642
164.596588
164.596708
164.596852
164.598712
164.598776
164.597816
164.59788
164.597944
164.651768
164.684856
164.996876
165.163828
165.47498
165.8864
165.912636
166.077356
166.077876
166.078436
166.078624
166.079068
166.07938
166.079484
166.079656
166.079804
166.08
166.080264
166.080412
166.080536
166.080644
166.080752
166.08086
166.080988
166.081108
166.081596
166.08166
166.081724
166.081788
166.081852
166.081916
166.536072
166.547976
166.648388
166.685076
166.696612
166.70764
166.734056
166.962792
166.964752
167.085652
167.242268
167.565516
167.59218
167.74426
167.823668
167.861912
167.883332
167.896016
167.924944
168.063388
168.301936
168.304208
168.305896
168.307
168.308764
168.311444
168.311744
168.311852
168.312092
168.313636
168.31408
168.314196
168.314304
168.314416
168.314556
168.315032
168.315136
168.3154
168.3156
168.315708
168.31654
168.316604
168.316668
168.316736
168.316796
168.578468
169.161704
169.944288
170.085812
170.453272
170.682724
170.739088
170.918312
170.998316
171.119376
171.119776
171.403952
171.404368
171.404492
171.404796
171.405364
171.405636
171.405968
171.406192
171.406392
171.4067
171.406804
171.40696
171.407152
171.407388
171.407496
171.407616
171.407776
171.4079
171.409216
171.40928
171.409344
171.408384
171.408448
171.660704
171.816952
171.862828
171.885072
171.965804
172.073064
172.15008
172.364952
172.394344
172.865896
173.042472
173.271664
173.342016
173.34514
173.397288
173.453748
173.854948
174.007956
174.009452
174.0133
174.013412
174.01352
174.013628
174.013736
174.013868
174.013976
174.01408
174.014244
174.014428
174.01466
174.014768
174.014948
174.015064
174.015248
174.015388
174.015568
174.01654
174.016604
174.016668
174.016732
174.103132
175.080016
175.20838
175.210728
175.873948
176.102748
176.186452
176.186616
176.18672
176.186836
176.18788
176.188028
176.188264
176.188404
176.188612
176.18872
176.188828
176.188936
176.189148
176.189268
176.189412
176.189556
176.189736
176.189864
176.190696
176.19076
176.190824
176.190888
176.398308
176.71292
176.793452
176.794204
176.868872
176.95754
177.195556
177.196236
177.265676
177.378412
177.381364
177.381728
177.3821
177.382332
177.382448
177.382656
177.382884
177.383004
177.383112
177.38322
177.383344
177.383572
177.38368
177.383788
177.383904
177.384068
177.384176
177.3847
177.384764
177.384828
177.384892
177.656152
177.977192
177.977664
178.009764
178.009904
178.01374
178.196976
178.354316
178.358192
178.663668
178.675452
178.67672
178.67856
178.678768
178.840896
179.26216
179.541256
179.581016
179.657744
179.65804
179.658644
179.65926
179.660092
179.660608
179.661368
179.662312
179.662776
179.662948
179.66336
179.663492
179.663664
179.663824
179.663976
179.66424
179.664344
179.664452
179.665056
179.66512
179.665184
179.665248
179.665312
179.665376
179.724976
179.836424
180.2178
