1.609092
2.502264
2.899632
2.902748
2.902904
2.903188
2.903476
2.903612
2.903808
2.904044
2.904152
2.904724
2.90492
2.905044
2.905204
2.90532
2.905472
2.90558
2.905696
2.905804
2.906948
2.907012
2.907076
2.906116
2.90618
3.714256
4.25876
4.259048
4.261324
4.261384
4.2615
4.261636
4.261852
4.262
4.262148
4.262256
4.262384
4.262492
4.2626
4.262708
4.262816
4.262924
4.263028
4.263136
4.264536
4.2646
4.264664
4.264728
4.354768
4.355028
4.356784
4.3632
4.880448
5.348088
5.42558
8.32246
9.826928
9.828184
10.941356
12.814516
12.815068
12.815432
12.838996
12.839864
12.84014
12.840504
12.84064
12.840756
12.840912
12.841044
12.841152
12.841256
12.841364
12.841472
12.84158
12.841688
12.841796
12.841904
12.842008
12.842148
12.843236
12.8433
12.843364
12.843428
14.266184
15.014052
16.335896
16.745576
16.74628
17.214624
17.531848
17.828676
19.519716
20.228432
20.270416
20.371024
21.775632
22.212104
24.33754
25.156404
25.157204
25.159188
25.159384
25.159624
25.159732
25.15984
25.160612
25.161164
25.161268
25.16146
25.161724
25.161888
25.162068
25.162576
25.162692
25.162808
25.162916
25.163716
25.16378
25.163844
25.163908
26.335216
26.6035
26.989732
28.603036
28.604912
28.604956
28.60502
28.605128
28.605236
28.60534
28.605796
28.606084
28.606232
28.606364
28.606476
28.606624
28.606768
28.606876
28.606984
28.60712
28.607244
28.608184
28.608248
28.608312
28.608376
28.810344
29.362088
30.84358
32.226332
32.650148
33.031672
34.06712
34.06772
40.796432
41.337148
42.647016
44.268444
45.049084
51.362076
51.784368
53.429832
55.532356
55.703088
55.707172
55.711428
55.81254
56.099488
56.09996
56.100144
56.100256
56.100492
56.100648
56.100828
56.100936
56.101044
56.101272
56.101444
56.101572
56.101696
56.101812
56.10194
56.10206
56.102164
56.102636
56.103724
56.103788
56.103852
56.103916
56.102956
56.677696
57.001976
57.039584
57.344908
58.007696
58.317796
58.890452
59.545944
59.70504
60.935196
61.59558
61.88462
62.364224
62.679376
68.0032
70.358044
70.490436
70.49468
70.495108
70.495496
70.496488
70.497028
70.497136
70.497248
70.497504
70.497728
70.497912
70.49802
70.498144
70.498268
70.498396
70.498504
70.498612
70.49872
70.498916
70.499944
70.500008
70.500072
70.500136
71.16974
71.170732
71.171036
71.172268
71.172388
71.172604
71.172968
71.173252
71.173536
71.173784
71.174004
71.174112
71.174436
71.174548
71.174752
71.174988
71.1751
71.175304
71.177056
71.17712
71.177184
71.176224
71.176288
71.653736
73.439288
73.4408
73.4441
73.445328
73.445936
73.44624
73.446376
73.446516
73.446724
73.446896
73.447004
73.44722
73.447328
73.447584
73.447692
73.447796
73.447904
73.4481
73.448208
73.448708
73.448772
73.448836
73.4489
73.448964
73.467364
73.469076
74.139712
74.141784
74.143732
74.143912
74.144312
74.144548
74.14476
74.144948
74.14514
74.145268
74.145804
74.146008
74.146324
74.146432
74.14654
74.146648
74.146944
74.147056
74.147164
74.14812
74.148184
74.148248
74.148312
77.60648
78.40128
79.934612
82.181216
82.18356
82.799224
82.92988
83.351564
89.769488
94.661904
95.035688
95.036076
95.036276
95.0373
95.03754
95.037748
95.037924
95.038304
95.038412
95.03852
95.038628
95.038732
95.03884
95.038948
95.039056
95.039164
95.039272
95.039376
95.039932
95.039996
95.04006
95.040124
95.040188
96.641036
96.6429
96.788772
97.203028
97.314444
97.319276
97.655072
98.076568
98.297152
98.960844
98.964176
99.188124
100.2392
100.239824
100.240064
100.240188
100.240384
100.240488
100.2409
100.241008
100.241116
100.241224
100.241328
100.241436
100.24158
100.241696
100.24184
100.241956
100.242096
100.242352
100.24344
100.24248
100.242544
100.242608
100.242672
100.242736
100.329952
101.497048
102.243864
102.690176
103.135232
104.613976
105.207872
105.208216
105.208888
105.21074
105.21086
105.211172
105.211448
105.211568
105.211756
105.211916
105.212024
105.212132
105.21224
105.212344
105.212552
105.21266
105.212764
105.212872
105.21314
105.213204
105.213268
105.213332
105.213396
105.630376
105.766364
106.1609
106.16136
106.162736
106.163144
106.163412
106.16352
106.163628
106.163928
106.16406
106.164204
106.164344
106.164508
106.164632
106.164768
106.164912
106.165052
106.16516
106.165268
106.167192
106.167256
106.166296
106.16636
106.166424
109.035592
109.748216
110.045716
110.052016
110.05248
110.05274
110.052988
110.053248
110.053356
110.0536
110.05382
110.05398
110.054108
110.054248
110.054356
110.05446
110.0546
110.054708
110.054816
110.054924
110.055168
110.056256
110.05632
110.056384
110.055424
110.055488
110.615384
110.616824
110.87518
111.208396
111.438796
113.05744
113.282444
114.095724
114.09738
114.09826
114.169728
114.170272
114.17038
114.170868
114.171004
114.171584
114.171692
114.1718
114.171916
114.172108
114.172252
114.172468
114.172576
114.172684
114.172792
114.1729
114.173008
114.173116
114.173968
114.174032
114.174096
114.17416
114.174224
117.870236
121.753104
123.268076
123.269572
123.2699
123.27074
123.270848
123.270988
123.271244
123.271476
123.271584
123.271772
123.27194
123.272044
123.272152
123.272264
123.272368
123.272476
123.272584
123.272704
123.27334
123.273404
123.273468
123.273532
123.273596
123.27366
128.091828
128.592884
128.59312
128.596056
128.596608
128.597108
128.597264
128.597372
128.597564
128.597672
128.59778
128.597896
128.598032
128.59814
128.598244
128.598352
128.598484
128.598592
128.5987
128.59918
128.599244
128.599308
128.599372
128.599436
128.600172
128.601844
129.646484
132.607064
134.829348
134.875936
135.20952
135.637564
139.261808
141.93086
141.931576
141.931856
141.932992
141.93324
141.933344
141.933452
141.933588
141.93384
141.933964
141.934172
141.93428
141.934428
141.934556
141.934724
141.934836
141.934976
141.935152
141.936124
141.936188
141.936252
141.936316
141.93638
144.496828
144.49844
144.501084
146.456704
149.497596
149.497992
149.923748
150.00654
150.194784
150.198188
150.200552
150.20066
150.201184
150.201704
150.203092
150.203208
150.203644
150.203752
150.20386
150.204016
150.20428
150.204388
150.204496
150.204644
150.204748
150.204856
150.204976
150.206256
150.20632
150.206384
150.206448
150.205488
150.830836
150.832812
150.83444
150.835236
150.835356
150.835772
150.836048
150.836176
150.836344
150.836512
150.83662
150.836836
150.837092
150.837224
150.837356
150.837464
150.837572
150.837712
150.838152
150.83924
150.83828
150.838344
150.838408
151.80134
152.946104
153.306928
153.353716
156.040192
159.241148
159.241528
159.24166
159.241768
159.241884
159.242208
159.242392
159.242576
159.24282
159.242988
159.243112
159.243216
159.243324
159.243432
159.24354
159.24368
159.243788
159.244304
159.244368
159.244432
159.244496
159.24456
159.244624
159.244688
159.481196
164.298616
164.300612
164.301896
164.302076
164.302268
164.302584
164.3027
164.30304
164.303196
164.303372
164.30348
164.303588
164.303696
164.303804
164.303912
164.304016
164.304124
164.304232
164.304904
164.304968
164.305032
164.305096
164.30516
165.445916
165.459692
165.470484
165.471004
165.471384
165.471608
165.472
165.472216
165.472556
165.472688
165.472976
165.47338
165.4735
165.473732
165.47386
165.473984
165.4741
165.474208
165.474316
165.474424
165.475748
165.475812
165.475876
165.47594
165.71664
165.733716
166.598376
167.2552
168.736576
168.7367
168.73882
168.74018
168.740324
168.740468
168.740676
168.740784
168.740948
168.741188
168.741364
168.741492
168.741604
168.741736
168.741868
168.742048
168.742228
168.742336
168.743884
168.742924
168.742988
168.743052
168.743116
169.509828
170.186032
170.210132
170.211172
170.2115
170.211612
170.211964
170.212236
170.21242
170.212528
170.212776
170.212984
170.213092
170.2132
170.213308
170.21344
170.21356
170.213668
170.213776
170.213884
170.2154
170.21444
170.214504
170.214568
170.214632
170.214696
170.624964
170.820712
172.635976
172.638356
175.801408
176.330956
178.505104
179.04112
181.21038
