0.173492
0.334108
0.949328
1.048528
2.325692
3.093216
3.093476
4.673332
6.211004
6.640896
6.729564
7.562852
9.090924
9.513496
9.517508
9.520572
9.562164
9.697948
11.123908
12.178632
15.456224
15.780868
15.992352
15.993584
15.994228
15.99464
15.994908
15.995032
15.9957
15.996388
15.996692
15.996856
15.99704
15.997404
15.997632
15.99784
15.997972
15.99814
15.998248
15.998356
15.99966
15.999724
15.999788
15.999852
16.068912
16.085308
18.039444
18.641836
18.642164
18.64242
18.643344
18.643552
18.643912
18.64402
18.644136
18.6443
18.644404
18.644512
18.644684
18.644796
18.644904
18.645012
18.64512
18.645332
18.645516
18.646072
18.646136
18.6462
18.646264
18.646328
19.269696
19.293364
22.435548
22.435832
23.625652
23.769428
23.769652
23.770208
23.771092
23.771524
23.773672
23.773756
23.774028
23.774136
23.774252
23.774408
23.774528
23.774672
23.774856
23.774964
23.775096
23.775204
23.775312
23.77686
23.776924
23.776988
23.777052
23.777116
24.411956
24.419476
24.420008
26.397088
26.671932
26.673292
26.761712
27.712132
29.758564
30.12354
30.142296
31.041604
32.235644
33.914224
34.505772
34.506388
34.506576
34.507264
34.507452
34.507628
34.507748
34.507884
34.508128
34.50834
34.508452
34.508668
34.508832
34.50894
34.509048
34.509172
34.509328
34.509436
34.510016
34.51008
34.510144
34.510208
34.896296
34.89728
35.220136
35.464176
35.570072
36.306152
36.507228
37.553832
37.55416
37.554388
37.554876
37.555144
37.555252
37.555532
37.555644
37.556032
37.55614
37.556564
37.55686
37.557
37.557108
37.557276
37.557436
37.557568
37.55776
37.5591
37.559164
37.559228
37.558268
38.422784
38.874856
39.602928
40.283852
40.28452
40.61694
40.981428
41.801348
42.115716
42.425496
42.861296
42.889688
44.037664
45.403964
45.40448
45.405584
45.4059
45.406232
45.406408
45.40672
45.406856
45.407068
45.407196
45.407308
45.407444
45.407552
45.407724
45.4079
45.408008
45.408156
45.408304
45.410256
45.409296
45.40936
45.409424
45.409488
46.422796
46.488512
47.775012
48.010328
48.01298
48.20356
48.72674
49.743936
50.241
50.657728
50.945948
51.13232
51.189684
51.201084
51.589084
52.089752
52.089932
52.090304
52.090648
52.09094
52.091112
52.091352
52.091668
52.091888
52.092156
52.092396
52.092504
52.092616
52.092772
52.092912
52.09302
52.093144
52.0933
52.093996
52.09406
52.094124
53.340744
53.342164
53.96042
54.540804
57.721156
58.545836
58.97846
59.158808
61.328968
61.330272
61.33076
61.331268
61.331572
61.332016
61.333644
61.33394
61.334124
61.334256
61.33464
61.33476
61.334868
61.334976
61.335256
61.335428
61.335616
61.335724
61.336288
61.337376
61.33744
61.337504
61.34022
61.649688
61.757
63.078216
63.300084
63.499564
63.608796
63.60924
63.609348
63.609852
63.610128
63.610268
63.610392
63.610496
63.610604
63.611152
63.611276
63.6114
63.611964
63.61222
63.61238
63.61256
63.612668
63.612808
63.61304
63.613104
63.613168
64.3177
64.9759
65.98536
66.139472
66.140532
66.142416
66.142604
66.142924
66.143524
66.143852
66.144052
66.144156
66.144288
66.144396
66.144904
66.145032
66.145184
66.145292
66.145476
66.145652
66.145764
66.146788
66.146852
66.146916
66.14698
66.147044
66.147108
66.61656
66.740216
66.747428
66.7478
67.97394
68.035192
68.474744
69.821804
69.823924
70.949732
71.106628
71.108324
71.4292
71.956928
74.15586
74.156092
74.163736
74.7308
74.733492
74.734024
74.734408
74.734592
74.735908
74.736488
74.736964
74.740072
74.740248
74.741068
74.7413
74.741492
74.741612
74.741812
74.742096
74.742276
74.74238
74.742576
74.742816
74.744392
74.744456
74.74452
74.744584
74.744648
75.162
75.976256
75.978664
76.363004
77.773876
77.774276
78.236592
79.947908
80.102704
80.443676
80.587064
80.590692
80.591572
80.59168
80.591784
80.592064
80.59246
80.5937
80.595584
80.596464
80.596908
80.597084
80.597276
80.597548
80.597656
80.597764
80.598264
80.598472
80.598868
80.5992
80.600656
80.600716
80.60078
80.600848
81.095496
82.7162
82.716324
82.778164
83.011712
83.061084
83.116744
83.635996
84.483824
84.500028
84.502432
85.132572
85.914536
88.716876
91.383408
92.298644
93.714048
93.714788
93.714896
93.715096
93.717428
93.7224
93.999988
94.698668
96.2919
96.512544
96.513248
96.514232
96.514392
96.515
96.515292
96.515584
96.515696
96.515804
96.515912
96.516056
96.516188
96.516304
96.516412
96.51652
96.516688
96.516792
96.516912
96.517804
96.517868
96.517932
96.517996
96.51806
96.692276
98.312916
99.701044
99.70228
99.70244
99.703504
99.703652
99.704308
99.704416
99.704576
99.70472
99.704904
99.705008
99.705116
99.705288
99.705648
99.705804
99.705912
99.70608
99.706188
99.707332
99.707396
99.70746
99.707524
99.707588
99.707652
100.349228
103.553144
103.553964
103.554176
103.556976
103.557136
103.558168
103.558404
103.558688
103.558952
103.559072
103.559228
103.55936
103.559492
103.559604
103.559708
103.55984
103.559984
103.560152
103.56046
103.560524
103.560588
103.560652
103.560716
103.56078
103.646412
104.249224
105.984368
106.479056
106.479844
106.480296
106.480468
106.480812
106.480948
106.481132
106.481352
106.481496
106.481648
106.481888
106.482008
106.482116
106.482308
106.482512
106.48266
106.482772
106.48288
106.484316
106.48438
106.484444
106.484508
106.623928
107.511276
107.514864
108.113752
111.8498
113.844112
113.985964
113.990788
113.990908
113.991228
113.991336
113.99162
113.991748
113.991944
113.992064
113.992224
113.992384
113.992492
113.9926
113.992724
113.992832
113.99304
113.993268
113.993432
113.993944
113.994008
113.994072
113.994136
113.9942
113.994264
114.366968
115.361944
115.475824
115.775972
116.331208
116.837436
119.054632
119.718236
120.2207
120.221164
120.221296
120.222376
120.222512
120.222824
120.2231
120.223288
120.223504
120.223872
120.224008
120.224216
120.224428
120.224668
120.22478
120.224932
120.22504
120.225148
120.225972
120.226036
120.2261
120.226164
120.226228
120.475184
121.304268
121.915596
122.4231
122.423976
122.424776
122.425088
122.425196
122.426232
122.42688
122.42716
122.427872
122.428044
122.428256
122.428408
122.428832
122.428984
122.429092
122.4292
122.429308
122.429416
122.430412
122.429452
122.429516
122.42958
122.429644
122.429708
122.756824
123.405596
123.529076
123.672892
124.420528
126.417104
126.576984
126.834964
127.250692
127.384908
127.38514
127.641244
127.678616
128.147248
129.982324
132.11246
132.196176
135.575568
135.57828
135.578472
135.578656
135.578792
135.578928
135.579056
135.579228
135.5794
135.579508
135.579668
135.579808
135.579916
135.580024
135.580132
135.580236
135.580384
135.580512
135.580828
135.580892
135.580956
135.58102
136.518704
139.273952
139.967188
140.667844
142.45958
144.41734
144.911848
146.514536
146.516232
150.42186
151.2167
151.216972
151.219224
151.219804
151.220928
151.221176
151.221832
151.222084
151.222272
151.22238
151.2225
151.22262
151.222764
151.222876
151.222992
151.223108
151.223316
151.223424
151.224016
151.225104
151.225168
151.225232
151.225296
151.456588
151.940372
154.040204
154.715056
156.352784
157.165856
159.108908
159.454696
159.899852
160.272876
160.800988
161.075612
161.6104
163.161816
163.162072
163.17296
163.173388
163.194812
163.647436
165.292372
165.978892
165.979
166.40948
166.410788
166.475644
169.598752
170.273124
170.36834
171.533592
171.534348
171.999448
172.580984
172.930436
173.662108
173.662268
173.66554
173.666704
173.66764
173.668128
173.668312
173.668784
173.66908
173.669188
173.669304
173.669436
173.669552
173.66986
173.66998
173.6701
173.67022
173.670344
173.670452
173.671532
173.671596
173.67166
173.671724
173.671788
173.711968
178.014396
178.101144
178.67792
179.169644
179.199244
179.246664
181.623692
