0.984392
4.562232
5.045492
6.266116
8.858236
10.292792
10.562488
10.564112
10.78034
10.82348
13.021736
13.783704
15.02112
15.022448
15.022852
15.02614
15.02638
15.026512
15.026928
15.027348
15.027456
15.027612
15.027836
15.028184
15.028352
15.028532
15.02866
15.028768
15.028872
15.02898
15.029088
15.02952
15.029584
15.029648
15.029712
16.520032
17.87244
18.31448
19.064224
19.064896
19.06508
19.065372
19.065612
19.06572
19.065828
19.065968
19.066144
19.066256
19.066452
19.066696
19.066804
19.066912
19.06702
19.067148
19.067256
19.067376
19.068464
19.068528
19.068592
19.068656
21.021572
21.022596
21.023336
21.025124
21.026036
21.026172
21.027208
21.027352
21.027516
21.027636
21.028096
21.028388
21.02854
21.0287
21.028836
21.029052
21.02916
21.029268
21.029376
21.03028
21.030344
21.030408
21.689024
23.458276
24.384276
29.021336
29.0224
29.718404
33.641132
33.643424
34.223756
34.502384
34.728108
34.7308
38.325056
38.534356
40.674668
40.678076
44.666784
45.960672
46.253964
49.764668
49.765744
49.767744
49.768352
49.76852
49.768644
49.768956
49.769388
49.770704
49.770912
49.771272
49.771416
49.771532
49.771732
49.771856
49.772284
49.772472
49.7726
49.772756
49.7741
49.774164
49.774228
49.774292
49.774356
49.791928
50.940956
51.669304
51.974464
61.268848
62.154504
63.125636
64.666936
69.34518
69.345904
69.3469
70.159468
72.378104
73.79182
74.08548
74.12774
74.276524
75.381308
75.383236
77.218044
77.2184
78.714424
78.87866
78.87974
78.888108
78.889748
78.959768
79.2941
80.23848
81.943276
83.296168
87.328652
88.205192
91.916508
94.196732
94.322988
94.323608
94.323868
94.324052
94.324196
94.324304
94.324444
94.324584
94.324856
94.32498
94.325204
94.325404
94.325512
94.325736
94.32592
94.326036
94.326172
94.326296
94.327236
94.3273
94.327364
94.327428
94.327492
94.327556
94.597704
95.024108
95.024972
95.025788
95.026
95.026136
95.026248
95.026536
95.026672
95.027244
95.027368
95.027672
95.027828
95.02794
95.028204
95.028392
95.028508
95.028656
95.028784
95.02938
95.029444
95.029508
95.029572
95.289988
95.540728
96.747556
97.515336
97.51786
97.518972
97.520728
97.520932
97.521308
97.52158
97.521828
97.52214
97.522288
97.522468
97.522576
97.522776
97.523188
97.52332
97.524072
97.524224
97.524348
97.524452
97.524768
97.524832
97.524896
97.52496
97.525024
97.525088
101.201492
102.768332
102.769624
102.770044
102.952
104.159288
104.598848
105.731664
105.735784
108.135776
109.759356
112.085504
114.631208
115.233612
115.526108
115.527288
115.52762
115.527952
115.52826
115.528548
115.528804
115.528968
115.5291
115.529568
115.52968
115.529932
115.53004
115.53018
115.530456
115.530712
115.530856
115.531084
115.532396
115.53246
115.532524
115.532588
115.532652
116.065716
117.12918
117.495352
119.329104
119.329304
119.330952
119.331116
119.331512
119.33176
119.331904
119.332072
119.332552
119.33338
119.333488
119.333684
119.333832
119.334016
119.334164
119.33428
119.334408
119.33454
119.335388
119.335452
119.335516
119.33558
119.335644
119.844004
120.545836
121.105896
123.085632
123.090468
123.694828
124.787236
124.991892
127.03688
129.439588
129.44562
129.746416
131.167152
134.280588
134.489696
134.489844
134.492204
134.495248
136.431256
136.636688
139.17614
139.176272
139.177968
140.539376
140.991124
143.21818
150.4554
152.400272
153.367376
154.038428
154.041696
154.88246
156.595636
157.177276
158.062912
160.24976
160.250676
160.2508
160.251516
160.251628
160.251736
160.251876
160.251992
160.252324
160.252528
160.252696
160.252824
160.252964
160.253272
160.25338
160.253488
160.253596
160.253712
160.254008
160.254072
160.254136
160.367444
161.312044
162.704268
163.410852
164.19368
164.800176
168.633828
168.637148
168.63784
168.638764
168.638872
168.639168
168.63962
168.63986
168.64008
168.640296
168.640428
168.640536
168.640676
168.64082
168.640984
168.64116
168.641268
168.64138
168.641564
168.643252
168.643316
168.64338
168.643444
168.643508
168.643572
173.334756
175.48966
176.34512
177.663848
177.664744
177.666064
177.666464
177.666884
177.667084
177.667432
177.66806
177.668212
177.668564
177.668772
177.66888
177.669036
177.669148
177.669252
177.66936
177.6699
177.670068
177.670144
177.670208
177.670272
177.670336
177.6704
181.68002
