0.185332
0.37872
1.354736
7.54418
9.666024
9.666292
9.666404
9.666676
9.667244
9.66764
9.667796
9.667928
9.668056
9.668232
9.66834
9.668448
9.66856
9.668696
9.668804
9.669176
9.669304
9.669568
9.670264
9.670328
9.670392
9.670456
9.67052
10.206032
13.225752
13.53272
13.926784
18.73574
19.3932
19.395404
21.183232
21.184076
21.18478
21.184968
21.185572
21.185736
21.186208
21.186384
21.186656
21.186792
21.187196
21.18742
21.187824
21.187936
21.188164
21.188276
21.188488
21.188628
21.19054
21.190608
21.189644
21.189708
21.189772
21.18984
21.196176
21.66944
25.699228
26.124472
26.130084
26.1317
26.132988
26.133108
26.134052
26.134476
26.13508
26.13526
26.135532
26.135636
26.135744
26.135852
26.136224
26.136392
26.13658
26.136688
26.136956
26.13708
26.137392
26.13848
26.138544
26.138608
26.137648
26.142792
26.643536
27.598832
27.628628
34.289592
34.789668
34.789992
34.790312
34.7905
34.790868
34.791068
34.791436
34.791576
34.791916
34.792024
34.792132
34.792236
34.792344
34.7925
34.792628
34.792736
34.792844
34.792952
34.79392
34.79398
34.794048
34.794108
38.563996
38.733196
42.722276
42.72246
47.70556
50.120424
50.647988
50.64974
50.649892
50.650064
50.650256
50.650376
50.650484
50.650592
50.65072
50.650868
50.65098
50.651088
50.651196
50.651376
50.651484
50.651588
50.651696
50.651804
50.65296
50.653024
50.653088
50.653152
51.860984
52.168216
52.169244
52.169744
54.868708
55.481912
56.303256
56.3724
58.51672
62.82562
66.623944
67.604808
68.345664
69.530976
72.175144
72.425624
73.334636
73.335236
73.335864
73.336408
73.336644
73.33678
73.33694
73.337076
73.337184
73.337292
73.3374
73.337508
73.337632
73.3378
73.33794
73.338048
73.338152
73.33826
73.338876
73.33894
73.339004
73.339068
78.246
78.248992
80.888012
82.91446
84.343348
87.60736
87.825884
89.051188
89.8143
89.81504
90.302696
91.392664
95.563028
95.627188
96.856024
97.217612
97.905796
100.764736
102.994788
103.001228
103.187752
103.504828
103.604
104.885
104.88526
104.88626
104.887484
107.189864
110.33504
110.937744
111.054268
113.873128
114.898776
115.903372
117.753452
117.753652
117.754384
117.754712
117.754892
117.75518
117.755288
117.755552
117.755752
117.755964
117.756072
117.756188
117.756296
117.756404
117.756568
117.756676
117.756784
117.756888
117.7577
117.757764
117.757828
117.757892
117.756932
118.032144
120.538444
123.235608
123.419108
123.42006
123.42024
123.420392
123.4205
123.420816
123.421032
123.421448
123.421556
123.421756
123.421936
123.422208
123.422628
123.42292
123.423032
123.42314
123.423344
123.423488
123.424368
123.424432
123.424496
123.42456
125.918592
129.083256
129.086128
129.925328
131.896736
132.8122
132.870844
133.76342
134.066892
139.757256
139.758556
139.759692
139.76026
139.760444
139.760592
139.760768
139.760892
139.76106
139.761224
139.761384
139.761492
139.761616
139.761812
139.762112
139.76226
139.762368
139.762476
139.763556
139.76362
139.763684
139.762724
139.762788
140.190188
142.77998
142.781236
142.78136
142.782732
142.783192
142.7833
142.784016
142.785008
142.785232
142.785356
142.785512
142.785628
142.785788
142.785944
142.786072
142.786184
142.786292
142.786412
142.787288
142.787352
142.787416
142.78748
142.787544
148.145688
148.406064
149.447728
149.953124
152.177596
152.353604
152.743736
152.746292
154.45744
154.621868
157.91282
157.915888
157.919056
160.176128
160.4094
160.409936
160.41024
160.41118
160.411328
160.411436
160.41166
160.411792
160.41192
160.41226
160.4124
160.412656
160.412856
160.412968
160.413096
160.413212
160.413348
160.413492
160.414672
160.413708
160.413772
160.413836
160.413904
162.180364
167.135936
170.827056
170.91494
170.91524
171.404768
173.530904
173.53196
174.360592
174.361516
174.362104
174.36324
174.363684
174.363816
174.364084
174.36426
174.364372
174.36448
174.364588
174.364692
174.364828
174.365024
174.36518
174.365284
174.365408
174.365656
174.365864
174.365928
174.365992
174.366056
174.36612
176.049992
177.388244
183.2204
