0.3794
0.3795
0.426772
0.426872
0.50598
0.50608
0.50864
0.50874
0.509348
0.509448
0.512564
0.512664
0.512708
0.512772
0.513112
0.513212
0.517804
0.517904
0.518208
0.518308
0.518504
0.5186
0.518712
0.518812
0.519572
0.519636
0.5197
0.519764
0.519828
0.519892
0.680872
0.680972
0.681188
0.681288
0.682088
0.682188
0.682248
0.682348
0.682512
0.682612
0.682656
0.682728
0.683724
0.683824
0.684396
0.684496
0.684824
0.684924
0.685112
0.685176
0.68524
0.685304
0.727208
0.727308
0.985724
0.985824
0.987468
0.987568
1.065884
1.065984
1.085924
1.086024
1.205268
1.205368
1.466652
1.466752
1.700636
1.700736
1.729352
1.729452
1.742776
1.742876
2.132608
2.132708
2.199916
2.200016
2.20046
2.20056
2.20118
2.20128
2.201412
2.201512
2.201556
2.201656
2.201696
2.201784
2.201824
2.201888
2.201932
2.201996
2.20204
2.203068
2.203132
2.203196
2.20326
2.203324
2.203388
2.219416
2.219516
2.425788
2.425888
2.52886
2.52896
2.539928
2.540028
2.54396
2.544004
2.544096
2.544572
2.544672
2.544936
2.545036
2.545116
2.545216
2.545464
2.545564
2.545808
2.545908
2.546032
2.546132
2.546176
2.546252
2.54724
2.547304
2.547368
2.602232
2.602332
2.928304
2.928404
2.9295
2.9296
2.930004
2.930104
2.93072
2.93082
2.931452
2.931548
2.93184
2.93194
2.932716
2.932816
2.93286
2.932924
2.932964
2.933028
2.934592
2.934656
2.93472
2.93376
3.08802
3.08812
3.18588
3.185976
3.186684
3.186784
3.292532
3.292632
3.304936
3.305036
3.35074
3.35084
3.420556
3.420656
3.588996
3.589096
4.082464
4.082564
4.304572
4.304672
4.343352
4.343452
4.343496
4.34358
4.34396
4.34406
4.344224
4.344324
4.34448
4.34458
4.344628
4.344728
4.345128
4.345228
4.345312
4.345412
4.345644
4.346512
4.346576
4.34664
4.346704
4.346768
4.346832
4.437544
4.437644
4.48232
4.48242
4.547792
4.547892
4.636264
4.636364
4.688436
4.688532
4.768168
4.768268
4.7829
4.783
4.831444
4.831544
4.901724
4.901824
4.947464
4.947564
4.952704
4.952804
4.954268
4.95454
4.95464
4.954748
4.954844
4.955572
4.955672
4.956016
4.956116
4.95616
4.956244
4.956368
4.956468
4.9566
4.9567
4.95748
4.957544
4.957608
4.957672
5.272704
5.2728
5.332652
5.332752
5.382076
5.382176
5.497948
5.498048
5.51178
5.511876
5.517996
5.518096
5.51838
5.518476
5.518676
5.518776
5.519732
5.519832
5.563224
5.563324
5.672232
5.672332
5.674436
5.674536
5.77148
5.77158
6.101224
6.101324
6.101768
6.101868
6.19284
6.19294
6.327616
6.327716
6.415488
6.415584
6.501052
6.501152
6.5133
6.5134
6.574684
6.57478
6.609044
6.609144
6.947148
6.947244
6.95272
6.95282
6.95288
6.95298
6.953456
6.953556
6.9536
6.953668
6.954552
6.954652
6.954696
6.95476
6.955128
6.955228
6.95556
6.955664
6.95578
6.956572
6.956636
6.9567
6.956764
7.136108
7.136208
7.231928
7.232028
7.25504
7.25514
7.324016
7.324112
7.40002
7.40012
7.459876
7.459976
7.713448
7.713548
7.730152
7.730252
7.768172
7.768272
7.8831
7.8832
8.107344
8.107444
8.204624
8.204724
8.208088
8.208188
8.209364
8.209464
8.209508
8.2096
8.209644
8.209708
8.20992
8.21002
8.210188
8.210288
8.210332
8.210404
8.210452
8.210512
8.21194
8.212004
8.212072
8.212132
8.212196
8.290192
8.290632
8.290732
8.29134
8.291436
8.29176
8.29186
8.292228
8.292328
8.293152
8.293252
8.295736
8.295832
8.29816
8.29826
8.301472
8.30158
8.30552
8.30562
8.409388
8.409488
8.4098
8.4099
8.410772
8.410872
8.411356
8.411456
8.4115
8.411588
8.41204
8.41214
8.4123
8.4124
8.412688
8.412788
8.412964
8.413064
8.413624
8.413688
8.413752
8.476292
8.476392
8.477152
8.477252
8.47886
8.47896
8.481288
8.481384
8.544416
8.544516
8.984096
8.984196
9.139456
9.139556
9.324148
9.324248
9.39014
9.39024
9.611712
9.611812
9.757812
9.757912
9.954584
9.954684
10.001328
10.001428
10.076284
10.076384
10.12046
10.12056
10.20118
10.20128
10.599096
10.599196
10.767504
10.767604
10.76792
10.76802
10.76828
10.76838
10.768424
10.7685
10.769512
10.769616
10.76966
10.769752
10.769956
10.770056
10.7701
10.770164
10.770208
10.77066
10.770724
10.770788
10.770852
10.770916
10.90886
10.90896
10.911128
10.911228
10.911864
10.911964
10.912768
10.9131
10.9132
10.915812
10.915912
10.917888
10.917988
11.041556
11.041656
11.099156
11.099256
11.283404
11.283504
11.284112
11.284212
11.289284
11.289384
11.314048
11.314148
11.389884
11.389984
11.390704
11.390804
11.391528
11.391628
11.392024
11.392124
11.392236
11.392336
11.392868
11.392968
11.393168
11.393268
11.393376
11.393476
11.39352
11.393584
11.394124
11.394188
11.394252
11.394316
11.482364
11.482464
11.631752
11.631848
11.63232
11.63242
11.632544
11.632644
11.632888
11.632988
11.642632
11.642732
11.728204
11.728304
11.79548
11.79558
11.799228
11.799328
11.799368
11.799468
11.831332
11.831432
11.881276
11.881376
11.9042
11.9043
11.967856
11.967956
12.125904
12.126208
12.126308
12.127708
12.127808
12.128048
12.128148
12.128192
12.128268
12.128452
12.128548
12.128592
12.128656
12.12882
12.128916
12.12896
12.129024
12.129196
12.130152
12.130216
12.13028
12.12932
12.233192
12.233292
12.47546
12.475556
12.539664
12.539764
12.67524
12.675336
12.764064
12.764172
12.76474
12.76484
12.768432
12.768536
12.77576
12.77586
12.937076
12.937176
12.947156
12.947256
12.993004
12.993104
13.012236
13.012336
13.220476
13.220576
13.491716
13.491816
13.551584
13.55168
13.55212
13.55222
13.554224
13.554324
13.55438
13.55448
13.555212
13.555312
13.555516
13.555616
13.556428
13.556528
13.556668
13.556764
13.556808
13.556872
13.557872
13.557936
13.558
13.558064
13.558772
13.559216
13.668252
13.668352
13.66898
13.66908
13.669212
13.669312
13.6695
13.669596
13.671832
13.671932
13.672772
13.672872
13.67372
13.67382
13.674164
13.674264
13.674508
13.674608
13.675572
13.675636
13.731752
13.731852
13.86084
13.86094
13.99972
13.99982
14.132076
14.132176
14.2036
14.2037
14.239772
14.239872
14.352428
14.352528
14.355928
14.356024
14.357376
14.357476
14.358356
14.358456
14.358612
14.358712
14.358764
14.35886
14.358904
14.358968
14.359012
14.359076
14.35912
14.359184
14.359744
14.359808
14.359872
14.359936
14.36
14.435236
14.43534
14.52418
14.524276
14.538036
14.538136
14.639424
14.63952
14.835112
14.835212
14.927244
14.927344
15.113328
15.113428
15.145572
15.145672
15.503004
15.503104
15.623936
15.62404
15.69886
15.69896
15.703264
15.703364
15.704492
15.704592
15.743
15.7431
15.787236
15.787336
15.78808
15.78818
15.788268
15.788364
15.78852
15.78862
15.788664
15.788756
15.788924
15.789024
15.789092
15.789192
15.789236
15.7893
15.789344
15.790396
15.79046
15.790524
15.790588
15.790652
15.790716
15.791268
15.792892
15.842344
15.842444
16.088948
16.089048
16.228168
16.228268
16.295932
16.296036
16.368216
16.368316
16.46842
16.46852
16.471356
16.57318
16.581876
16.581976
16.661404
16.661504
16.70958
16.70968
16.750904
16.751004
16.795008
16.795108
16.7964
16.7965
16.819976
16.820076
16.903736
16.903836
17.267636
17.267732
17.324844
17.324944
17.36296
17.36306
17.407132
17.407232
17.443956
17.444056
17.447252
17.447348
17.448456
17.448556
17.449788
17.449888
17.450208
17.450308
17.450428
17.450528
17.450788
17.450888
17.450996
17.451096
17.451248
17.451348
17.451392
17.45236
17.452424
17.452488
17.452552
17.452616
17.45268
17.536796
17.536896
17.89254
17.89264
17.980796
17.980896
18.286076
18.286176
18.361676
18.361776
18.36432
18.364428
18.365736
18.365836
18.366104
18.3662
18.366364
18.366464
18.366572
18.366672
18.366732
18.366832
18.367132
18.367232
18.36742
18.36752
18.368996
18.36906
18.369124
18.369188
18.369252
18.607552
18.607652
18.62604
18.62614
18.628392
18.628492
18.631976
18.632072
18.63238
18.63248
18.739816
18.739916
18.876432
18.876532
18.877072
18.877172
18.880688
18.880788
18.880872
18.880972
18.881088
18.881188
18.88136
18.88146
18.881888
18.881988
18.882032
18.882096
18.882468
18.882572
18.883748
18.883812
18.883876
18.88394
18.884004
19.12616
19.12626
19.137712
19.137812
19.246024
19.246124
19.272412
19.272512
19.274768
19.274868
19.351632
19.351732
19.352644
19.352744
19.38278
19.38288
19.383276
19.383376
19.398708
19.398808
19.405724
19.405824
19.548128
19.548228
19.840652
19.840752
19.842384
19.842484
19.842536
19.842636
19.842956
19.843056
19.8431
19.843164
19.843724
19.843828
19.843868
19.843932
19.843984
19.844084
19.844136
19.844228
19.84592
19.845984
19.846048
19.846112
19.845152
19.850076
19.850176
19.868584
19.868684
19.875328
19.875428
19.87648
19.87658
19.880496
19.880592
19.926096
19.926196
19.927484
19.92758
20.163452
20.163552
20.164324
20.164424
20.165108
20.165208
20.16808
20.16818
20.168276
20.168376
20.168684
20.168776
20.16898
20.16908
20.16924
20.16934
20.169384
20.169452
20.169744
20.169808
20.169872
20.169936
20.17
20.170064
20.274532
20.274628
20.277076
20.277176
20.278024
20.278124
20.278776
20.278876
20.279156
20.279256
20.279612
20.279712
20.27992
20.28002
20.280064
20.280156
20.280228
20.280332
20.28184
20.28512
20.286064
20.410904
20.417984
20.418084
20.42092
20.42102
20.64318
20.643276
20.691792
20.691892
20.786956
20.787056
20.788096
20.788196
21.019672
21.019772
21.022452
21.022552
21.213048
21.213148
21.263576
21.263676
21.2638
21.263896
21.264068
21.264168
21.26664
21.266736
21.266924
21.267024
21.267676
21.267772
21.268364
21.268464
21.26882
21.26892
21.26926
21.26936
21.269872
21.269936
21.27
21.270064
21.270128
21.594336
21.594436
21.80196
21.80206
21.908136
21.908236
22.15
22.1501
22.278776
22.278876
22.2799
22.28
22.283332
22.283432
22.283772
22.283872
22.283956
22.284056
22.2851
22.2852
22.285488
22.285588
22.288248
22.288344
22.288392
22.28846
22.289204
22.290248
22.290312
22.290376
22.289416
22.28948
22.289544
22.289608
22.381248
22.381348
22.421524
22.421624
22.570392
22.570492
22.616968
22.617068
22.674868
22.674968
22.854912
22.855012
22.870124
22.870224
23.055312
23.055412
23.06152
23.06162
23.063596
23.063696
23.164008
23.164108
23.164148
23.164232
23.164416
23.164516
23.165312
23.165412
23.16546
23.16556
23.165632
23.165732
23.165776
23.16584
23.165932
23.166032
23.166144
23.167164
23.167228
23.167292
23.167356
23.16742
23.171504
23.171644
23.296784
23.296884
23.389568
23.389668
23.645076
23.869328
23.869428
23.871444
23.87154
23.911996
23.912096
23.930488
23.930588
23.931352
23.931452
24.10432
24.10442
24.130204
24.130304
24.37904
24.37914
24.428192
24.428288
24.554608
24.554708
24.555652
24.555752
24.555856
24.555956
24.556172
24.556272
24.55644
24.55654
24.556968
24.557068
24.557272
24.557372
24.557452
24.557552
24.55768
24.55778
24.558852
24.558916
24.55898
24.559044
24.654616
24.655556
24.655656
24.665476
24.665572
24.666608
24.666708
24.667644
24.667744
24.668008
24.668108
24.668348
24.668448
24.66862
24.66872
24.668812
24.668912
24.669612
24.669712
24.671152
24.671252
24.67236
24.80718
24.80728
24.80746
24.80756
24.813076
24.813176
24.813644
24.81374
24.814196
24.8143
24.814452
24.814552
24.814908
24.815008
24.897884
24.897984
24.986604
24.986704
24.987632
24.987732
24.988372
24.988472
24.988528
24.988628
24.989192
24.989292
24.989372
24.989472
24.989756
24.989856
24.9899
24.989988
24.990164
24.990264
24.990844
24.990908
24.990972
24.991036
24.991476
24.992188
25.20152
25.20162
25.2966
25.296696
25.389128
25.389228
25.492168
25.492268
25.607988
25.608088
25.684744
25.684844
25.684916
25.685016
25.68506
25.685128
25.68556
25.68566
25.686104
25.686204
25.686476
25.686576
25.686616
25.6867
25.686832
25.686932
25.686976
25.687904
25.687968
25.688032
25.687072
25.687136
25.775548
25.775648
25.831804
25.831904
25.880444
25.880544
25.90306
25.90316
25.940604
25.940704
25.946188
25.946288
25.947988
25.948088
25.952236
25.952336
25.95238
25.952456
25.954728
25.954828
25.95518
25.95528
25.95744
25.95754
25.972356
25.972456
26.160392
26.160492
26.191328
26.191428
26.260448
26.260548
26.273508
26.273608
26.276556
26.27666
26.276704
26.276804
26.277096
26.277196
26.277356
26.277456
26.282604
26.282708
26.284972
26.285072
26.285456
26.285556
26.28564
26.28574
26.28692
26.28702
26.28812
26.28716
26.287224
26.287288
26.287352
26.349908
26.350008
26.470236
26.470336
26.671904
26.672004
26.8106
26.8107
26.812904
26.813004
26.813232
26.813332
26.813452
26.813548
26.81508
26.81518
26.815804
26.815904
26.815948
26.816028
26.816428
26.816528
26.816612
26.816712
26.81792
26.817984
26.818048
26.818112
26.818176
26.81824
26.82686
26.82696
26.927616
26.927716
26.937988
26.938088
26.94218
26.94228
27.0548
27.0549
27.118316
27.118416
27.383088
27.417512
27.417612
27.567988
27.568088
27.664516
27.664616
27.680864
27.680964
27.772636
27.772736
27.856196
27.856296
27.859276
27.859376
27.8602
27.8603
27.86164
27.86174
27.862072
27.862172
27.862256
27.862356
27.86254
27.86264
27.862684
27.862752
27.862796
27.86286
27.863512
27.863576
27.86364
27.863704
27.863768
27.863832
27.925432
27.925532
27.95928
27.95938
28.032732
28.032828
28.035568
28.035668
28.116132
28.116232
28.131696
28.131792
28.341728
28.341828
28.34588
28.34598
28.364944
28.36504
28.37348
28.37358
28.572484
28.572584
28.661864
28.661964
28.72594
28.72604
28.766916
28.767016
28.792208
28.792308
28.834256
28.834356
28.83452
28.83462
28.834804
28.834904
28.835104
28.835204
28.835248
28.835312
28.835356
28.83542
28.835536
28.835636
28.835716
28.835816
28.835932
28.837412
28.837476
28.837544
28.837604
28.837668
28.842108
28.842208
28.943344
28.943444
29.210316
29.210416
29.552904
29.553004
29.553172
29.553272
29.553676
29.553772
29.55548
29.55558
29.556584
29.556684
29.557508
29.557608
29.617416
29.617516
29.61848
29.618572
29.618788
29.618888
29.62048
29.62058
29.621216
29.621316
29.622124
29.622224
29.622856
29.622956
29.623
29.623092
29.623208
29.623308
29.624724
29.624788
29.624852
29.624916
29.62498
29.625044
29.655364
29.655464
29.698484
29.698584
29.791584
29.79168
29.856468
29.856568
29.894096
29.894196
29.895916
29.896016
29.89656
29.89666
29.897388
29.897488
29.8976
29.8977
29.89782
29.89792
29.897964
29.898028
29.898116
29.898216
29.89826
29.898324
29.89936
29.899424
29.899488
29.899552
29.899616
29.96232
29.96242
29.992616
29.992716
30.111536
30.113748
30.113848
30.113892
30.113964
30.114168
30.114268
30.114404
30.114504
30.114676
30.114776
30.11482
30.114888
30.114932
30.114996
30.115524
30.115624
30.115668
30.1168
30.11584
30.115904
30.115968
30.318036
30.318132
30.390992
30.391092
30.492968
30.493068
30.494248
30.494348
30.495804
30.495904
30.49734
30.49744
30.497932
30.498028
30.498164
30.498264
30.499408
30.499508
30.50062
30.500716
30.500796
30.500896
30.502076
30.503424
30.503492
30.503556
30.503616
30.651632
30.651732
30.750044
30.750144
30.752384
30.752484
30.75388
30.75398
30.754488
30.754584
30.756816
30.756916
30.804596
30.804696
30.830584
30.830684
31.154508
31.154608
31.186944
31.187044
31.495208
31.495308
31.49732
31.49742
31.50134
31.50144
31.501504
31.501604
31.501748
31.501848
31.502036
31.502136
31.50224
31.502348
31.502444
31.502544
31.5026
31.5027
31.502744
31.503612
31.503676
31.50374
31.503804
31.503868
31.706884
31.706984
31.859092
31.859192
32.0886
32.0887
32.098544
32.098644
32.100336
32.100436
32.101768
32.101868
32.115624
32.115724
32.1514
32.151496
32.168584
32.168684
32.180608
32.180708
32.184768
32.184868
32.259952
32.260052
32.389488
32.389588
32.398064
32.398164
32.40128
32.40138
32.401424
32.401488
32.401596
32.401696
32.401828
32.401928
32.402088
32.402188
32.402252
32.402352
32.402396
32.40248
32.40252
32.402584
32.404348
32.404412
32.403452
32.403516
32.40358
32.403644
32.419496
32.419596
32.497496
32.497596
32.632392
32.632492
32.703912
32.704012
32.708868
32.708968
32.739532
32.739632
32.863796
32.863896
32.868884
32.868984
32.906604
32.906704
32.955012
32.955112
33.025064
33.025164
33.037004
33.037104
33.064696
33.064796
33.068308
33.068408
33.076672
33.076772
33.147632
33.147732
33.343684
33.473088
33.473188
33.473764
33.473864
33.526096
33.526196
33.552716
33.552812
33.63028
33.63038
33.646992
33.96482
33.96492
34.338964
34.339064
34.39786
34.39796
34.486228
34.486328
34.500968
34.501072
34.5665
34.5666
34.56792
34.56802
34.568064
34.568128
34.568172
34.568236
34.568408
34.568508
34.568648
34.568744
34.568788
34.568852
34.568952
34.569052
34.569096
34.56966
34.569724
34.569788
34.569852
34.569916
34.601572
34.601672
34.673872
34.673972
34.746144
34.746244
34.781572
34.781672
35.019232
35.019332
35.08776
35.08786
35.121404
35.121504
35.240004
35.240104
35.340696
35.340796
35.393472
35.393572
35.595308
35.595408
35.600792
35.600892
35.600948
35.601048
35.601116
35.601216
35.601408
35.601508
35.601552
35.60162
35.601664
35.601728
35.601788
35.601888
35.60206
35.60216
35.602624
35.602688
35.602752
35.602816
35.60288
35.602944
35.6871
35.6872
35.688904
35.689004
35.689908
35.690008
35.699724
35.699824
35.699868
35.69996
35.700528
35.700628
35.700828
35.700928
35.702112
35.702212
35.703684
35.703784
35.703832
35.703932
35.761312
35.761412
35.788936
35.789036
35.814944
35.815044
36.064296
36.064396
36.40968
36.40978
36.445404
36.445504
36.53436
36.53446
36.5566
36.5567
36.693948
36.694048
36.741848
36.741948
36.810176
36.810276
36.901696
36.901796
36.999136
36.999236
37.006944
37.007044
37.022524
37.022624
37.24206
37.24216
37.455884
37.455984
37.518116
37.518216
37.597356
37.597456
37.725484
37.725584
37.727892
37.727992
37.728504
37.728604
37.837288
37.837388
37.838924
37.839024
37.839776
37.839872
37.839916
37.839996
37.841752
37.841852
37.841896
37.841976
37.842068
37.842168
37.844744
37.844844
37.84502
37.84512
37.845624
37.84672
37.846784
37.846848
37.846912
37.846976
37.846016
37.848532
37.849216
37.871768
37.871868
37.987992
37.988092
38.036212
38.036312
38.06018
38.06028
38.127872
38.127972
38.13052
38.13062
38.250756
38.25086
38.392256
38.392356
38.45244
38.45254
38.467612
38.467708
38.470504
38.470604
38.650244
38.650344
38.650428
38.650528
38.650944
38.651044
38.65266
38.652756
38.653332
38.653432
38.655276
38.655376
38.656248
38.656348
38.656748
38.656848
38.656888
38.656972
38.657552
38.657616
38.65768
38.657744
38.657808
38.657872
38.69226
38.69236
38.719268
38.719368
38.7233
38.7234
38.748828
38.748928
38.750344
38.75044
38.750564
38.750664
38.75126
38.75136
38.884552
38.884652
39.203128
39.203228
39.28138
39.28148
39.284616
39.284716
39.285052
39.285152
39.28812
39.28822
39.28826
39.288328
39.32952
39.32962
39.337052
39.337152
39.338424
39.338524
39.338668
39.338768
39.33982
39.33992
39.339964
39.340044
39.340124
39.340224
39.340336
39.340436
39.340516
39.340616
39.340664
39.340996
39.34106
39.341124
39.341188
39.341252
39.437068
39.437168
39.702368
39.702468
39.786388
39.786488
39.936204
39.936304
40.265628
40.265728
40.438272
40.438372
40.50732
40.50742
40.509784
40.509884
40.511784
40.511884
40.638592
40.638692
40.639168
40.639268
40.63952
40.63962
40.641256
40.641356
40.6414
40.641492
40.641556
40.641656
40.6417
40.641764
40.642036
40.642136
40.64218
40.642276
40.642836
40.6429
40.642964
40.643028
40.643092
40.955204
40.955304
41.023752
41.023852
41.087688
41.087788
41.138336
41.138436
41.14688
41.14698
41.383612
41.383712
41.444192
41.444292
41.494148
41.494248
41.494644
41.494744
41.494788
41.49486
41.49492
41.49502
41.495148
41.495248
41.49532
41.49542
41.4955
41.4956
41.495644
41.495724
41.49578
41.497296
41.49736
41.497424
41.497488
41.502748
41.50284
41.7682
41.7683
41.874092
41.874192
41.883892
41.883992
41.884036
41.884128
41.886724
41.886824
41.891428
41.891528
41.947988
41.948088
42.098808
42.098908
42.1026
42.1027
42.11232
42.11242
42.114028
42.114128
42.118728
42.118828
42.294716
42.294816
42.297548
42.297648
42.301984
42.302084
42.302352
42.302452
42.303672
42.303772
42.304052
42.304152
42.304416
42.304516
42.30468
42.30478
42.305132
42.305232
42.307112
42.307212
42.3083
42.308364
42.308428
42.308492
42.308556
42.307596
42.360228
42.360328
42.605468
42.605568
42.605712
42.605812
42.60628
42.60638
42.609348
42.609448
42.610964
42.611064
42.611164
42.611264
42.6114
42.6115
42.61154
42.61162
42.611664
42.611752
42.612788
42.612852
42.612916
42.61298
42.807268
42.807368
43.230816
43.230916
43.274468
43.274568
43.303612
43.303712
43.3057
43.3058
43.394444
43.394544
43.427792
43.427892
43.443984
43.444084
43.465624
43.465724
43.773688
43.773788
43.778672
43.778772
43.8266
43.826696
43.838664
43.838764
43.849896
43.849996
43.929368
43.929468
43.929728
43.929828
43.931116
43.931216
43.93158
43.93168
43.932656
43.932756
43.933048
43.933148
43.933368
43.933468
43.933596
43.933696
43.933744
43.933844
43.935656
43.93572
43.93476
43.934824
43.934888
43.934952
44.005288
44.005388
44.073284
44.073384
44.217988
44.218088
44.21856
44.21866
44.219936
44.220036
44.22168
44.22178
44.222456
44.222556
44.224392
44.224492
44.225924
44.226024
44.2261
44.2262
44.229828
44.229928
44.231296
44.231396
44.299728
44.299828
44.471764
44.471864
44.491512
44.491612
44.775612
44.775712
44.7765
44.7766
44.777196
44.777296
44.778168
44.778268
44.778452
44.778548
44.77866
44.77876
44.7788
44.77888
44.778984
44.779084
44.779128
44.779224
44.779852
44.779916
44.77998
44.780044
44.780108
45.29188
45.291976
45.381372
45.381472
45.38726
45.38736
45.519972
45.520072
45.673304
45.673404
45.810724
45.810824
45.89992
45.90002
46.005756
46.005856
46.035164
46.035264
46.035728
46.035828
46.03762
46.03772
46.380324
46.380424
46.381336
46.381436
46.381508
46.381608
46.381652
46.381716
46.38176
46.381824
46.381864
46.381964
46.382008
46.382072
46.382284
46.382384
46.382436
46.383484
46.383548
46.383612
46.383676
46.38374
46.383804
46.479396
46.479496
46.493256
46.493356
46.666036
46.666136
47.152436
47.152536
47.281548
47.281648
47.404108
47.404208
47.4526
47.452696
47.476264
47.476364
47.477316
47.477416
47.479404
47.479504
47.48276
47.48286
47.485012
47.485112
47.485156
47.48522
47.485264
47.485328
47.485372
47.485452
47.485492
47.485556
47.48566
47.48672
47.486784
47.486848
47.486912
47.485952
47.639176
47.639276
47.737944
47.738044
47.739888
47.739988
47.74022
47.74032
47.740484
47.740584
47.740972
47.741072
47.741192
47.741288
47.741344
47.741444
47.741496
47.741596
47.74164
47.74172
47.74218
47.742244
47.742308
47.742372
47.937416
47.937516
48.006752
48.006852
48.0178
48.0179
48.072896
48.072996
48.287408
48.287508
48.364448
48.364548
48.399184
48.399284
48.440368
48.440468
48.5503
48.5504
48.550496
48.550596
48.550636
48.55072
48.550812
48.550912
48.550956
48.551032
48.551124
48.551224
48.551272
48.551372
48.551416
48.55148
48.551608
48.552432
48.552496
48.55256
48.552624
48.552688
48.62762
48.627724
48.744964
48.745064
48.867788
48.867888
48.922388
48.922488
49.110176
49.110276
49.110744
49.110844
49.111092
49.111192
49.11132
49.11142
49.111536
49.111636
49.111768
49.111868
49.111912
49.11198
49.112024
49.112108
49.112152
49.113328
49.113392
49.113456
49.11352
49.113584
49.113648
49.113712
49.352936
49.353036
49.353172
49.353272
49.390896
49.390996
49.445036
49.445136
49.608764
49.608864
49.64052
49.64062
49.644656
49.644756
49.64492
49.64502
49.64564
49.645748
49.645792
49.64588
49.64622
49.64632
49.6465
49.646604
49.646788
49.64688
49.646968
49.647068
49.647832
49.647896
49.64796
49.648024
49.648088
49.648152
49.648216
49.64828
49.747168
49.747268
49.812732
49.857048
49.857148
49.87792
49.878016
50.102984
50.10308
50.224516
50.224612
50.228484
50.22858
50.277224
50.277328
50.341564
50.34166
50.399188
50.399288
50.400408
50.400508
50.401308
50.401408
50.401796
50.401896
50.40194
50.40202
50.402368
50.402468
50.402512
50.402576
50.402824
50.402924
50.402968
50.403052
50.403428
50.403496
50.403556
50.40362
50.403684
50.596156
50.596256
50.775012
50.775112
50.846044
50.846144
51.07992
51.08002
51.14876
51.14886
51.154536
51.154636
51.155192
51.155288
51.155524
51.155624
51.156556
51.156656
51.157608
51.157708
51.157804
51.157904
51.157948
51.158012
51.158056
51.15812
51.158212
51.159208
51.159272
51.159336
51.1594
51.203768
51.203868
51.39928
51.39938
51.491416
51.491516
51.49156
51.491624
51.684236
51.684332
51.700128
51.700228
51.734736
51.734836
52.013332
52.013432
52.070992
52.071092
52.089472
52.089572
52.092096
52.092192
52.092912
52.093012
52.093056
52.093156
52.093352
52.093448
52.093524
52.093624
52.093664
52.093764
52.093808
52.093888
52.093932
52.094032
52.09576
52.095824
52.095888
52.095952
52.094992
52.248984
52.249084
52.52158
52.52168
52.774956
52.775056
52.940024
52.940124
52.95452
52.95462
52.955348
52.955448
52.955556
52.955656
52.956476
52.956576
52.95678
52.95688
52.957056
52.95716
52.957252
52.957352
52.957424
52.957524
52.957568
52.95768
52.958768
52.958832
52.958896
52.95896
52.959024
53.059232
53.059332
53.109936
53.110036
53.349148
53.35316
53.35326
53.387572
53.387676
53.434836
53.434936
53.566156
53.566256
53.646044
53.64614
53.660528
53.660628
53.817636
53.817732
53.895344
53.895444
53.895544
53.895644
53.9084
53.9085
54.029328
54.029428
54.174204
54.174304
54.174488
54.174588
54.174752
54.174852
54.175056
54.175156
54.175552
54.175652
54.175812
54.175912
54.175968
54.176068
54.176176
54.176276
54.176508
54.177364
54.177428
54.177492
54.177556
54.17762
54.177684
54.177748
54.1779
54.230928
54.231028
54.293116
54.293216
54.497788
54.497884
54.558716
54.558816
54.560236
54.560336
54.561112
54.561212
54.562232
54.562332
54.562736
54.562836
54.56334
54.56344
54.563508
54.563608
54.564464
54.564564
54.564856
54.564952
54.566036
54.5661
54.566164
54.566228
54.566292
54.677376
54.677476
54.677876
54.677976
54.69548
54.69558
54.761284
54.761384
54.773776
54.773876
54.890756
54.890856
54.949884
54.949984
54.95004
54.95014
54.952248
54.952348
54.954624
54.954724
54.955036
54.955136
54.955376
54.955476
54.95552
54.955616
54.9558
54.9559
54.956192
54.956292
54.957196
54.95726
54.957324
54.957388
54.957452
54.957516
54.95758
55.051604
55.051704
55.05176
55.05186
55.053112
55.053212
55.053388
55.053488
55.053812
55.053912
55.054068
55.054168
55.054428
55.054528
55.054828
55.054928
55.055628
55.055728
55.056872
55.056936
55.057
55.059628
55.061224
55.3552
55.3553
55.417416
55.417516
55.490796
55.595588
55.595688
55.648476
55.648576
55.711568
55.711668
55.886104
55.886204
56.048632
56.048732
56.068452
56.068552
56.117616
56.117716
56.14462
56.14472
56.298868
56.710296
56.710396
56.717432
56.717532
56.766292
56.766392
56.766828
56.766924
56.768384
56.768484
56.76924
56.76934
56.769784
56.769884
56.770424
56.770524
56.770704
56.7708
56.771292
56.771392
56.771844
56.771944
56.773604
56.772644
56.772708
56.772772
56.772836
56.814624
56.814724
56.814964
56.815064
56.81582
56.81592
56.81602
56.81612
57.023904
57.024004
57.02508
57.02518
57.053204
57.053304
57.485328
57.485428
57.593736
57.593836
57.593964
57.594064
57.594104
57.594192
57.594384
57.594484
57.594704
57.594808
57.594964
57.595064
57.595108
57.595196
57.595432
57.595532
57.595652
57.596896
57.595936
57.596
57.596064
57.596128
57.733904
57.734
57.902944
57.903044
57.903864
57.903964
57.904068
57.904168
57.904212
57.904276
57.904492
57.904592
57.904716
57.904816
57.904876
57.904976
57.905272
57.905372
57.905456
57.9061
57.907188
57.906228
57.906292
58.048668
58.048768
58.378624
58.378724
58.402752
58.402852
58.628024
58.628124
58.848736
58.848836
58.848972
58.849072
58.849192
58.849292
58.849336
58.849432
58.849512
58.849612
58.849696
58.849796
58.849836
58.849904
58.849984
58.850084
58.850236
58.850872
58.850936
58.851
58.851064
58.851128
59.134028
59.134128
59.149372
59.149472
59.152008
59.152108
59.24868
59.24878
59.274016
59.274116
59.355924
59.356024
59.424332
59.424432
59.428464
59.428564
59.440604
59.440704
59.463504
59.463604
59.482948
59.483048
59.595692
59.595792
59.853716
59.853816
59.906528
59.906628
59.951716
59.951816
59.95298
59.95308
59.953152
59.953252
59.953312
59.953412
59.953588
59.953688
59.953832
59.953932
59.953976
59.954072
59.954216
59.954316
59.954376
59.954868
59.955956
59.95602
59.956084
59.956148
59.956212
59.972588
59.972688
60.050712
60.050808
60.58994
60.59004
60.662296
60.662396
60.70418
60.70428
60.74206
60.74216
60.792388
60.792488
60.992028
60.992128
61.024616
61.024716
61.187528
61.187628
61.251876
61.30292
61.30302
61.45232
61.45242
61.503604
61.503704
61.63668
61.63678
61.644128
61.644228
61.647268
61.647368
61.647504
61.647604
61.648348
61.648448
61.64918
61.64928
61.650004
61.650104
61.650612
61.650712
61.651732
61.651832
61.651876
61.651964
61.652316
61.65238
61.652444
61.652508
61.652576
61.706884
61.706984
61.734032
61.734132
61.84766
61.84776
61.943756
61.943856
62.05214
62.052236
62.05428
62.05438
62.089476
62.089576
62.168452
62.168552
62.204176
62.204276
62.206576
62.206676
62.252676
62.252776
62.526864
62.526964
62.601512
62.601612
62.657668
62.657768
62.734348
62.73444
62.771776
62.771876
62.861772
62.861872
63.1838
63.1839
63.185596
63.185696
63.186424
63.186524
63.187536
63.187636
63.187712
63.187812
63.188072
63.188172
63.188284
63.188384
63.188496
63.188596
63.18864
63.188704
63.189064
63.189128
63.189192
63.189256
63.18932
63.189384
63.27072
63.27082
63.35564
63.35574
63.469708
63.469808
63.515556
63.51566
63.752348
63.752448
63.871072
63.871172
63.934616
63.934712
63.959456
63.959556
63.959864
63.959964
63.965372
63.965472
63.975776
63.975876
63.975956
63.976052
63.976472
63.976572
63.977764
63.977864
63.977908
63.978
63.978052
63.978152
63.978216
63.978316
63.97836
63.979248
63.979312
63.979376
63.97944
63.979504
64.21958
64.21968
64.22044
64.22054
64.221352
64.221452
64.223444
64.223544
64.227736
64.227836
64.46604
64.46614
64.670488
64.670588
64.682244
64.682344
64.806332
64.806432
64.80662
64.80672
64.807628
64.807728
64.807784
64.807884
64.807928
64.807992
64.80848
64.80858
64.809376
64.80948
64.80998
64.81008
64.810396
64.810496
64.811596
64.81166
64.811724
64.811788
64.811852
64.968956
64.969056
65.03496
65.03506
65.037396
65.037492
65.037808
65.037908
65.038108
65.038208
65.03918
65.03928
65.039552
65.039648
65.039868
65.039968
65.040332
65.040432
65.040888
65.040988
65.042276
65.04234
65.042404
65.041444
65.093828
65.093928
65.093992
65.094092
65.099012
65.099112
65.099292
65.099392
65.099524
65.099624
65.099864
65.099964
65.100568
65.100668
65.100712
65.101796
65.12322
65.12332
65.281872
65.281972
65.342176
65.342276
65.389928
65.390028
65.638
65.6381
65.850536
65.851188
65.851288
65.851344
65.851444
65.851496
65.851596
65.85174
65.85184
65.851884
65.851948
65.851988
65.852056
65.8521
65.852164
65.85224
65.85234
65.852672
65.852736
65.8528
65.852864
65.852928
65.852992
66.345136
66.345236
66.405696
66.405796
66.538736
66.538836
66.539408
66.539508
66.539628
66.539728
66.539972
66.540072
66.5418
66.5419
66.542184
66.542284
66.542416
66.542516
66.542612
66.542708
66.542796
66.542896
66.544004
66.544068
66.544132
66.544196
66.54426
66.916732
66.916832
66.939848
66.939948
67.116388
67.116488
67.255656
67.255756
67.539248
67.539348
67.638316
67.638416
67.791408
67.791508
67.851908
67.852008
67.857744
67.857844
67.941204
67.941304
67.94552
67.94562
67.956808
67.956908
68.074152
68.164984
68.165084
68.174068
68.174168
68.2118
68.211896
68.2288
68.2289
68.22912
68.22922
68.229268
68.229368
68.229532
68.229632
68.229676
68.22974
68.229856
68.229956
68.230024
68.230124
68.230216
68.230316
68.23036
68.231952
68.232016
68.23208
68.232144
68.231184
68.479468
68.479568
68.52092
68.52102
68.523632
68.523732
68.52706
68.52716
68.67762
68.67772
68.679724
68.679776
68.679872
68.680516
68.680616
68.680688
68.680788
68.68098
68.68108
68.681152
68.681252
68.681536
68.681636
68.68182
68.68192
68.682084
68.682976
68.68304
68.683104
68.683168
68.683232
68.754984
68.755084
68.8201
68.8202
68.9421
68.9422
69.012828
69.012928
69.013516
69.013612
69.014288
69.014388
69.014488
69.014588
69.014768
69.014868
69.015604
69.015704
69.015748
69.015812
69.015908
69.016008
69.016248
69.016348
69.017068
69.017132
69.017196
69.01726
69.017324
69.176756
69.176856
69.178304
69.178404
69.179096
69.179196
69.206772
69.206872
69.233684
69.233784
69.264476
69.264576
69.268572
69.268672
69.268736
69.268836
69.26936
69.26946
69.269548
69.269648
69.269724
69.269824
69.270464
69.270564
69.270872
69.270972
69.27114
69.27124
69.271784
69.271852
69.271912
69.271976
69.32218
69.32228
69.327708
69.327808
69.542308
69.542408
69.542932
69.543032
69.545336
69.545436
69.545488
69.54558
69.545692
69.545792
69.54584
69.54594
69.545984
69.546064
69.546124
69.546224
69.546284
69.546384
69.547572
69.547636
69.5477
69.547764
69.757168
69.757272
69.900704
69.900804
70.107528
70.107624
70.148356
70.148456
70.391592
70.391692
70.3923
70.3924
70.595612
70.595712
70.728828
70.728928
71.07566
71.075764
71.202724
71.202828
71.257428
71.257528
71.263348
71.263444
71.414988
71.415088
71.43924
71.43934
71.564544
71.564644
71.6937
71.6938
71.712024
71.712124
72.001852
72.001952
72.126532
72.126632
72.307556
72.307652
72.365436
72.36554
72.384636
72.384736
72.38478
72.384856
72.38584
72.38594
72.386088
72.386188
72.3864
72.3865
72.386544
72.386608
72.38704
72.38714
72.38728
72.38738
72.387424
72.387784
72.387848
72.387916
72.387976
72.38804
72.388104
72.543724
72.543824
72.66198
72.66208
72.663624
72.663724
72.862148
72.862248
72.984784
72.984884
72.985664
72.98576
73.11154
73.11164
73.112808
73.112908
73.114976
73.115072
73.115284
73.115384
73.115652
73.115752
73.11594
73.11604
73.116436
73.116536
73.11658
73.116644
73.116808
73.116908
73.117832
73.117896
73.11796
73.118024
73.118088
73.264776
73.264876
73.399752
73.399852
73.400072
73.400172
73.400276
73.400376
73.40042
73.400484
73.400544
73.40064
73.400916
73.401016
73.40128
73.40138
73.401516
73.401616
73.401796
73.402912
73.402976
73.40304
73.403104
73.686816
73.686916
73.886812
73.886912
73.919932
73.920032
73.92014
73.92024
73.920616
73.920716
73.92118
73.92128
73.921324
73.921424
73.921516
73.921616
73.921832
73.921932
73.921972
73.92204
73.922088
73.923088
73.923152
73.923216
73.92328
73.923344
74.090036
74.090136
74.15136
74.15146
74.195192
74.195292
74.202176
74.202276
74.24102
74.24112
74.241164
74.241252
74.245604
74.245704
74.249308
74.249408
74.25204
74.25214
74.252704
74.252804
74.253048
74.253144
74.253188
74.253252
74.253488
74.253584
74.253628
74.253708
74.254608
74.254672
74.25474
74.2548
74.254864
74.486392
74.486492
74.560908
74.561008
74.62344
74.62354
74.687456
74.687556
74.747984
74.748084
74.911412
74.911512
74.911684
74.911784
74.912724
74.912824
74.962944
74.963044
74.963684
74.963784
74.963888
74.963984
74.965508
74.965604
74.965672
74.965772
74.965876
74.965976
74.966132
74.966232
74.966532
74.966632
74.966684
74.966784
74.96718
74.967244
74.967308
74.967372
74.96744
75.081804
75.0819
75.09244
75.09254
75.275912
75.276012
75.34576
75.34586
75.53094
75.53104
75.545468
75.596624
75.596724
75.656808
75.656908
75.788392
75.788492
75.790964
75.791064
75.791108
75.791204
75.809208
75.809308
75.811316
75.811416
75.9561
75.956196
76.08584
76.08594
76.088692
76.088792
76.089612
76.089712
76.08988
76.08998
76.090024
76.090108
76.090244
76.090344
76.090408
76.090508
76.090552
76.090616
76.09066
76.090724
76.092128
76.092192
76.092256
76.09232
76.092384
76.091424
76.25442
76.25452
76.255912
76.256012
76.256776
76.256876
76.258584
76.25868
76.385556
76.385656
76.579364
76.579464
76.688212
76.688312
76.718644
76.718744
76.808552
76.808652
76.830656
76.830756
76.872916
76.873016
77.012748
77.012848
77.138636
77.138736
77.336972
77.337072
77.33728
77.33738
77.337424
77.337496
77.33834
77.33844
77.338484
77.338548
77.338592
77.338656
77.3387
77.338764
77.338804
77.338868
77.33892
77.34012
77.340184
77.340248
77.340312
77.340376
77.34044
77.398312
77.398412
77.399012
77.399112
77.453696
77.453792
77.520792
77.520892
77.522208
77.522308
77.523584
77.523684
77.670336
77.670436
77.69008
77.69018
77.716424
77.716524
77.953808
77.953908
78.118328
78.118428
78.134284
78.13438
78.237324
78.237424
78.303052
78.303152
78.345392
78.345492
78.428536
78.428636
78.460424
78.460524
78.598384
78.598484
78.812532
78.812632
79.08968
79.08978
79.090104
79.090204
79.090368
79.090468
79.092172
79.092272
79.093752
79.093852
79.094188
79.094284
79.094328
79.094396
79.09444
79.094524
79.094568
79.094664
79.094956
79.09502
79.095084
79.095148
79.095212
79.095276
79.321356
79.321456
79.355012
79.355112
79.357088
79.357188
79.411116
79.411216
79.414884
79.414984
79.41734
79.41744
79.525108
79.525208
79.57472
79.57482
79.602068
79.602168
79.62578
79.62588
79.728632
79.728728
79.72938
79.72948
79.729584
79.729684
79.731492
79.731592
79.731632
79.7317
79.73174
79.731804
79.73244
79.73254
79.732784
79.732884
79.732928
79.732992
79.733896
79.73396
79.734024
79.734088
79.734152
79.806072
79.806172
79.862484
79.862584
80.436532
80.436632
80.480756
80.480856
80.508144
80.508244
80.50954
80.50964
80.543504
80.5436
80.5959
80.596
80.936188
80.936288
81.057584
81.057684
81.088964
81.089064
81.26902
81.26912
81.269452
81.269552
81.314072
81.314172
81.315628
81.315728
81.462624
81.462724
81.472372
81.472472
81.482176
81.482276
81.584048
81.584148
81.621984
81.622084
81.672996
81.673096
81.726608
81.726712
81.727148
81.727248
81.728224
81.728324
81.728688
81.728788
81.728832
81.728912
81.729164
81.729264
81.729604
81.729704
81.729852
81.729952
81.729996
81.73006
81.730856
81.73092
81.730984
81.731048
81.731112
81.988184
81.988284
82.012488
82.012588
82.01264
82.01274
82.013572
82.013672
82.015904
82.016004
82.01654
82.016636
82.01668
82.016768
82.017544
82.017644
82.017688
82.017764
82.0179
82.018
82.01878
82.018844
82.018908
82.018972
82.019036
82.178824
82.178924
82.179228
82.179328
82.179624
82.179724
82.179768
82.179864
82.180192
82.180292
82.180552
82.180648
82.180884
82.180984
82.181072
82.181172
82.18136
82.18198
82.183068
82.183132
82.182172
82.182236
82.21386
82.21396
82.214144
82.214244
82.215152
82.215252
82.2162
82.2163
82.21716
82.21842
82.223296
82.223396
82.252648
82.252748
82.26756
82.26766
82.269692
82.269792
82.271468
82.271568
82.344588
82.344688
82.439824
82.439924
82.5559
82.556
82.566844
82.56694
82.714452
82.714552
82.947828
82.947928
83.133412
83.133512
83.148464
83.148564
83.17572
83.17582
83.246288
83.246388
83.289816
83.289916
83.291112
83.291212
83.291544
83.291644
83.292404
83.292504
83.292852
83.292952
83.292996
83.29306
83.293108
83.293208
83.293356
83.293456
83.293688
83.293788
83.295076
83.29514
83.295204
83.294244
83.294308
83.505912
83.506012
83.677464
83.677564
83.681992
83.682092
83.688088
83.688188
83.736208
83.736304
83.858232
83.858332
83.880704
83.880804
83.98228
83.98238
84.200624
84.200724
84.401332
84.401432
84.43706
84.43716
84.499844
84.499944
84.67656
84.67666
84.683636
84.683736
84.68378
84.683868
84.686184
84.686284
84.686452
84.686552
84.68678
84.68688
84.686968
84.687068
84.687112
84.687196
84.68724
84.687324
84.68738
84.688032
84.688096
84.68816
84.688224
84.688288
84.688352
84.85672
84.85682
84.887564
84.887664
85.094668
85.094768
85.133632
85.133732
85.14854
85.14864
85.280516
85.280612
85.282952
85.283052
85.283256
85.283356
85.28342
85.28352
85.283572
85.283672
85.283808
85.283908
85.28402
85.28412
85.28416
85.284228
85.284324
85.284424
85.285788
85.285852
85.284892
85.284956
85.28502
85.447888
85.447988
85.563172
85.563272
85.686956
85.687056
85.68722
85.68732
85.690828
85.690928
85.70722
85.70732
85.842464
85.842564
85.842996
85.843096
85.843384
85.843484
85.843584
85.843684
85.84382
85.84392
85.844312
85.844408
85.844452
85.844544
85.844644
85.844744
85.8448
85.845616
85.84568
85.845744
85.845808
85.845872
85.845936
86.04186
86.041956
86.076608
86.076708
86.076768
86.076868
86.078252
86.078352
86.080184
86.080284
86.080604
86.080704
86.170648
86.170748
86.196868
86.196968
86.237256
86.237356
86.42344
86.42354
86.654224
86.654324
86.74614
86.74624
86.837348
86.837448
86.875812
86.875912
86.894776
86.894876
86.895024
86.895124
86.89576
86.89586
86.895988
86.896092
86.897208
86.897308
86.897352
86.897452
86.898016
86.898116
86.89816
86.898232
86.898432
86.898532
86.899016
86.89908
86.899144
86.899208
86.899272
86.902752
86.903496
87.020948
87.021048
87.261712
87.261812
87.3061
87.3062
87.385896
87.385996
87.550584
87.55068
87.985496
87.985596
88.003976
88.004076
88.005032
88.005128
88.005908
88.006008
88.006152
88.006252
88.006296
88.006388
88.006668
88.006768
88.006984
88.007084
88.007192
88.007292
88.007336
88.0074
88.008224
88.008288
88.008352
88.008416
88.00848
88.305188
88.305288
88.359916
88.360012
88.39172
88.39182
88.755744
88.755844
88.89726
88.89736
88.897524
88.897624
88.897668
88.897732
88.897776
88.89784
88.89802
88.89812
88.898184
88.898284
88.898328
88.898408
88.898452
88.898536
88.89858
88.899388
88.899452
88.899516
88.898556
88.89862
88.898684
88.925484
88.925584
89.06876
89.06886
89.097172
89.097272
89.154952
89.155052
89.21592
89.21602
89.419204
89.419304
89.437564
89.437664
89.440272
89.440372
89.46876
89.46886
89.675736
89.675836
89.757324
89.757424
89.917236
89.917336
90.090592
90.090696
90.44318
90.44328
90.444708
90.444812
90.524128
90.524228
90.674048
90.674148
90.684164
90.684264
90.820296
90.820396
90.838244
90.838344
90.940272
90.940372
91.050144
91.050244
91.126996
91.127096
91.145572
91.145672
91.35554
91.35564
91.357972
91.358076
91.359852
91.359952
91.361876
91.361976
91.362588
91.362684
91.362952
91.363052
91.363096
91.363176
91.363308
91.363404
91.36352
91.36362
91.363916
91.364964
91.365032
91.365092
91.365156
91.36522
91.365284
91.407068
91.407168
91.408824
91.66916
91.66926
91.769696
91.769796
91.77472
91.77482
91.776276
91.776376
91.844208
91.844312
91.892808
91.892908
91.893104
91.893204
91.893332
91.893428
91.893536
91.893636
91.893924
91.894024
91.894092
91.894192
91.894236
91.894336
91.89438
91.894444
91.89472
91.894936
91.895
91.895064
91.895128
91.895192
91.909716
91.909816
91.976464
91.976564
91.978076
91.978176
92.23656
92.23666
92.392824
92.392924
92.628412
92.628512
92.672536
92.672636
92.682532
92.682636
92.787412
92.787512
92.838244
92.838344
93.0486
93.048696
93.193344
93.193444
93.193828
93.193928
93.193972
93.194036
93.194388
93.194488
93.194528
93.194608
93.194652
93.194716
93.194756
93.19482
93.194864
93.194928
93.194992
93.195468
93.195532
93.195596
93.195664
93.195724
93.260856
93.260956
93.26284
93.26294
93.364124
93.364224
93.366148
93.366248
93.366616
93.366716
93.408084
93.408184
93.475276
93.475376
93.477192
93.477292
93.495712
93.495812
93.708088
93.708188
93.761976
93.762076
93.887068
93.887168
93.887212
93.887312
93.887892
93.887992
93.888036
93.888136
93.88822
93.88832
93.88858
93.88868
93.88872
93.88882
93.888864
93.888948
93.888992
93.89022
93.890284
93.890348
93.890412
93.890476
94.14748
94.14758
94.282732
94.282832
94.337684
94.33912
94.33922
94.339796
94.339892
94.511736
94.511836
94.54814
94.54824
94.548988
94.549088
94.570572
94.570672
94.68896
94.68906
94.762408
94.762508
94.904172
94.904272
94.904492
94.904592
94.904724
94.90482
94.905104
94.905204
94.905248
94.905332
94.905604
94.905704
94.905744
94.905808
94.905884
94.905984
94.906456
94.907324
94.907388
94.907452
94.907516
94.90758
94.911864
94.911964
94.998092
94.998188
95.0912
95.0913
95.187412
95.187508
95.1879
95.188004
95.272024
95.272124
95.275668
95.275768
95.2888
95.2889
95.433928
95.434028
95.44394
95.444036
95.55332
95.553416
95.558208
95.558308
95.567072
95.567172
95.609584
95.609684
95.609728
95.609824
95.609868
95.609932
95.612076
95.612176
95.614264
95.614364
95.615392
95.615492
95.61572
95.61582
95.615884
95.615984
95.61616
95.61626
95.6169
95.617988
95.617028
95.617092
95.617156
95.713664
95.713764
95.835892
95.835992
95.968588
95.968688
95.969144
95.969244
95.971056
95.971156
96.082428
96.082528
96.14592
96.14602
96.162984
96.163084
96.163272
96.163372
96.163896
96.163996
96.16626
96.16636
96.167452
96.167552
96.167748
96.167848
96.167904
96.168004
96.168268
96.168368
96.168592
96.168692
96.169276
96.16934
96.169404
96.169468
96.203708
96.203808
96.361072
96.361172
96.385788
96.385888
96.52924
96.52934
96.558696
96.558796
96.5603
96.560356
96.560456
96.560568
96.560668
96.560772
96.560872
96.56138
96.56148
96.561524
96.561588
96.561668
96.561768
96.561812
96.5619
96.562004
96.5625
96.562564
96.562628
96.562692
96.562756
96.64608
96.64618
96.675508
96.675608
96.764132
96.764232
96.81678
96.81688
96.985232
96.985332
97.055496
97.055596
97.136532
97.136632
97.177928
97.178028
97.249624
97.249724
97.296448
97.296548
97.297412
97.297512
97.297556
97.297632
97.297676
97.297768
97.298712
97.298812
97.29886
97.29896
97.299128
97.299228
97.299612
97.299712
97.300012
97.300112
97.300692
97.300756
97.30082
97.300884
97.300948
97.368408
97.449408
97.449508
97.542756
97.542856
97.65088
97.65098
97.740028
97.740128
97.743416
97.743512
97.899232
97.899332
97.991156
97.991256
98.105904
98.106004
98.106628
98.106728
98.107
98.1071
98.107928
98.108032
98.108228
98.108328
98.108372
98.108436
98.10848
98.108544
98.108632
98.108732
98.108776
98.109056
98.110144
98.110212
98.110272
98.110336
98.1307
98.1308
98.260864
98.260964
98.445724
98.445824
98.446812
98.446912
98.44758
98.44768
98.448116
98.448212
98.448428
98.448524
98.450152
98.450252
98.450512
98.450612
98.45068
98.45078
98.450828
98.450928
98.45202
98.452084
98.452148
98.452212
98.452276
98.536636
98.536736
98.554284
98.554384
98.697464
98.697564
98.723456
98.723556
98.7916
98.7917
98.941864
98.941964
98.9425
98.9426
98.942728
98.942828
98.943116
98.943216
98.943444
98.943544
98.943592
98.943692
98.943736
98.9438
98.943844
98.94392
98.943964
98.945016
98.944056
98.94412
98.944184
98.944248
98.944312
99.230652
99.230752
99.278836
99.278936
99.283216
99.28332
99.413524
99.413624
99.420284
99.420384
99.422492
99.422592
99.42292
99.42302
99.423096
99.423196
99.42326
99.42336
99.42364
99.42374
99.423784
99.423856
99.424412
99.424512
99.424612
99.425
99.426088
99.426152
99.426216
99.42642
99.427368
99.512212
99.512312
99.637704
99.6378
99.658712
99.658812
99.660752
99.660852
99.662372
99.662472
99.6628
99.6629
99.66362
99.66372
99.664204
99.664304
99.664488
99.664588
99.665252
99.665352
99.665516
99.665616
99.666024
99.666088
99.666152
99.666216
99.711328
99.711428
99.978004
99.978108
100.082864
100.082964
100.30864
100.30874
100.316848
100.316948
100.352912
100.353012
100.368028
100.368128
100.400412
100.400508
100.437968
100.438068
100.486436
100.486532
100.535784
100.53588
100.539456
100.539552
100.55802
100.55812
100.618492
100.618588
100.710716
100.710816
100.720088
100.720188
100.720292
100.720392
100.720472
100.720572
100.72096
100.72106
100.721156
100.721252
100.721292
100.721384
100.721428
100.721492
100.721532
100.721596
100.72164
100.72222
100.722284
100.722348
100.722412
100.722476
100.72254
100.880144
100.880244
100.977792
100.977892
101.224024
101.224124
101.225944
101.226044
101.22688
101.22698
101.227324
101.227424
101.228568
101.228668
101.230204
101.230304
101.230476
101.230576
101.231012
101.231112
101.231264
101.23136
101.232544
101.233444
101.233508
101.233572
101.233636
101.232676
101.23274
101.366108
101.366208
101.474596
101.474696
101.530112
101.530212
101.534356
101.534456
101.564776
101.564876
101.56492
101.565016
101.565628
101.565728
101.56582
101.56592
101.56596
101.566028
101.566168
101.566268
101.56644
101.56654
101.566736
101.566836
101.566964
101.567932
101.568
101.56806
101.568124
101.568188
101.568256
101.680064
101.680164
101.68318
101.68328
101.686692
101.686792
101.71264
101.712736
101.853708
101.853808
101.88586
101.885964
101.932448
101.932548
101.98664
101.98674
101.990316
101.990416
102.443028
102.443128
102.443952
102.444052
102.44508
102.44518
102.447
102.4471
102.448596
102.448696
102.449124
102.449224
102.449268
102.449344
102.449692
102.449792
102.449836
102.449904
102.450336
102.4504
102.450464
102.450532
102.450592
102.450656
102.45072
102.47516
102.47526
102.605452
102.605552
102.80678
102.80688
102.888676
102.888776
102.928156
102.928256
103.019364
103.019464
103.020096
103.020196
103.02088
103.02098
103.021564
103.02166
103.021968
103.022068
103.022204
103.022304
103.022396
103.022496
103.02254
103.022604
103.02286
103.02296
103.024624
103.023668
103.023728
103.023792
103.023856
103.02392
103.023984
103.130076
103.130176
103.303524
103.303624
103.404232
103.404332
103.41942
103.41952
103.498916
103.499016
103.576812
103.576908
103.61856
103.61866
103.620372
103.620472
103.671104
103.671204
103.738772
103.738872
103.770356
103.770452
103.792824
103.792924
103.825404
103.825504
103.848184
103.848284
103.848328
103.848392
103.85006
103.85016
103.850324
103.850424
103.850636
103.850736
103.8508
103.8509
103.851136
103.851236
103.85128
103.851372
103.851416
103.851484
103.852424
103.852484
103.852548
103.852612
103.852676
103.864684
103.864784
103.870128
103.870232
103.937932
103.938032
104.067096
104.067196
104.143248
104.143348
104.221256
104.221356
104.628692
104.628792
104.637656
104.637756
104.67178
104.67188
104.67374
104.67384
104.673996
104.674096
104.674324
104.674424
104.67508
104.67518
104.675232
104.67534
104.675488
104.675588
104.676268
104.676368
104.6766
104.6767
104.678064
104.678128
104.678196
104.678256
104.67832
104.880416
104.88052
104.886424
104.886528
104.899068
104.899168
104.909552
104.909652
104.932076
104.932176
105.251236
105.251336
105.296772
105.296872
105.306072
105.306172
105.33986
105.33996
105.3857
105.3858
105.473052
105.473156
105.476176
105.476276
105.494632
105.494732
105.704216
105.704316
105.869424
105.869524
105.944248
105.944348
105.946224
105.946324
105.947296
105.947404
105.948364
105.948464
105.948508
105.948584
105.948672
105.948772
105.948824
105.94892
105.948964
105.94904
105.949084
105.949164
105.94952
105.949584
105.949648
105.949712
105.949776
105.94984
106.03228
106.03238
106.090308
106.090408
106.153256
106.153352
106.160412
106.160512
106.27808
106.27818
106.278496
106.278596
106.40424
106.404344
106.493
106.4931
106.496324
106.496424
106.562144
106.562244
106.562288
106.562352
106.63326
106.63336
106.744608
106.744708
106.7464
106.7465
106.762848
106.762948
106.767116
106.767216
106.93106
106.93116
106.978356
106.978456
106.981876
106.981976
107.167176
107.167276
107.174128
107.174228
107.413576
107.413676
107.449084
107.44918
107.457476
107.457576
107.478264
107.478364
107.54284
107.54294
107.548932
107.549032
107.54914
107.54924
107.5494
107.5495
107.549564
107.549664
107.549768
107.549868
107.55034
107.55044
107.550484
107.550584
107.550628
107.55072
107.550764
107.551244
107.551308
107.551372
107.693812
107.693912
107.878444
107.878544
108.009196
108.009292
108.05804
108.05814
108.062108
108.062208
108.11936
108.11946
108.395584
108.395684
108.550744
108.550844
108.562824
108.562924
108.56444
108.56454
108.599308
108.5994
108.640328
108.640428
108.65834
108.65844
108.700972
108.701072
108.70688
108.70698
108.707672
108.707772
108.709152
108.709252
108.70962
108.70972
108.7101
108.7102
108.710256
108.71036
108.710404
108.710464
108.710508
108.710592
108.710776
108.71142
108.711484
108.711548
108.711612
108.711676
108.958948
108.959048
109.107068
109.107168
109.109312
109.109412
109.110184
109.110284
109.110716
109.110812
109.111548
109.111648
109.11178
109.11188
109.111924
109.112012
109.112052
109.112128
109.112172
109.112232
109.112332
109.112396
109.11246
109.112524
109.149236
109.149336
109.281852
109.281952
109.552728
109.552828
109.644772
109.644872
109.807208
109.807308
109.829312
109.829412
109.8307
109.8308
109.830844
109.83092
109.83118
109.83128
109.831516
109.831616
109.83166
109.83176
109.831924
109.832024
109.832068
109.83216
109.832204
109.832464
109.832528
109.832592
109.832656
109.83272
109.832784
109.972492
109.972588
109.986428
109.986528
110.114132
110.114232
110.380976
110.381076
110.387016
110.387112
110.516748
110.516848
110.524664
110.524764
110.543676
110.543776
110.558084
110.558184
110.73046
110.73056
110.815444
110.815544
110.979376
110.979476
110.983112
110.983212
110.984292
110.984392
110.98794
110.98804
111.053152
111.053252
111.200016
111.200116
111.200644
111.200744
111.201116
111.201212
111.201352
111.201452
111.201604
111.201704
111.201748
111.201816
111.201864
111.201924
111.201968
111.202036
111.20208
111.203172
111.203236
111.2033
111.20234
111.202404
111.202468
111.252912
111.253012
111.362636
111.362736
111.380368
111.380468
111.457996
111.458096
111.57562
111.597348
111.597448
111.599476
111.599576
111.686824
111.686924
111.704048
111.704148
111.7963
111.796404
112.013144
112.013244
112.015012
112.015112
112.015848
112.015948
112.016064
112.016164
112.016744
112.016844
112.017168
112.017268
112.017372
112.017472
112.017684
112.017784
112.017972
112.018072
112.019428
112.018468
112.018532
112.018596
112.01866
112.018724
112.243584
112.243684
112.288768
112.288868
112.416652
112.416752
112.435244
112.435344
112.510496
112.510596
112.51098
112.51108
112.569752
112.569852
112.570404
112.570504
112.570572
112.570672
112.571916
112.572016
112.572148
112.572248
112.572448
112.572548
112.572748
112.572848
112.573256
112.573356
112.573396
112.573492
112.575016
112.575076
112.57514
112.575204
112.575272
112.587092
112.587192
112.68026
112.68036
112.72608
112.72618
112.80602
112.80612
112.8265
112.8266
112.866844
112.866944
112.868224
112.868324
113.016252
113.016352
113.085772
113.085872
113.090988
113.158096
113.158196
113.164352
113.164452
113.21538
113.21548
113.33982
113.339916
113.343604
113.343704
113.462828
113.462928
113.46396
113.46406
113.465152
113.465252
113.4653
113.4654
113.4656
113.4657
113.46666
113.46676
113.466956
113.467056
113.467548
113.467648
113.467752
113.467852
113.46912
113.469184
113.469248
113.469312
113.469376
113.558956
113.559056
113.621152
113.621252
113.628208
113.628308
113.687552
113.687652
113.746752
113.746852
113.834136
113.834236
113.849356
113.849452
113.91494
113.91504
114.032952
114.033048
114.041088
114.041188
114.263492
114.263592
114.301624
114.30172
114.301764
114.301828
114.301888
114.301988
114.302324
114.303104
114.303176
114.303272
114.303316
114.30338
114.303424
114.303496
114.30354
114.303604
114.303648
114.30422
114.304284
114.304348
114.304412
114.304476
114.30454
114.440016
114.440116
114.494624
114.494724
114.530916
114.531016
114.568192
114.568292
114.592004
114.592104
114.598404
114.598504
114.851464
114.851564
114.854648
114.854748
114.884992
114.885092
115.159736
115.159836
115.161296
115.161396
115.161712
115.161812
115.161856
115.161924
115.258
115.2581
115.41186
115.41196
115.414452
115.4145
115.4146
115.414744
115.414844
115.414888
115.414952
115.415024
115.415124
115.415172
115.415272
115.415316
115.41538
115.415424
115.415488
115.415532
115.416688
115.416752
115.416816
115.41688
115.416944
115.459812
115.459912
115.460188
115.460288
115.51024
115.51034
115.521364
115.521464
115.55068
115.55078
115.74358
115.74368
115.74518
115.74528
115.91382
115.91392
116.130376
116.130472
116.132712
116.132812
116.141008
116.141108
116.215472
116.215572
116.2872
116.2873
116.4079
116.408004
116.525856
116.551044
116.551144
116.551208
116.551308
116.551352
116.551416
116.55168
116.55178
116.55182
116.551888
116.55218
116.55228
116.552476
116.552576
116.55348
116.55358
116.553704
116.5542
116.554264
116.554328
116.554392
116.554456
116.55452
116.554584
116.725656
116.725756
116.816288
116.816388
116.832696
116.832796
117.020904
117.021004
117.024964
117.025064
117.025836
117.025936
117.027552
117.027652
117.027772
117.027872
117.027964
117.028064
117.028108
117.028192
117.028236
117.0283
117.028344
117.028408
117.028672
117.029308
117.029372
117.029436
117.0295
117.050868
117.050968
117.051108
117.051208
117.520528
117.520628
117.522916
117.523016
117.61252
117.61262
117.881812
117.881912
117.951596
117.951696
117.984648
117.984748
117.984944
117.98504
118.141948
118.244416
118.244516
118.350808
118.350908
118.351768
118.351872
118.47032
118.47042
118.471196
118.471296
118.47134
118.471428
118.47156
118.47166
118.471704
118.471804
118.471844
118.47192
118.47196
118.472024
118.472096
118.472196
118.47224
118.473472
118.47354
118.4736
118.473664
118.472704
118.472768
118.472832
118.525684
118.525784
118.8451
118.8452
119.116628
119.116728
119.21998
119.220076
119.222372
119.222472
119.410652
119.410752
119.4496
119.449696
119.52082
119.52092
119.5528
119.5529
119.586152
119.586252
119.700592
119.700692
119.901548
119.901648
120.555156
120.555256
120.583916
120.584016
120.733548
120.733648
120.797052
120.797152
120.834312
120.834408
120.847232
120.847336
121.14666
121.14676
121.180948
121.181048
121.24192
121.24202
121.2789
121.279
121.462284
121.462384
121.51248
121.51258
121.564132
121.564232
121.602824
121.602924
121.65044
121.65054
121.848576
121.848676
121.964476
121.964576
121.965544
121.96564
121.965928
121.966028
121.966072
121.966144
121.966556
121.966652
121.9672
121.9673
121.967344
121.967432
121.967776
121.967876
121.967932
121.968032
121.968716
121.96878
121.968844
121.968908
121.968972
121.969036
121.9691
122.006556
122.006656
122.006808
122.006908
122.008428
122.008528
122.010428
122.010528
122.011708
122.011808
122.01336
122.014424
122.052876
122.052976
122.231656
122.231756
122.245164
122.245264
122.247068
122.247168
122.316104
122.316204
122.50254
122.50264
122.50406
122.50416
122.50576
122.50586
122.50798
122.50808
122.508268
122.508368
122.509888
122.509988
122.510196
122.510296
122.510868
122.510968
122.511676
122.511776
122.51182
122.512988
122.513052
122.513116
122.51318
122.513244
122.68826
122.68836
122.723696
122.723796
122.856696
122.856796
122.92888
122.92898
123.037868
123.037968
123.22886
123.22896
123.261852
123.261948
123.26358
123.263676
123.320604
123.320704
123.360024
123.360124
123.504052
123.504152
123.67028
123.67038
123.68452
123.68462
123.685132
123.685232
123.772944
123.773044
123.863708
123.863808
123.866388
123.866488
123.929948
123.930048
123.930316
123.930416
123.930772
123.930872
123.931
123.9311
123.931176
123.931276
123.931688
123.931788
123.931892
123.931992
123.932036
123.932136
123.932188
123.9331
123.933164
123.933228
123.933292
123.933356
124.13098
124.13108
124.163852
124.163952
124.166768
124.166868
124.418688
124.418788
124.438752
124.438852
124.438904
124.439004
124.439076
124.439176
124.439792
124.439892
124.439932
124.440016
124.440084
124.440184
124.440268
124.440368
124.440476
124.440572
124.440616
124.440876
124.44094
124.441004
124.441068
124.441132
124.44368
124.445356
124.44542
124.477864
124.477964
124.485688
124.485788
124.515284
124.515384
124.535628
124.535728
124.71498
124.71508
124.819924
124.820024
124.968356
124.968456
124.96998
124.97008
124.970712
124.970812
124.971276
124.971376
124.97252
124.97262
124.972756
124.972856
124.97322
124.97332
124.973364
124.973428
124.973472
124.973568
124.97464
124.974704
124.974768
124.974836
124.974896
125.100632
125.100732
125.108404
125.108504
125.144432
125.144532
125.253092
125.253192
125.359732
125.359828
125.67038
125.670476
125.68264
125.68274
125.685144
125.685244
125.687612
125.687712
125.689176
125.689276
125.689492
125.689592
125.690048
125.690144
125.690412
125.690512
125.690556
125.690628
125.691352
125.691452
125.69192
125.693092
125.693156
125.69322
125.693284
125.81078
125.810876
125.857768
125.857868
125.892924
125.893024
125.9779
125.978
126.192728
126.192828
126.193652
126.193752
126.19734
126.19744
126.197872
126.197968
126.198044
126.198144
126.198184
126.198248
126.198364
126.198464
126.198672
126.198772
126.198924
126.199024
126.200036
126.2001
126.200164
126.200228
126.200292
126.257196
126.257296
126.575536
126.575632
126.62988
126.821872
126.821972
126.988968
126.989068
126.996256
126.996356
127.127392
127.127488
127.146144
127.146244
127.253932
127.254032
127.352084
127.352184
127.352516
127.352616
127.352688
127.352788
127.392044
127.392144
127.530128
127.530228
127.53232
127.53242
127.586
127.5861
127.67668
127.67678
127.752212
127.752312
127.752356
127.75242
127.774216
127.774316
127.834444
127.834544
127.835648
127.835748
127.836368
127.836468
127.836564
127.836664
127.836812
127.836916
127.837412
127.837512
127.837768
127.837868
127.837932
127.838032
127.838108
127.838208
127.83868
127.838744
127.838808
127.838872
127.838936
127.841964
128.096896
128.096996
128.162372
128.162472
128.247948
128.248052
128.29852
128.29862
128.419096
128.419196
128.423772
128.423872
128.86164
128.86174
128.8664
128.8665
128.920992
128.921092
128.921564
128.921664
128.922128
128.922232
128.922308
128.922408
128.922668
128.922768
128.922808
128.922872
128.92302
128.92312
128.92318
128.92328
128.923324
128.924144
128.924208
128.924272
128.924336
128.9244
128.924464
129.036412
129.036512
129.070332
129.070432
129.147648
129.147748
129.14876
129.14886
129.281332
129.281428
129.37108
129.37118
129.612716
129.612812
129.676528
129.676628
129.70168
129.701776
129.745488
129.745588
129.85412
129.85422
129.854892
129.854992
129.859184
129.859284
129.89602
129.89612
129.897368
129.897472
129.897848
129.897948
129.898024
129.898124
129.898176
129.898276
129.898436
129.898536
129.89858
129.898644
129.898688
129.898752
129.898796
129.899176
129.900264
129.900328
129.900392
129.900456
129.914168
129.914268
129.924356
129.924456
129.925948
129.926048
130.294668
130.294768
130.32212
130.32222
130.375784
130.375884
130.419464
130.419564
130.562284
130.562384
130.56808
130.56818
130.56906
130.56916
130.570388
130.570552
130.570648
130.570776
130.570876
130.571
130.5711
130.571216
130.571316
130.571384
130.571484
130.571552
130.571652
130.572536
130.5726
130.572664
130.572728
130.572792
130.572856
130.624728
130.624828
130.632596
130.632696
130.877736
130.877836
130.87814
130.87824
130.878552
130.878652
130.878756
130.878856
130.879356
130.879456
130.87988
130.87998
130.880096
130.880196
130.880468
130.880568
130.880916
130.881016
130.88198
130.882044
130.882108
130.882172
130.89196
130.89206
130.8922
130.893692
130.921792
130.921892
131.00078
131.00088
131.129928
131.130028
131.17518
131.17528
131.543352
131.543452
131.551396
131.551496
132.293284
132.293384
132.293456
132.293556
132.295196
132.295292
132.295552
132.295652
132.295708
132.295808
132.296276
132.296376
132.29642
132.296492
132.296736
132.296836
132.297244
132.297344
132.298548
132.298612
132.298676
132.29874
132.29778
132.297844
132.297908
132.3376
132.3377
132.503148
132.503248
132.541912
132.542012
132.542796
132.542896
132.543332
132.543432
132.543996
132.5441
132.544992
132.545092
132.545572
132.545668
132.546604
132.546704
132.547076
132.547176
132.547632
132.547732
132.54922
132.549284
132.549348
132.549412
132.648916
132.649016
132.862312
132.862412
132.866192
132.866288
132.908124
132.908224
133.005704
133.005804
133.034744
133.034844
133.046308
133.046404
133.119236
133.119336
133.14944
133.14954
133.172992
133.173092
133.242272
133.242372
133.27764
133.27774
133.291184
133.291284
133.29878
133.541352
133.541452
133.815068
133.815168
133.831356
133.831456
133.864468
133.864568
133.919812
133.919912
133.919992
133.920092
133.920208
133.920308
133.920348
133.92042
133.920792
133.920892
133.920968
133.921068
133.921384
133.92148
133.921696
133.921804
133.921912
133.922972
133.923036
133.9231
133.923164
133.923228
133.923292
134.019308
134.019408
134.02998
134.03008
134.039036
134.039136
134.086432
134.086532
134.31452
134.31462
134.364288
134.364388
134.457752
134.457852
134.487224
134.487324
134.48796
134.48806
134.488188
134.488292
134.489028
134.489124
134.489712
134.489812
134.49014
134.49024
134.491912
134.492012
134.4931
134.493196
134.493556
134.493656
134.49454
134.494604
134.494668
134.494732
134.494796
134.533904
134.534004
134.535464
134.535564
134.663848
134.663948
134.874684
134.874784
134.885616
134.885716
135.1518
135.1519
135.527184
135.527284
135.564764
135.56486
135.653428
135.653528
135.660376
135.660476
135.8908
135.8909
135.891532
135.891632
135.892156
135.892256
135.894032
135.894132
135.9419
135.942
135.942724
135.942824
135.944384
135.944484
135.955776
135.955876
136.361408
136.361508
136.41026
136.41036
136.410424
136.410524
136.505364
136.505464
136.519268
136.519368
136.60676
136.606864
136.608392
136.608492
136.6834
136.6835
136.68476
136.68486
136.72096
136.72106
136.725456
136.725556
137.111712
137.111812
137.112
137.1121
137.11248
137.112576
137.11298
137.11308
137.11314
137.11324
137.113568
137.113668
137.1138
137.1139
137.114356
137.114456
137.114636
137.114872
137.11596
137.116024
137.116088
137.116152
137.116216
137.11628
137.161444
137.161544
137.21862
137.21872
137.290148
137.290248
137.32364
137.32374
137.461048
137.461148
137.527064
137.527164
137.543492
137.543592
137.544364
137.544464
137.544568
137.544668
137.54478
137.54488
137.54574
137.54584
137.545948
137.546048
137.546092
137.546188
137.546436
137.546536
137.54658
137.546652
137.547736
137.546776
137.54684
137.546904
137.546968
137.682384
137.682484
137.754184
137.754284
137.81092
137.81102
137.954876
137.954976
137.955956
137.956056
137.9561
137.9562
138.012976
138.013076
138.058016
138.058116
138.078716
138.078816
138.082044
138.082144
138.1382
138.1383
138.185288
138.185388
138.558244
138.558344
138.666984
138.667084
138.668184
138.668284
138.66864
138.66874
138.668784
138.66888
138.668932
138.669032
138.66918
138.66928
138.669352
138.669452
138.669496
138.66956
138.669604
138.670136
138.6702
138.670264
138.670328
138.670392
138.670456
138.863312
138.863412
138.876432
138.876532
138.952224
138.952328
139.213324
139.213424
139.214544
139.214644
139.330216
139.330316
139.539124
139.539224
139.609712
139.609812
139.609928
139.610028
139.610072
139.610156
139.610284
139.610384
139.610556
139.610656
139.6107
139.610796
139.61092
139.61102
139.611072
139.611172
139.611216
139.612872
139.612936
139.613
139.613064
139.613128
139.702652
139.702752
139.810856
139.810956
139.833672
139.833772
139.955596
139.955696
139.983244
139.98334
140.160012
140.160112
140.199168
140.199268
140.291084
140.291176
140.292888
140.292988
140.293716
140.293816
140.294784
140.294884
140.295556
140.29566
140.295724
140.295824
140.29604
140.29614
140.296224
140.296324
140.296528
140.296628
140.297372
140.297436
140.2975
140.297564
140.297628
140.521168
140.521268
140.523836
140.523936
140.52404
140.524136
140.524296
140.524396
140.525008
140.525108
140.52526
140.52536
140.52668
140.526784
140.527008
140.527108
140.527432
140.527532
140.528476
140.52854
140.528604
140.527644
140.527708
140.812804
140.812904
141.037516
141.037616
141.174
141.1741
141.298552
141.298652
141.316108
141.316208
141.416672
141.416772
141.610608
141.610708
141.611204
141.611304
141.611812
141.611912
141.611956
141.612052
141.61248
141.61258
141.613364
141.613464
141.613804
141.613904
141.613964
141.614064
141.6142
141.6143
141.615872
141.615936
141.616
141.616064
141.615104
141.615168
141.714772
141.714872
141.759508
141.759608
141.804996
141.805096
141.98556
141.986696
141.986796
141.987532
141.987632
141.98774
141.98784
141.988256
141.988356
141.98892
141.98902
141.989288
141.989388
141.989432
141.989528
141.989572
141.989636
141.9897
141.990824
141.990888
141.989928
141.989992
141.990056
141.992764
141.993256
142.131112
142.131212
142.176116
142.176212
142.266092
142.266192
142.376212
142.376312
142.421144
142.421244
142.430912
142.431016
142.610248
142.610348
142.615796
142.615896
142.627728
142.627828
142.695032
142.695132
142.696528
142.696628
142.744916
142.745016
142.74672
142.74682
142.807644
142.80774
142.811056
142.811156
142.811764
142.811864
142.811908
142.811972
142.812236
142.812336
142.813104
142.813204
142.813364
142.813464
142.813508
142.813592
142.813684
142.813784
142.81496
142.815024
142.815088
142.815152
142.815216
142.814256
142.81432
142.90214
142.90224
142.904284
142.904384
142.916584
142.916684
142.972252
142.972352
142.989628
142.989728
142.999704
142.999804
143.090076
143.090176
143.329948
143.330048
143.486536
143.486636
143.488976
143.489072
143.491452
143.491552
143.49232
143.49242
143.493668
143.493768
143.493812
143.493876
143.494144
143.494244
143.494356
143.494456
143.496292
143.496392
143.496472
143.498008
143.498072
143.498136
143.4982
143.49724
143.703424
143.905984
143.917712
143.917812
143.926156
143.926256
143.93436
143.93446
143.936676
143.936776
143.936952
143.937052
143.9372
143.9373
143.938296
143.938396
143.93844
143.938504
143.938636
143.938736
143.938856
143.938956
143.939
143.93908
143.939736
143.939804
143.939864
143.939928
143.973068
143.973168
144.01726
144.01736
144.159468
144.159564
144.160324
144.160424
144.16562
144.165716
144.167204
144.167304
144.169196
144.169296
144.169764
144.169864
144.171928
144.172024
144.175428
144.175528
144.176288
144.176388
144.176432
144.176504
144.270568
144.270668
144.42512
144.42522
144.52582
144.52592
144.5385
144.538604
144.539404
144.539504
144.545896
144.545996
144.549304
144.5494
144.557
144.5571
144.558436
144.558536
144.55858
144.558644
144.559824
144.559924
144.560536
144.560636
144.561004
144.561104
144.561424
144.561524
144.562452
144.562516
144.56258
144.562644
144.562708
144.562772
144.765748
144.765848
144.865604
144.865704
144.879616
144.879716
144.914124
144.914224
144.914432
144.914532
144.914744
144.914844
144.9166
145.004968
145.005068
145.0909
145.091
145.137056
145.137156
145.366764
145.366864
145.401004
145.401104
145.62154
145.62164
145.818404
145.818504
146.253536
146.253636
146.272532
146.272632
146.467832
146.467932
146.46872
146.46882
146.470224
146.470324
146.471156
146.471256
146.471896
146.471996
146.472188
146.472288
146.472332
146.472396
146.47244
146.472508
146.47256
146.47266
146.473104
146.473168
146.473232
146.473296
146.47336
146.473424
146.617424
146.617524
146.664184
146.664284
146.68172
146.68182
146.726492
146.726592
146.754692
146.754792
146.783648
146.783748
146.784308
146.784408
146.811948
146.812048
146.916712
146.916812
146.916856
146.916928
146.917312
146.917412
146.92026
146.92036
146.920404
146.920492
146.920548
146.920648
146.920984
146.921084
146.921128
146.921192
146.921288
146.921388
146.921976
146.92204
146.922104
146.922168
147.017084
147.017184
147.266668
147.266768
147.371776
147.371876
147.401768
147.401868
147.506116
147.506216
147.506752
147.506852
147.506896
147.506992
147.507296
147.507396
147.508168
147.508264
147.508324
147.508424
147.508476
147.508576
147.50866
147.50876
147.50894
147.509276
147.50934
147.509404
147.509468
147.509532
147.685216
147.685316
147.68598
147.68608
147.686996
147.687096
147.775504
147.775604
147.932204
147.932304
147.957008
147.957108
147.958936
147.959036
147.959224
147.959324
147.962508
147.962608
147.962748
147.962848
147.962892
147.962964
147.96342
147.96352
147.963968
147.964064
147.964156
147.964256
147.964808
147.965412
147.965476
147.96554
147.965604
148.073484
148.073584
148.151884
148.151984
148.162732
148.162832
148.225412
148.225512
148.23318
148.23328
148.252604
148.357208
148.357308
148.362524
148.362624
148.366088
148.366188
148.367012
148.367112
148.367632
148.367732
148.368496
148.368596
148.368828
148.368928
148.368968
148.36904
148.369084
148.369148
148.369192
148.369256
148.369776
148.36984
148.369904
148.369968
148.388752
148.388852
148.427908
148.428008
148.475476
148.475576
148.516
148.5161
148.60128
148.60138
148.642328
148.642428
148.866124
148.866224
148.890704
148.890804
148.903576
148.903676
148.930084
148.930184
149.334272
149.334372
149.515848
149.515948
149.570956
149.571056
149.574148
149.574248
149.574336
149.574436
149.575256
149.575352
149.575728
149.575828
149.575872
149.575964
149.576076
149.576176
149.576392
149.576492
149.576532
149.576596
149.577248
149.577312
149.577376
149.57744
149.578752
149.579616
149.580784
149.581792
149.688124
149.688224
150.032496
150.032592
150.039716
150.039816
150.116076
150.116176
150.125564
150.125664
150.1262
150.1263
150.127716
150.127816
150.127864
150.127964
150.128552
150.128652
150.128724
150.128824
150.128956
150.129056
150.129272
150.129372
150.129472
150.129572
150.129804
150.129868
150.129932
150.129996
150.130072
150.131148
150.17752
150.17762
150.242252
150.242352
150.259748
150.259848
150.5588
150.5589
150.5921
150.5922
150.654768
150.654868
150.657452
150.657552
150.658404
150.658504
150.711996
150.712092
150.71326
150.71336
150.932004
150.932104
150.933904
150.934004
150.93528
150.93538
150.935836
150.935936
150.93598
150.936056
150.936252
150.936352
150.93682
150.936916
150.93696
150.937032
150.93722
150.93732
150.938296
150.93836
150.938424
150.938488
150.938552
150.938616
151.0792
151.0793
151.101048
151.101148
151.142996
151.143096
151.196536
151.196636
151.233484
151.233584
151.235616
151.235716
151.237176
151.237276
151.238424
151.238524
151.239216
151.239316
151.447164
151.44726
151.843636
151.843736
151.862308
151.862408
151.989076
151.989176
152.19996
152.20006
152.200496
152.200596
152.200928
152.201036
152.20124
152.20134
152.20174
152.201836
152.20188
152.201952
152.201992
152.20206
152.202124
152.202224
152.202272
152.20312
152.204208
152.204272
152.203312
152.203376
152.277424
152.277524
152.312044
152.312148
152.408588
152.408688
152.590956
152.591056
152.609884
152.609988
152.65016
152.65026
152.664556
152.664656
152.900292
152.901616
152.901716
152.901756
152.901832
152.904836
152.904936
152.948976
152.949076
153.074024
153.074124
153.075132
153.075228
153.075928
153.076028
153.0761
153.0762
153.076244
153.076308
153.076352
153.07642
153.076684
153.076784
153.076828
153.076892
153.076944
153.077184
153.078272
153.078336
153.078404
153.078464
153.078528
153.21888
153.21898
153.251976
153.252076
153.404224
153.40432
153.453176
153.453272
153.46194
153.46204
153.545304
153.545404
153.604028
153.604128
153.659528
153.659624
153.661056
153.661156
153.681512
153.681612
153.726708
153.726808
153.809144
153.809488
153.809588
153.8098
153.8099
153.810084
153.810184
153.810256
153.810356
153.810568
153.810668
153.810996
153.811096
153.81114
153.811204
153.811248
153.811344
153.812304
153.812368
153.812432
153.812496
153.81256
153.812624
153.959356
153.959452
154.044428
154.044528
154.078464
154.078564
154.131624
154.131724
154.131796
154.131896
154.132032
154.132132
154.132668
154.132768
154.132904
154.133004
154.133132
154.133232
154.133404
154.133504
154.133556
154.133656
154.133864
154.13478
154.134844
154.134908
154.134972
154.135036
154.186272
154.186372
154.19416
154.19426
154.208136
154.208236
154.210036
154.210136
154.350884
154.350984
154.667064
154.667164
154.70846
154.708556
154.836724
154.836824
155.1527
155.1528
155.187684
155.187788
155.187828
155.187892
155.18942
155.18952
155.439032
155.439132
155.4415
155.441596
155.477032
155.477132
155.532244
155.532344
155.681456
155.681556
155.6816
155.68168
155.682108
155.682208
155.682868
155.682968
155.683844
155.683944
155.68408
155.68418
155.684224
155.684292
155.68454
155.68464
155.68468
155.684744
155.685696
155.68576
155.685824
155.684864
155.684928
155.806204
155.806304
155.809336
155.809436
155.840248
155.840348
155.840564
155.840664
155.840812
155.840912
155.84096
155.84106
155.841844
155.84194
155.842064
155.842164
155.842508
155.842608
155.842692
155.842792
155.843044
155.843408
155.844496
155.84456
155.8436
155.843664
155.867152
155.867252
155.878928
155.879028
155.879248
155.879344
155.879972
155.880072
156.023188
156.023284
156.101536
156.101644
156.12628
156.12638
156.163364
156.163464
156.1769
156.177
156.32182
156.32192
156.321968
156.322068
156.33506
156.365392
156.365492
156.367316
156.367416
156.368936
156.369036
156.369184
156.369284
156.369436
156.369536
156.369608
156.369708
156.369772
156.369872
156.369952
156.370052
156.370096
156.370188
156.371684
156.371748
156.371812
156.371876
156.437852
156.437952
156.69936
156.69946
156.726352
156.726452
156.744416
156.744516
156.760164
156.760264
156.871356
156.871456
157.258872
157.258972
157.330716
157.330816
157.363556
157.363656
157.36866
157.36876
157.439804
157.439904
157.446404
157.48274
157.48284
157.503056
157.503156
157.521724
157.521824
157.536732
157.536832
157.537296
157.537396
157.53744
157.537504
157.537548
157.537612
157.537656
157.537748
157.538196
157.538296
157.538348
157.538448
157.538592
157.538692
157.539032
157.539892
157.539956
157.54002
157.540084
157.540148
157.644936
157.645036
157.645764
157.645864
157.645956
157.646056
157.646348
157.646448
157.689244
157.689344
157.86556
157.86566
157.866204
157.866304
157.870528
157.870628
158.02638
158.02648
158.11578
158.11588
158.138356
158.138456
158.16754
158.16764
158.184232
158.184332
158.19134
158.19144
158.382348
158.382448
158.384476
158.384576
158.385472
158.385572
158.38748
158.38758
158.388372
158.388472
158.388516
158.388608
158.388828
158.388928
158.389148
158.389248
158.389292
158.389364
158.389668
158.390756
158.39082
158.390884
158.390948
158.446852
158.446948
158.594524
158.594624
158.675108
158.675208
158.787708
158.787808
158.839996
158.840096
158.856144
158.856244
158.858864
158.858964
158.872312
158.872412
158.919692
158.919788
158.993436
158.993536
159.118976
159.119076
159.124532
159.124632
159.12534
159.12544
159.125536
159.125636
159.125904
159.126004
159.167372
159.167468
159.420784
159.420884
159.498552
159.498652
159.68562
159.68572
159.745788
159.745888
159.803376
159.803476
159.806608
159.806708
159.917288
159.917388
159.91804
159.91814
159.918676
159.918776
159.919104
159.919204
159.919304
159.919404
159.919916
159.920016
159.920268
159.920368
159.920428
159.920528
159.920936
159.921036
159.921536
159.9216
159.921664
159.921728
159.921792
159.949208
159.949308
159.950396
159.950496
159.950792
159.950892
159.951068
159.951168
159.952064
159.97678
159.97688
160.209584
160.209684
160.2514
160.2515
160.303856
160.303952
160.334264
160.334364
160.361164
160.361264
160.40854
160.40864
160.450612
160.450712
160.478128
160.479052
160.479152
160.479196
160.479268
160.479428
160.479528
160.479572
160.47966
160.479808
160.479908
160.479984
160.480084
160.4802
160.4803
160.480344
160.480408
160.48128
160.481344
160.481408
160.481472
160.481536
160.612956
160.613056
160.697056
160.697156
160.923592
160.923692
160.955932
160.956032
160.956372
160.956472
160.991364
160.991464
161.127472
161.127572
161.263544
161.263644
161.598964
161.599064
161.672044
161.672144
161.672472
161.672572
161.672616
161.67268
161.672724
161.672788
161.672832
161.672896
161.67296
161.67306
161.673104
161.673192
161.673236
161.673308
161.673372
161.6752
161.67424
161.674304
161.674368
161.674432
161.795596
161.795696
161.94898
161.94908
161.949124
161.949224
161.992456
161.992556
162.015532
162.015632
162.069368
162.069468
162.17306
162.17316
162.203392
162.203492
162.36114
162.36124
162.452784
162.452884
162.493408
162.493508
162.680668
162.680768
162.760796
162.760896
162.97674
162.97684
163.022276
163.022376
163.03452
163.03462
163.034664
163.03474
163.035008
163.035108
163.035828
163.035928
163.035968
163.036036
163.036308
163.036408
163.043496
163.043596
163.045244
163.045344
163.04544
163.04554
163.0457
163.045992
163.04708
163.047144
163.047208
163.047272
163.315276
163.315376
163.341656
163.341756
163.495872
163.495972
163.509788
163.510356
163.510456
163.644264
163.644364
163.728604
163.728704
163.755636
163.755736
163.930796
163.930896
163.96434
163.96444
164.194724
164.194824
164.2601
164.260196
164.283616
164.283716
164.283776
164.283876
164.28392
164.28402
164.28412
164.28422
164.284324
164.284428
164.2846
164.284696
164.28474
164.284804
164.284848
164.284912
164.284956
164.285748
164.285812
164.285876
164.28594
164.286004
164.286068
164.376848
164.376948
164.440972
164.441072
164.615424
164.615524
164.61946
164.61956
164.69474
164.69484
164.70608
164.70618
164.707588
164.707688
164.707912
164.708012
164.70814
164.70824
164.708284
164.708348
164.708392
164.708452
164.708496
164.708568
164.708656
164.708756
164.7088
164.70924
164.710328
164.710392
164.709432
164.709496
164.822188
164.822288
165.034008
165.034108
165.324784
165.324884
165.32868
165.329464
165.33088
165.33098
165.331092
165.331192
165.332184
165.332284
165.33292
165.33302
165.33556
165.33566
165.335724
165.335824
165.336368
165.336464
165.336596
165.336696
165.337892
165.337956
165.33802
165.338084
165.337124
165.490764
165.490864
165.495512
165.495612
165.596428
165.596528
165.719336
165.719436
165.719772
165.719872
165.730212
165.730316
165.73456
165.755364
165.755464
165.783516
165.783616
165.87214
165.87224
165.898568
165.898668
166.290924
166.291024
166.4025
166.402596
166.515472
166.515572
166.63738
166.63748
166.745144
166.791772
166.791872
166.827276
166.827376
166.848364
166.848464
166.926016
166.926112
166.968636
166.968736
167.08808
167.08818
167.1231
167.1232
167.129188
167.129288
167.35686
167.35696
167.367176
167.367272
167.369496
167.369596
167.369668
167.369768
167.36982
167.36992
167.369968
167.370068
167.370112
167.370184
167.370332
167.370432
167.370476
167.370568
167.370608
167.370688
167.37142
167.371484
167.371548
167.371612
167.371676
167.37174
167.470824
167.470924
167.676464
167.676564
167.715976
167.716076
167.716404
167.716504
167.760896
167.760996
167.773132
167.773232
167.921224
167.92132
168.308528
168.308628
168.33028
168.33038
168.330432
168.330532
168.330972
168.331072
168.331784
168.331884
168.33212
168.33222
168.332264
168.332332
168.332376
168.332476
168.33252
168.332616
168.33266
168.333436
168.3335
168.333564
168.333628
168.333692
168.447812
168.447912
168.49998
168.50008
168.790884
168.790984
168.934652
168.934752
169.056856
169.056956
169.149908
169.150008
169.25946
169.25956
169.310604
169.310704
169.49974
169.49984
169.500024
169.500124
169.67952
169.67962
169.680492
169.680592
169.680716
169.680816
169.681352
169.681452
169.681492
169.68156
169.681656
169.681756
169.681852
169.681952
169.681996
169.682064
169.682272
169.682672
169.68376
169.683824
169.683888
169.683952
169.682992
169.683056
169.747352
169.747452
169.805936
169.806036
169.9897
169.9898
170.006644
170.006744
170.007316
170.007416
170.142472
170.142572
170.14366
170.14376
170.492596
170.492696
170.499124
170.49922
170.500364
170.500464
170.766292
170.766392
170.789128
170.789228
170.866432
170.866532
170.901424
170.901524
170.955176
170.955276
171.31586
171.31596
171.32964
171.329736
171.428792
171.428892
171.430572
171.430672
171.503372
171.503472
171.642272
171.642372
171.853528
171.853628
171.866792
171.866892
171.869456
171.869556
171.869788
171.869888
171.870392
171.870492
171.870536
171.8706
171.870812
171.870912
171.871032
171.871132
171.871372
171.871472
171.871516
171.87158
171.87308
171.873144
171.873208
171.873272
171.872312
171.872376
171.873568
171.874552
172.035356
172.035452
172.186016
172.186116
172.19158
172.19168
172.192344
172.192444
172.192488
172.192584
172.194156
172.194256
172.194592
172.194692
172.194884
172.194984
172.195512
172.195616
172.195852
172.195948
172.19628
172.197488
172.197552
172.197616
172.19768
172.197744
172.5186
172.5187
172.579456
172.579556
172.985356
172.985452
173.053912
173.054012
173.054764
173.054864
173.486848
173.486948
173.514636
173.549008
173.549108
173.718816
173.718916
173.897512
173.897612
173.905444
173.905544
173.90736
173.90746
173.931744
173.931844
173.934116
173.934216
174.11482
174.11492
174.225952
174.226052
174.362912
174.363012
174.48386
174.48396
174.547308
174.547404
174.5491
174.5492
174.621408
174.621508
174.640592
174.640692
174.679528
174.679628
174.82404
174.82414
174.845936
174.846036
174.909872
174.909972
174.922464
174.922564
174.92268
174.922776
174.923132
174.923232
174.923988
174.924088
174.924132
174.924196
174.924284
174.924384
174.924508
174.924608
174.924652
174.924748
174.924848
174.925616
174.926704
174.926768
174.926832
174.925872
174.925936
174.926
175.297032
175.297132
175.45786
175.45796
175.67162
175.67172
175.674168
175.674268
175.675656
175.675756
175.676128
175.676228
175.676288
175.676388
175.676612
175.676712
175.677
175.6771
175.677144
175.677236
175.677292
175.677388
175.677908
175.677972
175.678036
175.6781
175.678164
175.699112
175.699212
175.977712
175.977812
176.00628
176.00638
176.202028
176.202128
176.28266
176.28276
176.493148
176.493248
176.497
176.4971
176.611008
176.611108
176.683624
176.683724
176.6849
176.685
176.685804
176.685904
176.686256
176.686356
176.686576
176.686676
176.686952
176.687052
176.687344
176.687444
176.687668
176.687768
176.688024
176.688124
176.688892
176.688956
176.68902
176.689084
176.777132
176.777232
176.777608
176.777708
176.78122
176.78132
176.9213
176.9214
176.921444
176.921528
177.28086
177.28096
177.354416
177.50392
177.50402
177.526756
177.526856
177.542692
177.542792
177.543088
177.543188
177.544212
177.544312
177.544372
177.544472
177.5447
177.544808
177.545296
177.545396
177.54546
177.54556
177.545704
177.545804
177.54588
177.54598
177.54694
177.547004
177.547068
177.547132
177.547196
177.77164
177.77174
177.80148
177.801584
177.80192
177.80202
177.863012
177.863112
178.027532
178.027624
178.07558
178.075676
178.07874
178.07884
178.151904
178.152
178.1556
178.1557
178.155844
178.155944
178.156512
178.156612
178.156704
178.156804
178.157004
178.157104
178.157488
178.157588
178.157812
178.157912
178.157988
178.158088
178.159216
178.15928
178.159344
178.159408
178.159472
178.16634
178.16644
178.167724
178.168804
178.406048
178.406148
178.471676
178.471776
178.482236
178.482336
178.560332
178.560432
178.608008
178.608108
178.65366
178.65376
178.655876
178.655976
178.726228
178.726328
178.96238
178.96248
179.025244
179.025344
179.163332
179.163432
179.16832
179.16842
179.182108
179.182208
179.227504
179.227604
179.228096
179.228196
179.229068
179.229168
179.229276
179.229376
179.22946
179.22956
179.229604
179.229684
179.229728
179.229816
179.22986
179.229924
179.229976
179.230656
179.23072
179.230784
179.230848
179.230916
179.230976
179.303696
179.303796
179.462032
179.462132
179.480308
179.480408
179.480776
179.480876
179.481052
179.481148
179.481412
179.481508
179.48166
179.48176
179.482016
179.482116
179.482212
179.482312
179.48256
179.48266
179.482764
179.483464
179.484552
179.484616
179.483656
179.48372
179.484032
179.484872
179.508936
179.509036
179.509772
179.509872
179.726412
179.726512
179.778584
179.901872
179.901972
179.931776
179.931876
179.985192
179.985292
180.042996
