0.58366
1.114264
6.03194
7.403004
7.822568
8.470136
12.040864
12.322344
13.3883
17.34332
19.49364
21.000724
21.880292
29.024332
33.808396
35.408816
36.287192
40.101332
47.473388
49.282132
55.237396
57.365644
58.852976
59.419084
67.358192
68.394748
68.624776
72.210744
74.15726
77.370216
78.701748
79.976628
82.976876
83.942196
86.848508
93.666168
93.68204
96.591208
98.420192
101.64408
104.288784
109.211716
111.659848
115.219548
115.438384
115.594452
115.71532
121.911996
121.978156
123.624444
125.496236
127.90298
130.838656
131.097544
135.418364
136.562076
137.534352
140.510996
145.79696
147.990904
154.019984
156.690112
158.123268
160.281708
160.90604
161.272804
164.490924
164.733988
165.107332
168.572672
169.438336
174.286496
174.814112
175.522664
176.397888
177.157988
177.698428
179.552292
180.246496
