0.739652
1.582776
1.900076
5.07644
7.647764
8.76992
11.899508
12.542672
14.079108
15.983324
20.529568
27.046812
30.200592
30.274936
36.013364
36.7467
36.99804
39.56262
41.47312
41.713812
42.656164
42.83442
43.793496
51.982692
58.440732
58.771712
61.704016
62.22914
62.443844
64.235352
64.604968
65.645196
66.372348
68.664884
72.723912
72.904932
72.917088
73.969176
75.615072
75.936624
77.392092
84.92466
95.85544
97.942064
107.121872
107.909216
122.682892
125.28094
125.840512
126.652464
129.742948
131.411708
136.69134
140.30084
145.603392
151.507772
155.06142
157.63256
160.090664
162.69166
164.26728
165.520608
175.604776
176.502708
176.973216
179.027072
192.466984
