0.018596
0.161224
0.329356
0.361964
0.4757
0.500748
0.601696
0.660168
0.864816
0.933116
1.183864
1.257808
1.262504
1.319692
1.391704
1.418516
1.4489
1.46146
1.68162
1.729748
1.747716
1.804932
1.87052
1.986096
1.996824
2.0226
2.296656
2.309452
2.39176
2.479852
2.604584
2.651216
2.714248
2.834844
2.968164
2.979408
2.992248
3.010968
3.210848
3.343888
3.40306
3.466508
3.498692
3.641876
3.682916
3.801736
3.944524
4.097504
4.111296
4.253524
4.394124
4.474892
4.476528
4.669528
4.688396
4.889256
5.055156
5.137508
5.181956
5.328656
5.37198
5.404304
5.450192
5.564596
5.585876
5.818488
5.820848
5.850024
6.202964
6.318744
6.327872
6.392828
6.430356
6.460412
6.55484
6.610024
6.740356
6.787728
6.85632
6.89224
6.90126
6.994352
7.108716
7.323208
7.442416
7.587328
7.647716
7.774132
7.792308
7.922908
8.153416
8.27086
8.275304
8.38694
8.461892
8.598744
8.661976
8.723636
8.735284
8.988512
8.997788
9.002588
9.181848
9.257352
9.515956
9.524028
9.569932
9.593612
9.704044
9.8578
9.8722
9.898792
9.973452
10.013616
10.06636
10.247704
10.275712
10.288244
10.324588
10.460504
10.500528
10.565896
10.571564
10.652372
10.660496
10.705864
10.843416
10.915532
10.927676
11.123528
11.16496
11.331056
11.571768
11.667988
11.7
11.71944
11.746008
11.78312
11.919476
12.08698
12.232884
12.263704
12.435196
12.682144
12.762864
12.780524
13.062004
13.07608
13.18162
13.282152
13.336916
13.491236
13.643468
13.673592
13.831096
14.037104
14.220968
14.225132
14.23574
14.308468
14.386884
14.395428
14.475872
14.483176
14.52632
14.598648
14.624488
14.704348
14.719724
14.775208
14.853012
14.901852
15.27228
15.352072
15.424204
15.52642
15.621776
15.81806
15.821024
15.840548
15.849204
15.930156
15.979796
15.985736
16.074736
16.18564
16.19202
16.217144
16.330316
16.337504
16.467844
16.470644
16.732112
16.757348
16.779048
16.976132
17.2077
17.209728
17.245064
17.542136
17.570124
17.647752
17.650268
17.827692
17.83848
17.929592
18.013284
18.0176
18.070776
18.091956
18.118644
18.156484
18.176316
18.358848
18.753444
18.969504
19.003868
19.234296
19.250536
19.398864
19.453084
19.477492
19.496528
19.547044
19.562464
19.647772
19.709828
19.851704
19.942276
20.085112
20.094572
20.13718
20.247716
20.282364
20.303148
20.445156
20.553104
20.659316
20.666716
20.697468
20.74126
20.777092
20.866356
20.89898
20.932484
20.992096
21.173032
21.241292
21.349984
21.433472
21.465924
21.520064
21.521932
21.525744
21.638468
21.6918
21.831508
21.889192
21.902532
21.975512
22.105084
22.107984
22.346604
22.3489
22.463704
22.468632
22.501248
22.653704
22.774712
22.83766
22.882716
23.04982
23.178744
23.278896
23.61172
23.663928
23.677392
23.727508
23.797196
23.95978
23.975416
24.115748
24.217084
24.312636
24.436992
24.482464
24.501872
24.545724
24.6395
24.728504
24.79902
24.838256
24.917972
24.990456
25.025248
25.05146
25.167696
25.228548
25.24734
25.30652
25.32166
25.382668
25.394492
25.492132
25.542988
25.56722
25.58384
25.703424
25.710332
25.810548
25.826988
26.007628
26.085132
26.102672
26.168528
26.304844
26.380128
26.490856
26.52782
26.579328
26.625768
26.62922
26.679916
26.710144
26.7298
26.732984
26.935268
27.03572
27.126024
27.193724
27.33302
27.40608
27.513972
27.76782
27.827376
27.83804
27.884312
28.032768
28.0731
28.105332
28.135884
28.192428
28.324332
28.526336
28.735808
28.98206
29.052508
29.11078
29.128504
29.155868
29.203144
29.279804
29.371164
29.560388
29.637448
29.643388
29.793744
29.950384
30.136488
30.147332
30.31604
30.35516
30.392864
30.408728
30.443052
30.447024
30.66408
30.719524
30.731256
30.90808
31.105492
31.225612
31.273244
31.322952
31.418736
31.464136
31.546288
31.588808
31.592088
31.629624
31.71998
31.977988
32.051512
32.06854
32.220612
32.241564
32.31164
32.315536
32.350108
32.364412
32.46206
32.54432
32.564496
32.75066
32.974276
33.054132
33.100724
33.158324
33.175124
33.21548
33.27182
33.34998
33.518872
33.550708
33.582948
33.594008
33.664708
33.696192
33.699936
33.825968
33.870076
33.874288
33.939952
34.045412
34.064696
34.116992
34.135464
34.156064
34.30346
34.358244
34.452928
34.522892
34.657172
34.774484
34.883276
34.98654
35.076412
35.204476
35.210524
35.31796
35.35198
35.422632
35.498764
35.504772
35.574772
35.586756
35.695332
35.701612
35.820028
35.885768
35.926568
36.05842
36.347876
36.464996
36.541568
36.551072
36.672848
36.694172
36.724896
36.73638
36.793688
36.813284
36.8178
36.9055
37.133648
37.45992
37.468004
37.577232
37.870504
37.892584
37.989824
38.064552
38.20618
38.241868
38.304324
38.348284
38.354056
38.367444
38.404688
38.45864
38.589696
38.619256
38.680296
38.928452
38.931052
38.97762
39.012272
39.019356
39.092544
39.180012
39.40226
39.445076
39.451392
39.519376
39.617624
39.625048
39.682256
39.712912
39.723364
39.745312
39.917164
40.024296
40.06248
40.086692
40.116644
40.125184
40.30164
40.669872
40.709312
40.804348
40.846368
40.886168
40.928172
41.251872
41.311272
41.4357
41.700848
41.761944
41.903444
41.916312
42.229672
42.278924
42.292816
42.307604
42.34214
42.48856
42.741604
42.815484
42.95448
43.02642
43.059108
43.3921
43.47932
43.499336
43.589588
43.620292
43.646216
43.659796
43.683372
43.770896
43.781944
43.861648
43.986924
44.148172
44.192052
44.245248
44.349248
44.625672
44.679516
44.708812
44.715432
44.884108
44.954864
44.985956
45.074324
45.103588
45.16182
45.181388
45.302904
45.329836
45.344136
45.512948
45.746424
45.786436
45.843092
45.918924
46.074864
46.195124
46.266296
46.585208
46.638988
46.65126
46.65638
46.714464
46.777092
46.80776
46.82044
46.832728
46.8567
46.896896
46.994356
47.05978
47.104596
47.141604
47.238532
47.343696
47.564756
47.602724
47.60768
47.643648
47.773464
47.8527
47.974316
48.027668
48.12416
48.2148
48.247732
48.281836
48.283484
48.29802
48.326224
48.807316
48.84118
48.850492
48.930484
48.937608
48.955508
49.138976
49.285584
49.292076
49.308348
49.34362
49.369004
49.417604
49.446356
49.56154
49.591456
49.705376
49.833836
49.86194
49.961636
50.048756
50.132932
50.14864
50.163076
50.232936
50.43946
50.5243
50.603032
50.702796
50.792928
50.80008
50.83674
50.913772
50.99512
51.089404
51.33428
51.647864
51.698736
51.707228
51.78448
51.819376
51.954216
52.023164
52.045908
52.048864
52.200584
52.22358
52.470604
52.638992
52.749684
52.791692
53.068748
53.17934
53.217724
53.466704
53.640096
53.688068
53.733496
53.834324
53.913864
53.971016
54.031156
54.051032
54.126116
54.148144
54.154444
54.425468
54.438724
54.506464
54.512184
54.527136
54.62206
54.704404
54.724096
54.767432
54.790016
54.968856
54.992784
55.017288
55.340976
55.361684
55.492288
55.49676
55.523196
55.834424
55.873168
55.940396
56.05566
56.12516
56.137856
56.27164
56.335748
56.374924
56.489224
56.496008
56.603792
56.646868
56.738752
56.938532
56.988788
57.064144
57.11478
57.130304
57.24118
57.391704
57.535676
57.570304
57.602496
57.626016
57.703592
57.710128
57.743356
57.773956
57.8319
57.927212
58.12248
58.160284
58.294392
58.302324
58.407772
58.447064
58.46942
58.632004
58.635104
58.678008
58.726068
58.744964
58.793312
58.795556
58.918424
58.977632
58.987444
59.305388
59.361408
59.409712
59.491396
59.657388
59.679728
59.727976
59.88636
59.992144
60.168484
60.276964
60.369868
60.382368
60.46236
60.50216
60.609432
60.71032
60.770096
60.795516
60.891496
61.108056
61.564892
61.615428
61.646256
61.734948
61.799548
61.985416
62.069996
62.213476
62.223328
62.25496
62.319496
62.327992
62.604488
62.694224
62.69618
62.699072
62.722936
62.918788
62.939572
62.97268
63.322112
63.457092
63.524984
63.577428
63.849928
63.901728
63.917016
63.997564
64.076272
64.094884
64.115208
64.124212
64.164064
64.17654
64.24874
64.48428
64.491724
64.702544
64.851676
64.86202
64.914728
64.921492
65.221688
65.233888
65.332804
65.390688
65.478184
65.55216
65.66058
65.685
65.735648
65.74074
65.742636
65.77604
65.941576
65.966
66.082136
66.1702
66.433944
66.476376
66.505932
66.522664
66.554692
66.557404
66.702184
66.875532
66.888948
66.932028
67.10384
67.113292
67.1901
67.345928
67.375752
67.378428
67.410668
67.624396
67.705664
67.892076
68.015324
68.017088
68.07606
68.43862
68.441276
68.64734
68.682348
68.739404
68.823988
68.934292
68.974192
69.29648
69.612648
69.694436
69.707464
69.70992
69.758416
69.85374
69.918792
69.920576
70.024664
70.033488
70.044404
70.048088
70.081416
70.112524
70.21294
70.365048
70.48696
70.7683
70.774448
70.78816
70.88268
71.150036
71.194116
71.229868
71.302568
71.329032
71.45242
71.501852
71.622492
71.730984
71.832072
71.849288
71.883644
71.924992
71.943056
71.95556
71.983288
72.060844
72.134152
72.184544
72.251132
72.271856
72.375732
72.480192
72.545856
72.575476
72.696488
72.805788
73.065652
73.087896
73.131048
73.181488
73.188896
73.208624
73.222304
73.318024
73.341072
73.382008
73.46626
73.473892
73.515888
73.551452
73.591636
73.641328
74.004724
74.045324
74.060936
74.156812
74.180128
74.217208
74.272744
74.318036
74.321284
74.351004
74.418896
74.423156
74.62002
74.6559
74.701164
74.759956
74.76496
74.903244
75.018932
75.141656
75.387772
75.405608
75.494744
75.909096
76.434584
76.5658
76.632848
76.79688
76.861988
76.915192
76.9295
77.048092
77.366584
77.4018
77.467392
77.629084
77.669492
77.71904
77.776096
77.802244
77.842992
77.853864
77.85738
77.91846
77.985344
78.066064
78.363892
78.38288
78.678372
79.00204
79.01132
79.065164
79.073696
79.16678
79.211908
79.23952
79.269596
79.447876
79.556504
80.01202
80.222536
80.292492
80.410292
80.451432
80.504492
80.606832
80.848992
81.100544
81.150504
81.184892
81.36824
81.39594
81.469728
81.543848
81.606668
81.689256
81.780588
81.959116
82.007144
82.048312
82.114372
82.116104
82.21094
82.221028
82.264576
82.325964
82.34696
82.363456
82.390376
82.405564
82.4599
82.47076
82.607036
82.618168
82.675708
82.713948
82.722444
82.73784
82.931172
83.049672
83.20996
83.257504
83.308784
83.487328
83.581468
83.603448
83.721228
83.73032
83.734312
83.742136
83.90184
83.912584
83.972044
84.047244
84.078996
84.15412
84.166872
84.18522
84.2939
84.395288
84.422564
84.425512
84.444248
84.481232
84.537588
84.611076
84.870744
84.978792
84.98708
85.109544
85.171424
85.220616
85.275472
85.287696
85.322124
85.363896
85.45642
85.537596
85.565616
85.750244
85.814828
85.875724
85.896316
85.966796
86.08758
86.163312
86.186536
86.305656
86.363444
86.379636
86.504932
86.56374
86.609932
86.73302
86.777596
86.786656
86.87836
86.906368
87.061108
87.205756
87.234816
87.267212
87.37944
87.511956
87.518884
87.552748
87.65568
87.669592
87.728156
87.854736
87.982588
88.092464
88.342424
88.359612
88.430796
88.565016
88.694636
88.717536
88.726272
88.749552
88.784044
89.077876
89.085728
89.094364
89.257812
89.419824
89.518296
89.721888
89.866648
89.989968
90.061296
90.253268
90.32834
90.361432
90.384036
90.429168
90.434256
90.508328
90.58154
90.588472
90.689044
90.737492
90.7559
90.798524
90.858488
91.15982
91.229652
91.267528
91.364972
91.505772
91.521192
91.805268
91.919272
92.112976
92.135832
92.151352
92.338316
92.456756
92.556888
92.574616
92.60168
92.679912
92.7232
92.751608
92.768108
92.924252
92.962064
93.063484
93.086336
93.330824
93.355412
93.460504
93.590136
93.60414
93.696376
93.74138
93.864444
94.079336
94.089416
94.269664
94.52646
94.539072
94.631508
94.645584
94.683732
95.158016
95.360756
95.424976
95.469472
95.517544
95.536116
95.572692
95.610844
95.633944
95.71972
95.731692
95.766336
95.772424
95.775868
95.852664
96.16512
96.268736
96.31398
96.353144
96.463424
96.518156
96.549384
96.617388
96.7072
96.811136
96.874428
96.904408
96.92066
96.990528
97.122016
97.166168
97.18242
97.221256
97.263572
97.629372
97.71252
97.76608
97.994204
98.002452
98.026404
98.058656
98.065324
98.102776
98.275384
98.323384
98.327376
98.343972
98.35622
98.406364
98.452032
98.457292
98.554512
99.013424
99.032952
99.115196
99.175384
99.19118
99.249884
99.31684
99.469784
99.477756
99.611476
99.617316
99.770156
99.796752
99.919408
100.059856
100.081748
100.319108
100.338784
100.36002
100.49478
100.526232
100.548604
100.65202
100.6558
100.705616
100.728436
100.95982
101.054496
101.058492
101.158244
101.19898
101.309736
101.315888
101.363204
101.367012
101.463332
101.726184
101.806296
101.996348
102.22346
102.241104
102.243556
102.263156
102.36922
102.581948
102.761792
102.844624
102.850652
102.885852
102.95572
102.964584
103.135552
103.162996
103.174672
103.219932
103.242568
103.284772
103.308572
103.374916
103.42486
103.4296
103.557412
103.568748
103.58074
103.687952
103.849176
103.944668
104.046064
104.13824
104.226596
104.3563
104.372944
104.37666
104.389124
104.503852
104.549648
104.59508
104.708108
104.957492
104.959256
105.363836
105.469796
105.531824
105.5842
105.599256
105.7499
105.888136
105.955724
105.963108
106.0937
106.1528
106.168136
106.190264
106.2826
106.34094
106.516172
106.552696
106.624676
106.653712
106.835312
106.952428
107.00932
107.074364
107.093024
107.194248
107.345524
107.38092
107.417168
107.5548
107.619848
107.624856
107.6337
107.715648
107.767412
107.8395
107.899752
107.931372
108.015352
108.019988
108.132756
108.215196
108.328348
108.379224
108.429412
108.561512
108.565872
108.638496
108.640504
108.737356
108.76056
108.76718
108.898796
109.005948
109.074016
109.079104
109.125724
109.188656
109.27544
109.434088
109.582396
109.602708
109.634308
109.641644
109.679076
109.727216
110.038208
110.055312
110.080996
110.141804
110.150328
110.297676
110.350348
110.357824
110.54676
110.663668
110.671612
110.69698
110.834236
110.83836
110.957728
110.970732
111.017748
111.186724
111.216244
111.259764
111.274052
111.302896
111.406536
111.525164
111.553364
111.573584
111.613032
111.648712
112.023752
112.0515
112.145976
112.162284
112.261748
112.288976
112.62056
112.651864
112.703336
112.845596
112.875992
112.89768
112.942208
113.049492
113.435868
113.452256
113.516736
113.575476
113.627236
113.759372
113.808564
113.939408
113.958144
113.992364
114.000348
114.008424
114.22418
114.294916
114.299584
114.304208
114.457884
114.608484
114.706544
114.759448
114.861864
114.880136
114.9677
115.054776
115.248412
115.252672
115.322996
115.375536
115.4691
115.51128
115.622056
115.805624
115.88958
115.948184
115.997028
116.031148
116.117576
116.136032
116.14848
116.212888
116.302432
116.340268
116.446188
116.523268
116.628612
116.749176
116.774216
116.807752
117.014508
117.047032
117.05
117.322216
117.48516
117.609876
117.692432
117.716384
117.730452
117.988364
118.069512
118.09254
118.100268
118.111568
118.14592
118.149548
118.250832
118.341312
118.403504
118.463964
118.475188
118.649416
118.729324
118.786716
118.828952
118.857312
118.91426
119.14534
119.159616
119.237684
119.274312
119.353392
119.39276
119.49332
119.525636
119.582668
119.705108
119.708824
119.804032
119.826652
119.87126
119.920156
120.103608
120.120828
120.327316
120.516836
120.525224
120.55618
120.618168
120.624932
120.697336
120.711048
120.972492
121.05276
121.101632
121.110992
121.15406
121.259108
121.367176
121.436952
121.510816
121.571928
121.699024
121.784252
121.87996
121.91666
121.98486
122.170984
122.227332
122.277696
122.3432
122.361788
122.410132
122.41226
122.5352
122.565416
122.666632
122.723228
122.763964
122.876828
122.913912
122.97964
122.998268
123.08906
123.16678
123.239696
123.345828
123.675108
123.689796
123.727668
123.73206
123.77398
123.79128
123.957116
123.958936
124.079768
124.092584
124.181032
124.21152
124.223676
124.323468
124.370168
124.429424
124.441944
124.56878
124.595292
124.662012
124.676288
124.710048
124.73438
124.744176
124.785232
124.793384
124.997204
124.999668
125.171152
125.23878
125.316372
125.348192
125.405416
125.489348
125.52992
125.55588
125.612788
125.7985
125.818404
125.857464
125.912428
126.144552
126.157464
126.198572
126.207376
126.233948
126.270744
126.332184
126.364116
126.37422
126.398496
126.419608
126.446708
126.467084
126.468936
126.471864
126.589704
126.748728
126.779304
126.82332
126.990996
127.02252
127.033904
127.080588
127.132748
127.203196
127.226852
127.468668
127.645992
127.797888
127.852308
127.872568
127.958572
127.973656
128.11622
128.187664
128.557744
128.579772
128.593664
128.626972
128.756716
128.92554
128.975568
128.989072
129.045356
129.119732
129.234008
129.269804
129.302548
129.30938
129.35236
129.42184
129.635444
129.742676
129.797564
129.825496
129.875612
129.950072
130.011148
130.088464
130.105744
130.239032
130.256112
130.29006
130.37398
130.403612
130.416272
130.680884
130.689896
130.734224
130.811992
130.879084
130.93558
131.012032
131.027408
131.164148
131.169692
131.210644
131.314168
131.336444
131.560168
131.580744
131.59594
131.662324
131.675836
131.777408
131.792756
131.896564
132.000376
132.024204
132.182076
132.333356
132.401464
132.519288
132.606436
132.801272
132.84756
132.871332
132.974
133.02706
133.125552
133.20462
133.450548
133.684216
133.698032
133.710884
133.838496
133.92008
133.929568
133.971368
134.096576
134.104444
134.141032
134.147292
134.168884
134.174272
134.214368
134.472684
134.4993
134.68636
134.714664
134.931736
135.005932
135.122564
135.228116
135.2659
135.287644
135.360316
135.3981
135.434572
135.469296
135.611852
135.729888
135.747416
135.793616
135.913496
135.942868
136.14518
136.258412
136.323484
136.417236
136.496772
136.52494
136.572104
136.574952
136.626348
136.63904
136.770168
136.791076
136.82804
136.833536
136.852348
137.115492
137.237452
137.347736
137.527332
137.59482
137.652364
137.662948
137.854228
138.154292
138.266612
138.29996
138.385364
138.430992
138.469192
138.49572
138.508648
138.668016
138.681276
138.82132
138.86632
138.953688
138.958012
139.084516
139.094616
139.23416
139.335264
139.342056
139.37294
139.45638
139.493012
139.518276
139.536396
139.583756
139.586572
139.82112
139.993356
140.242644
140.263956
140.43222
140.557952
140.588108
140.640268
140.763232
140.771216
140.790604
140.89342
140.906624
140.915356
140.925504
141.079396
141.201512
141.366728
141.389464
141.463264
141.498264
141.546492
141.553188
141.610308
141.719476
141.752152
141.90472
142.031368
142.068308
142.228288
142.275964
142.290956
142.3952
142.592824
142.598304
142.622316
142.71616
142.750716
142.76802
142.775308
142.794544
142.843204
142.967952
142.971556
142.980228
143.053532
143.066896
143.132704
143.141792
143.240712
143.356648
143.788424
143.96002
144.005204
144.03284
144.04416
144.111424
144.216892
144.247472
144.287592
144.44664
144.8073
144.866588
145.090452
145.181992
145.241972
145.32554
145.371044
145.393808
145.40646
145.608524
145.716
145.814624
145.958116
145.993192
146.01708
146.066468
146.097896
146.2451
146.418228
146.531112
146.53268
146.670804
146.830672
146.867504
146.933032
147.095132
147.257336
147.280564
147.324316
147.406
147.435308
147.44474
147.507504
147.637228
147.722616
147.820052
147.8438
147.852168
147.867756
147.945284
148.036152
148.11966
148.213852
148.2432
148.270032
148.304456
148.45668
148.483124
148.586216
148.654224
148.671744
148.701948
148.719632
148.73822
148.775172
148.822288
149.058704
149.244696
149.260048
149.297988
149.580804
149.770412
149.790652
149.811464
149.826668
149.883152
149.975648
150.111692
150.189928
150.205752
150.463408
150.672032
150.814848
150.84628
150.992596
151.169588
151.220968
151.464108
151.496508
151.56926
151.680368
151.817252
151.889688
151.9243
151.9863
152.0395
152.062956
152.122012
152.128112
152.311164
152.547728
152.558812
152.703736
152.783356
152.804856
152.80652
152.892176
152.973464
153.040596
153.08524
153.089944
153.16988
153.196968
153.272588
153.40766
153.419812
153.642288
153.704228
153.787028
153.867168
153.937004
153.999496
154.024516
154.088076
154.159132
154.20496
154.32054
154.37404
154.489836
154.534072
154.980612
155.122772
155.193688
155.199236
155.24844
155.253988
155.280472
155.317664
155.48722
155.537004
155.662404
155.72672
155.748564
155.761284
155.771864
155.892192
156.052828
156.056284
156.096396
156.177848
156.232416
156.420444
156.868252
156.8823
156.963376
157.148556
157.258352
157.28008
157.329464
157.371336
157.71414
157.838984
157.864904
157.9997
158.103432
158.12116
158.138608
158.261924
158.278152
158.453796
158.456272
158.53518
158.602328
158.655316
158.666136
158.701268
158.722244
158.726984
158.818144
158.853004
158.868712
158.891008
158.909232
158.914136
159.30162
159.351456
159.36182
159.384096
159.481212
159.547168
159.673596
159.742956
159.760972
159.830368
160.005484
160.059792
160.06966
160.07212
160.095576
160.158272
160.16408
160.224964
160.351904
160.4192
160.48886
160.566652
160.568456
160.633704
160.676216
160.696332
160.773724
160.84814
160.94346
160.94656
161.1681
161.189604
161.329492
161.362128
161.430448
161.480084
161.5047
161.611204
161.825108
161.857184
161.989092
162.046728
162.11732
162.156352
162.270332
162.57656
162.733756
162.74484
162.748644
162.86826
162.906612
162.986984
163.068904
163.16022
163.236888
163.245224
163.431268
163.460772
163.53168
163.554952
163.565156
163.588244
163.607308
163.616408
163.666172
163.829616
163.898872
163.929528
163.979724
164.028972
164.0353
164.155404
164.178276
164.198964
164.23908
164.559948
164.623736
164.847684
164.895104
164.92918
165.005172
165.188404
165.246256
165.269612
165.379656
165.396496
165.432552
165.514064
165.518868
165.612192
165.633372
165.640648
165.743236
165.853096
165.88256
165.911932
166.114932
166.155796
166.18908
166.383144
166.454788
166.563372
166.718316
166.7553
166.942232
166.99758
167.011988
167.02244
167.087232
167.341356
167.502248
167.537344
167.756268
167.788868
167.8303
167.858424
167.9021
168.185968
168.213556
168.246644
168.264536
168.297264
168.300748
168.49936
168.538648
168.544996
168.56244
168.57276
168.582108
168.656324
168.786144
168.828948
168.842348
168.974812
169.017488
169.049264
169.199628
169.206932
169.526384
169.60052
169.60616
169.671932
169.692828
169.84738
169.965428
170.042016
170.135288
170.138316
170.160916
170.193152
170.238192
170.30072
170.322964
170.398572
170.441884
170.523876
170.615844
170.813364
171.148652
171.311592
171.351404
171.533452
171.675048
171.750496
171.782292
171.787236
171.995016
172.03354
172.156476
172.239
172.419404
172.500128
172.553272
172.557416
172.572964
172.618824
172.719492
172.722832
172.781024
172.786772
172.792112
172.859876
172.869788
173.001836
173.02148
173.031728
173.086116
173.114872
173.178168
173.222664
173.231224
173.25222
173.293372
173.371312
173.427724
173.603816
173.684664
173.749048
173.776852
173.855116
174.099668
174.136936
174.140616
174.314708
174.357756
174.404716
174.418216
174.458276
174.475172
174.504036
174.568928
174.579288
174.587544
174.684944
174.707684
174.782456
174.802276
174.841568
174.878024
174.888316
174.968956
175.110376
175.277464
175.325408
175.387172
175.457916
175.541508
175.567692
175.642296
175.699412
175.702524
175.79368
175.834968
175.922592
175.935164
176.042344
176.046696
176.07224
176.087136
176.09198
176.15894
176.203592
176.273968
176.313744
176.335696
176.3831
176.556728
176.562808
176.5746
176.645904
176.867716
176.869556
176.88258
176.987456
177.105244
177.228332
177.241088
177.353528
177.443392
177.661952
177.727464
177.800332
177.823992
177.97376
177.997812
178.105116
178.151184
178.176504
178.324652
178.36496
178.49662
178.617608
178.874624
178.892012
178.944232
178.963284
179.013976
179.085828
179.259372
179.30062
179.334592
179.34228
179.551028
179.600868
179.697544
179.699348
179.730052
179.733124
179.792784
179.91776
179.946928
179.992424
180.086244
