0.558276
2.041344
2.375192
2.741516
3.972536
4.40782
4.6319
5.458624
5.714968
6.362232
6.861596
7.516576
7.81334
8.380816
9.20526
9.330048
9.582312
10.61948
11.184924
12.4052
13.283792
14.077468
15.468036
16.41166
16.842608
16.912268
16.920272
17.777968
18.858092
19.253572
20.553672
21.066052
21.296192
21.855764
22.657576
23.727232
23.975536
25.028384
25.092716
25.135092
25.28348
26.044056
26.075732
29.753148
29.844396
30.086248
30.754364
31.08402
31.607084
31.630212
31.679952
32.444344
33.043528
33.185964
33.73008
33.98992
34.128672
34.240888
34.631512
34.661504
34.802876
36.637536
36.990492
38.411124
38.60264
38.871956
39.193408
39.372244
40.885028
41.294548
41.813132
42.179008
42.274964
42.494536
42.769216
43.04272
44.655648
45.324692
46.232008
46.371328
46.760984
48.137152
48.22912
48.680088
48.972936
49.30694
49.728004
50.048936
51.849124
53.315192
53.60136
53.877112
54.185176
54.681724
54.934612
55.01922
55.426704
55.660836
55.797916
56.018248
56.992572
57.576592
58.040804
59.328104
59.870896
60.115616
60.874384
60.905304
61.094536
61.212344
61.829968
62.153308
62.220768
62.434784
66.637196
66.973708
67.154968
68.444052
68.761196
69.111904
69.149996
69.882972
70.49946
70.854992
71.463152
72.196872
72.96572
73.198728
75.41568
75.599028
76.557276
76.892804
77.026872
77.225292
77.564976
77.587336
78.889136
79.927072
80.760404
81.199288
81.862328
81.890572
82.172408
82.403388
83.285776
84.08626
84.359268
85.058456
87.329424
88.591356
89.898828
90.428124
91.025308
91.630236
92.637028
92.799788
93.439252
93.552812
93.954608
94.10406
94.872044
95.3873
97.229904
97.39648
98.01364
98.161712
98.174652
98.500848
99.27
100.222572
101.090264
102.36988
102.700668
104.205152
104.706608
105.391352
107.14788
108.729024
109.397696
109.417652
109.444988
110.615728
110.666836
110.781616
111.713696
111.747968
112.108768
112.433688
112.438232
113.337588
113.924656
114.796284
114.96864
115.065908
115.12816
116.414416
116.710444
116.831924
116.891324
118.458608
119.000692
119.389476
119.898184
119.993328
120.6199
120.947784
122.21814
122.517904
122.559996
123.117784
124.158776
125.395948
125.8546
126.02084
127.606116
129.562992
130.374108
130.563368
131.52726
132.033456
132.326808
132.57272
132.735052
133.141012
133.197808
133.708876
133.824548
134.814732
135.219812
135.357084
135.41068
136.305892
136.952568
138.106976
138.596612
139.610276
141.77832
143.030152
143.344004
143.494608
143.50598
143.850572
144.791244
145.233288
145.545548
146.10458
146.684672
147.330004
148.0589
150.485084
150.499368
150.765752
151.483716
151.641008
151.916152
152.853976
153.621328
153.700732
154.346988
154.84376
155.73508
156.117356
157.105128
157.171588
157.29312
158.26654
159.347976
159.681188
160.653956
162.700504
164.148868
164.267896
165.73304
166.289844
166.438368
167.183372
167.504692
168.011652
169.015036
169.366304
170.136556
171.96336
173.086072
173.428048
174.376872
174.838272
175.254432
175.53664
176.233324
177.36692
178.282728
179.354556
179.51976
179.983016
180.678744
