0.332632
0.779448
1.411384
2.14338
2.581964
3.178372
3.8812
4.203668
4.658164
4.766652
6.02838
6.39052
7.129724
7.208704
7.83694
7.990272
8.54618
9.732088
10.04146
10.325264
11.523488
11.662796
12.018664
12.278652
12.58706
12.65544
13.10428
13.379276
14.590948
14.715316
15.649944
16.20834
16.441356
16.46314
16.54026
16.853616
17.024224
18.1819
18.638044
18.939836
19.326784
19.57326
21.680772
21.743556
21.79198
22.78734
22.852308
23.47394
24.3856
24.421432
25.14638
25.69702
26.068956
26.49326
26.612012
26.634756
26.663276
26.827416
26.831236
27.278308
28.447132
28.965448
29.089316
29.687908
29.867276
29.892388
30.036348
30.473972
30.882012
31.547348
31.744208
32.314744
32.331624
32.67444
32.752356
33.413684
33.601552
34.02386
34.632564
34.707728
34.789032
35.475824
36.273852
36.528168
36.55764
36.831164
37.39446
37.523264
37.628312
37.69372
37.893584
38.212524
39.204908
39.327992
39.504172
41.052912
41.364672
41.448992
41.662072
42.32774
42.721732
43.551584
43.567056
43.631936
45.132144
45.649904
45.665612
45.745372
46.556172
46.583568
46.788572
47.241292
48.013624
48.293516
48.444716
48.47704
49.052676
49.459692
49.796056
50.519832
50.683836
51.30984
51.363164
51.49602
51.718496
51.87814
52.133888
52.206448
52.465676
52.5352
53.894724
54.137696
54.32892
54.369616
54.38202
55.935408
58.252116
59.152812
59.26116
59.875636
60.1058
60.284064
60.29118
60.997632
61.662564
62.524996
63.469684
63.705344
63.792908
64.367212
65.675556
65.86418
66.084328
66.472608
66.480236
66.900452
67.340968
67.688236
68.090028
68.469928
68.525964
68.898176
69.181136
69.367228
69.45954
69.602956
69.904104
70.057224
70.681336
71.369888
71.372496
72.276648
73.29338
73.659588
74.278984
74.39232
74.476092
75.199716
76.429484
77.174264
77.467932
80.328696
81.53534
82.388656
82.721164
83.701924
84.591592
84.741792
85.283608
85.530048
85.604368
85.788324
86.027924
86.199572
86.894652
87.097496
87.3381
87.498064
87.955216
88.128388
89.060232
89.624508
89.715584
89.785536
90.160388
90.630916
90.773548
91.129116
91.413616
91.810836
92.099396
92.389524
92.528012
92.555956
92.844504
93.919272
94.16396
95.146264
95.908476
96.197584
96.252776
96.41706
96.471228
96.599296
96.768804
97.786692
98.025816
98.122008
98.98602
99.1923
99.582124
100.316352
101.45016
102.103152
102.139112
103.391824
105.078596
105.55686
105.61414
105.733308
106.44574
107.353492
107.888264
108.174176
109.274184
109.552416
110.72304
111.078848
111.464248
111.51304
112.01738
112.30856
114.107888
114.727128
114.896752
115.13896
115.632348
115.801496
116.66582
117.200412
117.21386
117.533108
117.66194
117.800764
118.005384
118.13592
118.472924
119.391192
119.731028
120.230392
120.321984
120.868688
120.991204
121.113148
121.771772
122.57048
123.431876
123.5529
123.653196
123.73264
124.082456
126.235836
126.804128
127.566352
127.643744
127.773228
129.292644
129.752804
130.13068
131.178836
131.344756
131.926188
132.331884
132.852996
135.736416
136.270916
136.460208
136.767508
136.788084
136.945344
137.0542
137.303336
138.16718
138.71524
138.777764
138.788012
138.94658
139.070404
139.4049
139.44418
139.533436
139.989704
140.22014
141.428708
142.073352
142.2593
142.999944
143.394104
143.613784
143.807128
143.89692
144.322056
144.75484
144.848356
145.340452
146.047464
146.458792
146.753676
146.933368
147.588828
148.049612
148.81414
148.844548
150.113016
150.64612
150.762916
151.177332
151.372572
151.630172
151.703612
152.212716
152.656552
152.79954
153.547096
153.690064
153.762596
154.025148
154.080516
154.280196
154.285584
154.459104
154.472796
154.86026
154.974368
155.134316
157.52002
157.789032
158.135696
158.259156
158.274588
158.498144
158.669944
159.332176
159.370756
159.615656
160.515484
161.585476
161.834164
162.379116
162.883904
163.12796
163.143444
163.478304
164.050452
164.988912
165.844216
166.11158
166.13516
166.180592
166.745108
166.934484
167.564136
167.607656
167.924484
169.367944
169.701428
170.1044
170.126796
170.459968
171.644732
171.767016
171.932936
173.117744
173.353296
173.362108
173.66616
174.01624
174.227028
174.44874
175.413752
176.60322
177.151456
177.18416
177.467044
178.3358
178.39084
178.5072
179.250608
179.984028
180.742388
