0.105156
0.962936
2.589884
3.429236
3.52506
3.823488
4.282036
4.672352
5.339172
5.75618
6.695784
6.904264
7.039764
7.623316
8.032596
8.3948
8.517264
10.295828
10.6612
11.135904
12.288884
12.34364
12.594532
13.093456
13.102304
15.445008
15.658652
16.51124
16.696772
16.826504
16.9417
17.027484
17.184732
17.749824
18.279072
19.428112
20.3385
21.332124
22.153608
22.56522
23.459056
23.908852
24.691692
24.939836
25.002916
25.009668
25.042456
25.060364
25.138276
25.950408
26.293756
26.573596
27.170908
27.3977
28.869228
29.014388
29.070944
29.518176
31.419192
31.493328
32.20084
32.569928
32.791672
33.068632
33.452308
33.885844
34.037272
34.670864
34.74414
35.205408
35.824596
36.147968
36.228868
36.3653
37.223828
37.348996
37.401668
37.538664
38.73602
38.921672
38.98524
39.155488
39.422572
41.398068
41.94564
42.082852
42.920284
43.131844
43.215408
43.286096
43.820468
44.479812
44.5878
44.75858
46.011944
46.513228
46.727768
46.763624
47.014964
47.245028
47.520216
47.775988
48.260432
48.646956
48.757012
49.090544
49.246948
49.502076
50.11546
50.522504
51.696816
52.01564
52.778432
53.005148
53.156228
53.840788
54.237548
54.717196
55.674552
55.931196
55.981744
57.092672
58.57368
58.75838
59.078576
59.083556
60.621148
60.648808
61.083888
61.766804
62.347184
62.977156
63.435688
63.680472
63.787224
65.311548
65.426904
65.88268
66.203908
66.35614
66.439724
66.898796
67.607756
67.717884
68.11494
69.083664
69.366308
69.874776
70.312876
70.899656
71.325592
71.390488
72.21962
72.246756
73.504416
74.198028
74.487628
74.857816
75.011904
75.389136
75.545104
75.77534
75.96124
76.312712
76.766468
77.169948
77.261208
77.486404
78.006636
78.278408
78.781424
79.041252
79.148652
80.65418
81.36994
81.378124
82.035828
82.644844
83.094132
83.537172
83.787728
83.82258
84.815792
85.287032
85.789132
86.345684
86.497268
86.979676
88.816516
89.045912
89.099416
90.021312
90.228
90.247988
91.00108
92.090844
92.255632
92.491084
93.04228
93.49262
93.73578
94.25244
95.033596
95.184292
95.38962
95.49228
96.148152
96.1509
97.668568
98.520696
99.185996
99.582648
99.944632
100.023224
100.515508
100.803416
101.072208
102.06718
102.100244
102.246852
103.597036
104.43526
104.832116
105.12404
108.504172
108.624888
109.72466
110.084984
110.724784
110.920256
110.980836
111.083016
111.19306
112.199684
112.40854
113.267464
113.49574
113.7333
113.87338
114.178712
114.764916
117.029968
118.31624
118.858172
119.189544
119.586864
120.12258
120.775628
120.993616
121.317468
122.000596
122.111364
123.052204
123.465368
123.700368
123.917148
124.22696
124.843116
126.3591
127.458452
128.099276
128.208728
128.670172
128.678612
128.748844
129.7106
129.750692
129.942504
131.129552
131.31018
131.985648
132.483648
132.501352
132.7123
134.666948
134.76606
134.945628
135.128468
136.578148
137.875224
138.155428
138.538744
138.992536
139.73692
139.838212
141.184444
141.71288
141.785244
141.969584
142.44486
142.664788
142.817588
143.213184
143.391232
144.392128
145.411168
145.599928
145.673768
145.853104
146.011464
146.219276
146.354468
146.429036
146.701872
146.821156
146.946592
147.218416
147.381756
147.39112
148.111208
148.561112
150.023548
150.859116
151.709476
152.003288
152.68596
152.689708
152.718428
153.050264
154.290088
154.886268
155.28352
155.383388
155.591024
155.610232
156.286816
156.46142
157.609172
157.750408
157.87812
158.18854
158.305656
158.466368
158.662088
158.905028
158.909168
159.59438
159.8548
161.072772
161.320724
162.55924
163.074036
163.49892
165.07844
165.401088
165.603572
165.710792
165.773208
166.159268
166.857124
167.139084
167.576256
167.824296
168.335848
170.145508
170.209724
170.27828
170.7846
170.93708
171.266844
171.4227
171.758604
172.884352
173.389728
173.805228
174.059708
174.508872
175.764972
176.122768
176.949868
177.962748
178.210072
179.24848
179.279696
180.3964
