0.266708
1.648368
1.96844
2.597012
4.926296
5.298828
6.082932
6.308948
6.319824
6.46266
6.571528
7.03518
7.98848
8.037224
10.076792
10.549324
10.664384
10.972812
11.548184
12.44428
15.047452
15.10144
16.546596
16.8752
16.938524
18.083152
18.195256
18.298756
19.150392
19.190744
19.967272
21.551004
22.247328
22.255912
22.758024
22.783844
23.169132
23.623476
23.951508
24.006744
24.024196
25.088804
26.057596
26.534544
27.817692
30.551864
32.243388
32.270248
33.532492
34.52778
34.732204
35.390944
37.400188
38.276988
39.178008
39.488108
39.592004
39.8721
40.269872
40.806968
41.629088
41.710408
42.2605
42.573796
43.064012
43.950872
44.952432
44.969332
45.189372
45.298096
46.101368
46.300104
46.627828
47.348756
47.719116
48.19308
48.21732
48.658068
48.828052
48.853528
48.904872
49.10812
50.075292
50.829564
50.849768
52.325276
53.119052
53.509048
55.453644
55.521628
56.825584
56.866268
58.862708
59.030884
59.298412
59.380276
59.647584
60.337396
61.18316
61.876884
62.707656
62.871452
64.491624
64.666608
64.84904
64.992152
65.305296
65.759876
65.764588
65.91058
66.88516
67.304688
67.786752
68.381428
68.452812
68.694056
69.353628
69.553428
69.735816
70.567256
71.327844
71.716616
71.719864
72.91468
73.008268
74.11288
74.29364
75.018472
75.564384
76.180808
76.35908
76.635604
76.70204
77.73764
78.179404
79.3739
79.86598
81.307372
83.446236
83.566048
85.95692
86.234656
88.391292
89.577444
89.717964
90.867032
92.566656
92.624756
92.741044
93.0231
93.479128
93.914836
93.983996
94.08936
94.725192
96.81088
96.920372
97.108568
97.364324
99.201892
99.26438
99.579112
99.591676
100.26022
100.355896
100.601588
103.483088
104.559112
104.762072
105.85906
106.159908
107.022368
107.153392
107.248844
107.665436
108.300784
109.27508
109.434828
109.839928
110.198256
111.468532
111.907936
111.962736
112.096552
112.499252
113.342036
114.254628
114.687196
115.135204
115.527592
116.608152
116.9972
117.337264
118.000476
119.369272
121.15144
121.477492
121.578616
122.120492
122.511724
122.722524
125.33822
125.470888
127.161548
128.988404
129.021388
129.374084
130.582524
130.80168
130.977848
131.388468
131.788328
132.448572
133.079988
134.563564
135.642956
135.873964
136.013484
138.52912
138.943268
139.132412
139.145568
140.102848
142.14196
142.3718
143.60696
144.190384
144.404828
144.690052
145.674924
145.792448
146.579416
146.730576
147.395188
148.388396
148.516604
148.535532
149.314512
149.368744
149.507688
150.27636
150.3441
150.808076
150.866956
151.65992
152.725784
154.019608
154.701568
154.73548
156.985508
157.224784
157.561084
157.767224
158.07038
158.09634
158.225044
159.18108
159.810516
160.475788
160.4952
160.716516
160.739976
162.263924
162.402252
162.461756
162.510492
163.077892
163.40558
163.501888
164.522224
165.061988
165.6639
167.52922
168.124128
170.932204
171.24696
171.454352
171.58862
171.865516
171.960004
171.996444
173.19384
174.149272
174.714628
174.785988
174.868456
175.59346
175.646284
176.591372
176.774276
178.539844
179.009436
179.455656
179.508484
180.448704
