0.147356
0.172156
0.360312
0.610388
0.761148
0.91644
0.932972
1.17098
1.188828
1.372184
1.591464
1.628916
1.740076
1.744712
2.009388
2.128252
2.232628
2.252288
2.384932
2.41112
2.534096
2.58492
2.690496
2.768392
2.801916
2.923108
3.320012
3.417132
3.421432
3.463396
3.84184
3.883244
4.405516
4.423416
4.66574
4.6938
4.710432
5.013056
5.227844
5.309852
5.421836
5.459644
5.598228
5.811612
6.195388
6.220492
6.380084
6.425776
6.479108
6.594588
6.753112
6.906652
7.117236
7.18226
7.199136
7.234688
7.471736
7.492576
7.561256
7.610428
7.654184
8.122972
8.416772
8.470964
8.514132
8.526708
8.770028
8.846844
8.893636
8.990556
8.99694
9.084664
9.10698
9.136956
9.155932
9.172588
9.206764
9.305792
9.335468
9.369552
9.396468
9.51298
9.850636
9.89702
9.90508
9.937808
10.314184
10.487424
10.57948
10.599108
10.605116
10.818832
10.83474
10.845744
10.878784
10.89962
11.032588
11.699392
11.723116
11.847996
11.941092
11.946012
11.994196
12.24818
12.290196
12.386492
12.54154
12.590204
12.65462
12.668236
12.71892
12.741216
13.020712
13.057516
13.256588
13.288088
13.292604
13.373952
13.415384
13.993616
14.131168
14.141112
14.170868
14.247012
14.293404
14.3124
14.41464
14.539712
14.62014
14.637752
14.766016
14.793292
14.918872
14.972188
15.179124
15.297828
15.315248
15.360108
15.418732
15.440432
15.49212
15.519568
15.58506
15.687328
15.784364
15.884204
16.22334
16.32756
16.333152
16.48526
16.576804
16.623964
16.742416
16.78706
16.817668
16.927956
17.205616
17.280004
17.305912
17.654456
17.735468
17.746324
17.778204
18.070052
18.284776
18.312512
18.61212
18.76368
18.887472
18.970228
19.007224
19.128984
19.267052
19.379096
19.49356
19.765724
20.031872
20.116348
20.230448
20.730892
21.155712
21.215556
21.423176
21.441188
21.500148
21.564864
21.615552
21.861776
22.07608
22.294472
22.377616
22.634616
22.815776
22.867188
22.9753
23.049104
23.447956
23.49262
23.529844
23.782024
23.976824
24.119752
24.376732
24.788588
24.893528
24.931472
24.953636
24.9662
25.019984
25.27614
25.49886
25.556224
25.590048
25.613784
25.632952
25.790516
25.802656
25.936932
26.052796
26.065404
26.20912
26.318936
26.408676
26.456796
26.626868
26.644888
27.392696
27.503368
27.552348
27.570996
27.685944
27.88014
28.017632
28.12378
28.15856
28.357472
28.569472
28.638296
28.737172
28.749092
28.88324
29.519956
29.727004
29.767928
30.435396
30.480244
30.503952
30.519504
30.563568
30.594224
30.766524
30.77706
30.952936
30.965892
31.386964
31.38996
31.433492
31.540256
31.65902
31.750928
31.831012
31.844872
32.019892
32.247664
32.25936
32.459504
32.704212
32.758248
32.770272
32.947272
33.267128
33.438428
33.636844
33.675416
33.77942
33.923888
34.155784
34.216672
34.331124
34.36904
34.52814
34.571628
34.600912
34.650096
34.689176
34.697596
34.7997
35.078892
35.25208
35.33886
35.341768
35.363048
35.512504
35.531464
35.540016
35.601856
35.67356
35.83872
35.885372
36.000548
36.217396
36.390268
36.723504
36.86326
36.985004
37.18014
37.188868
37.456676
37.598136
37.715352
37.721372
37.723488
37.82572
37.871668
38.120348
38.415516
38.423608
38.547332
39.433208
39.995308
40.0514
40.240224
40.514172
40.884856
41.099532
41.53614
41.665472
41.676768
41.940576
42.070044
42.163308
42.327804
42.358732
42.371952
42.711236
42.722044
42.889476
42.991984
43.179988
43.190496
43.264588
43.439656
43.450968
43.537128
43.571436
43.69516
44.02014
44.079696
44.388076
44.584356
44.672744
44.829492
44.960044
45.316368
45.379576
45.442628
45.53816
45.540404
45.624808
45.819124
45.933164
45.969348
46.082088
46.142516
46.150388
46.187548
46.192728
46.204412
46.339776
46.624792
46.62644
46.643928
46.747816
46.935248
47.070164
47.08504
47.089628
47.340408
47.39318
47.443784
47.657116
48.004512
48.197028
48.199788
48.331056
48.455496
48.62584
48.631344
49.150192
49.25458
49.4483
49.579708
49.935564
50.022804
50.18622
50.44942
50.48158
50.549516
50.56558
50.574624
50.593988
50.6096
50.671196
50.691452
50.818368
51.136628
51.227196
51.285088
51.32974
51.384908
51.9671
52.019924
52.063144
52.084616
52.134524
52.339848
52.389128
52.43966
52.784788
52.830844
52.94542
53.057036
53.20038
53.476548
53.67388
53.683296
53.78388
53.801216
54.023976
54.126792
54.178872
54.563392
54.593536
54.694788
54.798432
54.863092
55.193816
55.31548
55.426612
55.472964
55.517092
55.617996
55.9098
56.0124
56.138996
56.225324
56.257604
56.314968
57.039148
57.47054
57.483652
57.524248
57.602272
57.943632
58.323192
58.37156
58.492876
58.80008
58.868708
59.072532
59.1716
59.27788
59.317852
59.325824
59.84584
59.982228
60.047236
60.214124
60.51346
60.578252
60.927452
61.018596
61.128764
61.191372
61.305736
61.383668
61.688432
61.735372
61.902116
62.15818
62.188108
62.214924
62.266344
62.278924
62.611924
62.68426
62.82282
63.033108
63.048236
63.143368
63.146432
63.303468
64.01116
64.515532
64.673772
64.882156
64.93958
65.007888
65.033796
65.197568
65.331272
65.380156
65.526532
65.61338
65.626492
65.815404
65.824248
65.987284
66.22526
66.570164
66.862456
67.48836
67.648948
67.7615
67.764272
67.870288
67.928244
67.945844
68.729224
69.111904
69.371276
69.507528
69.775428
69.980784
70.10766
70.214328
70.286272
70.3268
70.440092
70.676276
70.745908
70.933588
71.085296
71.16666
71.24862
71.335336
71.375068
71.485444
71.805004
71.927096
71.934644
72.081284
72.22686
72.405752
72.5171
72.543784
72.58058
72.69282
72.708356
72.762072
73.043244
73.354088
73.568364
73.638688
73.665624
73.690856
73.76586
73.85564
73.905172
74.103756
74.190328
74.310656
74.570948
74.6503
74.798864
74.918132
75.12528
75.23756
75.422816
75.6166
75.722316
75.870124
76.064164
76.137492
76.213756
76.581344
76.846264
77.08174
77.283944
77.451224
77.5662
77.683416
77.825912
77.924024
77.986324
78.080056
78.376076
78.522048
78.533704
78.582992
78.746072
78.7529
78.799728
78.990644
79.048284
79.443696
79.64644
79.682532
79.937248
79.960804
80.05684
80.10448
80.364592
80.373848
80.461024
80.656192
80.672752
80.808252
80.837088
80.847136
80.914744
81.056196
81.159504
81.192892
81.330588
81.462388
81.712168
81.906124
81.958752
82.440476
82.638148
82.887976
82.896464
82.953152
82.968312
83.007132
83.12978
83.147792
83.248784
83.331188
83.357584
83.560348
83.589692
83.708072
83.78914
83.8853
83.974428
83.977444
84.131144
84.273316
84.696924
84.835252
84.870636
85.025212
85.19922
85.24264
85.437596
85.485832
85.721072
85.795296
85.871328
86.003108
86.148084
86.1927
86.408572
86.7103
86.778312
86.93764
87.09746
87.559356
87.601484
87.618896
87.728204
87.762036
87.766136
87.850268
88.04108
88.053788
88.09516
88.12292
88.581984
88.684596
88.997196
89.422628
89.560788
89.564084
89.660228
89.709052
89.850576
89.88228
89.891444
89.8932
89.938156
90.248608
90.513564
90.651804
90.760604
90.960268
91.04546
91.075328
91.302104
91.309832
91.360956
91.858472
91.87896
92.0374
92.062764
92.264284
92.477476
92.496196
92.522748
92.66574
92.767468
93.271976
93.380276
93.5909
93.771052
94.084124
94.140476
94.34904
94.532504
94.840912
94.88186
94.978664
95.033332
95.185452
95.19868
95.201496
95.50038
95.537912
95.790688
96.23722
96.445872
96.465624
96.908952
97.142412
97.583008
97.823852
97.835896
97.870944
97.911132
97.937684
98.047408
98.39632
98.461124
98.496632
98.973624
99.00798
99.019484
99.097796
99.146472
99.211808
99.275108
99.367124
99.696652
99.822128
99.90078
100.205964
100.263896
100.56796
100.753232
100.755108
101.34704
101.402648
101.59388
101.63348
101.792304
101.918948
102.011032
102.135256
102.143904
102.382336
102.393464
102.57982
102.6395
102.93218
103.169108
103.185196
103.204544
103.329048
103.475976
103.598528
104.350164
105.04748
105.174044
105.270608
105.759624
105.803588
105.902164
105.921184
105.971568
106.073996
106.113504
106.176728
106.3553
106.388912
107.185572
107.226412
107.32154
107.345876
107.453092
107.491232
107.616888
107.648724
107.813544
107.91642
108.192988
108.663108
108.685996
108.962768
108.986284
109.05648
109.131232
109.247112
109.431956
109.62392
109.879944
110.24996
110.50908
110.684504
110.726652
110.772704
110.78256
111.15232
111.165984
111.51112
111.714248
112.134296
112.491612
112.523576
112.660452
112.846416
113.005112
113.08508
113.09114
113.188892
113.363896
113.397228
113.459164
113.488868
113.727236
113.885392
113.960728
114.031216
114.151044
114.443748
114.572484
114.759576
114.793368
114.836992
114.895716
115.032368
115.230564
115.269456
115.306068
115.677696
115.951872
116.09512
116.642816
116.8368
117.143252
117.421124
117.458744
117.653828
117.938524
118.298924
118.369088
118.645808
118.746292
118.799404
118.821716
119.080728
119.1121
119.11438
119.420452
119.606504
119.620128
119.639704
119.665544
119.746192
120.026852
120.18562
120.280472
120.565428
121.005008
121.0767
121.185532
121.276932
121.643244
121.795684
122.08146
122.185252
122.293632
122.399836
122.432564
122.615792
122.637764
122.698724
122.841348
123.0709
123.076596
123.144868
123.193996
123.205156
123.309344
123.5712
123.580576
123.667092
124.027172
124.06152
124.147916
124.219744
124.371104
124.389104
124.540516
124.77658
125.011672
125.299256
125.447152
125.475744
125.953524
126.085016
126.29782
126.37134
126.51692
126.785112
126.805372
126.919636
126.946856
127.080024
127.175256
127.213096
127.283056
127.300784
127.576016
127.58634
127.899644
128.08252
128.436352
128.65762
128.678572
128.713032
128.71562
128.814772
128.971656
129.082828
129.089864
129.260804
129.289424
129.45162
129.463168
129.609632
129.755756
129.825056
130.12494
130.215396
130.499808
130.582008
130.924832
131.195404
131.639676
131.739272
131.803688
131.95718
132.192604
132.35662
132.466636
132.498044
132.550468
132.644064
132.654864
132.835052
133.132156
133.218084
133.462956
133.540236
133.849484
134.180884
134.378756
134.477804
134.504988
134.57128
134.654188
134.807372
134.902948
134.989176
134.993072
135.047048
135.097716
135.162864
135.35678
135.390068
135.583096
135.598692
163.138812
163.48894
163.560392
163.779732
163.82956
163.938244
164.305852
164.375024
164.519568
164.807296
164.86032
165.155052
165.18328
165.200668
165.260568
165.367056
165.848656
166.820984
166.925744
166.968652
167.641228
167.666808
167.85884
167.996484
168.248152
168.287616
168.622792
168.663724
168.804144
168.810172
168.876976
169.001928
169.37372
169.798988
169.850032
169.874172
170.220396
170.34964
170.379676
170.62992
170.691016
170.849632
170.92698
170.94192
171.412556
171.430884
171.625568
171.754052
171.785108
171.863936
171.911868
171.978132
172.006756
172.0381
172.406416
172.630352
172.69518
172.70478
172.709104
173.036092
173.066108
173.099252
173.192108
173.535772
173.628528
173.91344
173.944892
173.97316
174.078604
174.086316
174.636844
174.809008
174.963996
175.04166
175.091344
175.412316
175.455432
175.680356
175.747972
175.759624
175.974568
176.004856
176.028872
176.121184
176.178716
176.391512
176.701948
176.748588
176.8635
176.97796
177.051668
177.256568
177.275104
177.331028
177.49744
177.516448
177.629336
177.66326
177.666284
177.890176
178.203816
178.45278
178.573364
178.629304
178.668912
178.77396
178.880776
178.973412
179.6269
179.966304
180.12732
