Rate (cps): 0.3413286599053644
Error: 0.04334878315678611
0.08406
0.809224
2.065212
6.736284
4.00196
2.062324
7.456712
1.898788
0.54208
2.089924
3.204548
4.166784
3.551612
1.296512
1.36286
8.281228
0.53624
4.318712
2.95016
0.273728
3.581696
5.158564
3.43504
1.332796
7.189616
0.275316
3.078536
0.124648
0.179224
0.118632
3.66642
2.841744
0.635348
0.948552
1.296612
1.725368
0.47122
1.030784
3.203292
1.352484
6.635916
8.152916
0.837968
1.372256
1.924192
0.193968
0.029632
2.165056
0.652736
0.679076
8.47376
2.111336
1.740712
6.669196
1.791108
7.579376
9.092472
0.616956
7.476868
6.065328
2.044372
6.003068
