Rate (cps): 1.2577251751922518
Error: 0.08347815183612563
4.339876
0.002536
1.029856
2.27104
1.014384
0.120668
1.752932
1.278356
0.839044
1.635744
0.187012
0.41952
1.16106
0.274748
1.667584
0.472304
0.002196
0.226488
0.772792
0.177752
1.153268
0.570952
0.41666
0.854988
4.251204
0.003444
0.524484
2.069456
0.02338
1.960472
0.165224
0.818948
1.304856
1.379064
1.279032
0.017536
1.094272
0.002068
0.101944
2.020924
1.014952
0.00754
0.001788
0.233416
0.286616
2.22192
0.684156
1.41348
0.001976
0.438336
0.247772
0.539064
4.536464
0.054748
1.101704
0.01546
0.410096
1.294812
0.645208
1.090484
0.117144
0.913592
1.896708
2.046796
0.737412
1.959744
0.444228
1.27072
0.488688
1.604204
0.784344
0.1898
1.734116
0.9019
0.034888
0.301408
0.865664
1.554236
1.2062
0.104108
0.001576
0.937632
0.003264
0.002524
1.087912
2.691512
0.002388
1.190048
3.261764
0.315456
0.297668
0.454836
0.253116
0.002308
0.418084
0.791988
0.49678
0.785644
0.345228
0.345824
0.234188
0.81346
0.659504
0.511524
0.295916
3.242432
0.479608
1.42734
1.410172
0.047492
1.0272
0.466868
0.298432
1.002524
0.726844
0.158576
0.916376
0.317164
0.16178
0.023844
1.019516
1.028896
0.304248
0.141776
0.376896
0.00236
0.001624
0.001528
0.218568
0.001764
1.172744
2.821084
0.192788
0.150792
0.279724
0.049772
0.20288
0.356448
0.166292
1.12546
1.445216
2.196544
0.002356
0.006552
0.004708
0.935116
2.541664
1.23894
0.910828
0.027784
0.486256
0.529384
0.4138
0.428964
0.0018
0.761844
2.441124
2.466768
0.080376
0.594132
1.577208
0.159156
1.0076
0.172052
0.873988
1.733936
0.352864
0.247176
1.31242
1.679236
0.0018
0.0022
0.32362
0.508964
0.985184
0.390616
0.920016
0.00228
3.042196
0.346308
0.066552
0.171124
0.001696
1.593368
0.219284
0.00242
2.872908
0.00288
0.592604
0.004876
1.19958
0.041244
1.116656
0.083132
0.151836
0.502964
1.391172
1.088908
0.725112
4.109836
2.338816
0.090592
0.414096
0.27422
1.462304
0.6032
0.896156
0.5857
1.161792
1.481908
0.732192
1.202012
0.005424
0.46612
0.157888
0.158948
0.016784
0.05546
0.00454
1.529972
0.484168
0.673812
0.601412
1.15706
0.00254
0.001652
2.258768
