Rate (cps): 1.3945969060410122
Error: 0.08767755627786597
0.842176
0.073504
0.42324
0.197096
0.28354
0.330344
0.497712
1.923952
1.449516
0.311028
1.693216
0.592844
0.396396
0.297632
0.818116
0.023392
2.451872
3.139016
0.09746
0.594548
0.653596
0.5784
3.716708
1.116456
1.174172
0.972868
0.17176
0.651864
0.476512
0.00216
0.4459
0.731612
0.937592
0.483652
0.588004
0.22326
0.050724
1.324284
0.950324
2.194288
0.020852
0.446152
0.53084
1.270012
1.318868
0.476184
1.260344
0.193056
0.002096
1.811736
1.8806
0.568348
0.705356
0.005668
0.001776
0.002396
0.003956
1.348564
0.976004
1.65592
1.805092
0.008732
0.529944
1.174128
1.434004
0.20234
0.597296
1.108752
0.547476
0.097096
0.64014
0.001684
1.048132
0.700244
0.037264
0.004304
1.027416
0.263584
0.614828
2.228692
0.38046
0.908952
1.075588
0.346072
0.400844
0.693008
0.001912
0.143632
0.001696
0.09472
0.160532
0.355516
0.145688
0.39114
0.387672
0.931876
0.002164
0.24074
0.168456
2.20398
1.157944
1.57544
1.795648
0.002004
1.539612
0.452876
0.87092
0.0738
0.00176
0.434408
0.272588
1.95166
3.350844
0.346932
1.307652
0.07972
1.969144
0.206956
0.263104
0.54244
0.046492
0.243284
1.432156
0.797996
0.001892
0.00214
0.00196
0.422816
2.622084
0.841472
0.06598
0.004924
0.365444
0.351088
0.176916
0.002456
1.058236
0.286244
1.238336
2.350016
4.274532
1.217604
1.121848
1.808348
1.016312
0.435732
0.108288
0.011724
0.527028
0.031308
0.579596
0.120804
0.29384
1.32194
0.565808
1.01476
0.936564
1.220036
0.050548
1.895432
2.138716
0.38938
0.001804
0.046528
0.433084
0.767096
0.155324
0.125252
0.005044
0.630016
0.002344
1.133308
0.339444
1.180128
1.209112
0.206032
0.337692
0.97624
0.316148
0.5742
0.72982
2.305796
2.254764
0.126748
1.627164
0.197992
0.57982
0.002716
0.003352
2.503676
0.094124
0.003112
0.001708
2.478608
0.101748
3.716012
0.824008
0.1709
0.273152
0.07958
0.209784
0.111132
0.292588
0.004848
0.003304
1.160332
0.083232
0.039788
0.646756
1.61638
0.771232
0.04148
0.1776
0.219284
0.007572
0.058092
1.47846
0.214232
0.317876
0.001848
0.388176
0.070372
0.503972
1.067916
1.200572
0.134708
1.257344
0.356216
0.044796
2.131196
0.00318
2.494988
0.712372
0.767416
0.29706
0.004728
0.398652
0.341988
0.31788
0.43932
3.871716
0.001504
1.868024
0.070852
0.6223
1.226796
1.184544
0.58536
0.001864
0.006768
0.305252
0.0026
1.711788
