Rate (cps): 1.496106875957039
Error: 0.09088202044096223
0.838132
0.539212
0.001504
3.048124
0.286416
0.300556
0.110976
0.011636
2.75318
0.655284
0.00596
0.006812
0.303344
0.287808
1.214184
0.172112
0.911412
0.960284
0.474
0.1541
0.3405
0.373676
0.001692
0.002452
1.645216
1.255932
1.456176
1.199604
1.648012
0.5733
0.160088
1.09058
0.001988
0.78546
0.089036
1.042968
0.29692
0.002832
0.4537
0.001572
0.24102
0.185124
0.032208
0.002836
1.643388
0.037756
0.643964
0.19718
1.919944
0.294468
0.00162
0.678568
1.031252
0.098536
3.772948
0.09654
0.095996
1.586604
0.206108
0.286896
0.786828
0.09344
0.972308
1.482804
0.0016
0.233992
0.411428
1.737488
0.914984
1.490684
0.111848
0.519016
1.24606
0.749564
2.326208
0.19278
0.697456
0.545488
0.333268
0.65644
0.160656
0.00246
0.811536
0.96456
0.500488
0.3849
1.82628
1.486432
1.392588
0.629228
0.22742
2.761608
0.690028
0.603856
0.171136
0.14422
0.638756
0.722076
0.555748
0.60328
0.459788
0.117816
0.014184
2.574116
0.972908
0.736256
0.167748
0.00238
0.002904
0.002176
1.993808
0.001604
0.001896
0.373704
2.351256
0.011396
5.15826
1.384708
0.972192
1.772648
0.003104
0.620492
0.50324
0.035296
0.052556
2.0732
0.002492
0.741772
0.38156
0.166832
0.524656
1.7288
0.84786
0.012368
0.142824
2.250048
1.109608
0.013284
0.064612
0.15896
0.601616
2.516056
0.221924
1.724444
0.016968
0.00728
0.02772
0.081664
2.267364
0.012616
0.595896
0.06984
1.038292
0.719936
0.646824
1.80974
0.012484
0.001788
0.001532
0.00438
0.269596
0.68592
0.952336
0.856292
0.001796
1.201264
0.023512
0.07754
1.01244
0.424064
1.0824
0.348344
0.24764
0.002856
0.23496
2.56796
0.465188
0.001928
0.75844
0.722368
1.459516
0.580888
1.017732
0.292988
1.13156
0.033964
0.102168
0.923332
2.382736
2.098128
0.733664
0.141412
1.34558
0.1825
0.413824
0.2613
0.341096
0.420388
0.255724
2.512388
0.37082
0.242324
0.171192
0.44504
1.829392
0.657332
1.311816
0.001716
1.815872
0.648492
0.747768
0.960524
1.452844
0.985876
0.049952
0.303996
1.112768
0.00162
1.897112
0.530616
0.497544
0.002504
0.105428
0.002588
0.001632
0.787976
0.120344
1.010496
0.457724
1.077184
1.297612
0.387272
0.00306
0.003172
0.096328
0.439344
0.016544
0.001796
1.05582
1.160332
0.67192
0.615436
0.511636
0.382692
0.294768
1.740116
1.205024
1.74756
0.557124
0.388736
0.75432
0.313384
0.002376
0.004248
0.002016
0.002572
0.219464
0.069896
0.779252
0.006968
0.009556
0.181068
0.79494
0.81086
0.383432
1.341896
0.748924
0.102936
0.123256
0.009316
1.557284
