Rate (cps): 1.1981887255849262
Error: 0.08115158039462379
1.614536
1.140276
0.825888
0.205988
0.302404
0.3258
1.656668
1.199008
1.01224
0.269672
0.339864
0.673288
0.052748
1.263276
0.055136
1.160532
1.665532
0.94118
2.187852
0.413912
1.010416
0.63012
2.038052
2.512644
0.12406
0.254916
0.139276
0.265336
0.002128
1.431936
0.236064
0.278052
1.126152
1.242404
0.391336
1.524812
1.423976
0.860168
1.075756
0.130448
0.579528
0.256972
0.456704
0.074748
0.19018
0.001708
0.8325
0.34738
2.712452
0.217384
0.411812
0.296676
0.411256
0.242832
0.059408
1.322944
0.250836
0.212808
0.002956
0.993784
0.002896
0.002168
0.342596
0.055776
0.072336
0.156276
1.033548
0.321212
1.31662
1.738912
0.535616
0.54324
1.02654
1.363768
1.11032
1.794328
0.448236
1.333708
0.33264
0.38212
8.630448
0.1547
1.03062
1.16382
0.405388
0.00196
1.25224
3.90356
0.699212
0.002008
0.21848
2.440796
0.238332
0.460836
0.869524
0.164132
0.457088
0.84326
0.389444
0.546692
0.27194
0.427924
1.565072
0.694452
0.649728
0.00172
0.35906
1.858512
1.63852
0.209604
0.777544
0.201288
0.079612
0.458828
0.06084
0.537104
0.29666
0.747752
0.207908
1.453016
1.354064
0.084268
3.459432
0.439972
0.001836
0.548544
2.049656
0.441348
0.002048
0.457908
0.37484
0.667524
1.13596
0.179256
2.68368
1.789264
0.038684
0.429392
1.65192
0.601764
1.269316
0.40384
0.048496
0.030944
0.207516
1.52376
0.374048
0.007036
0.001696
1.707844
0.279956
0.656344
0.565928
1.279668
0.537564
1.267576
0.9991
0.166668
1.443364
0.111176
0.666292
1.62164
1.324528
1.587528
0.430052
1.180228
0.001768
0.002148
0.77036
0.811048
2.021536
0.916752
6.08284
0.002072
0.476656
1.035696
0.644316
2.461824
0.001756
0.293052
0.87516
0.002772
0.001536
3.041284
0.542784
0.592184
2.062144
0.203792
1.830624
0.006432
0.156424
0.746496
0.893988
0.964252
0.82028
0.076176
0.81006
2.861464
0.637972
0.432496
0.910032
0.372844
1.6721
0.14194
0.304476
0.240004
1.662764
1.272068
1.286916
0.757228
0.843388
2.163476
0.714796
0.151116
0.25206
0.752376
0.393068
2.725824
