Rate (cps): 1.3646841142381287
Error: 0.08700908119256993
3.10912
0.265916
1.964604
0.259688
2.08268
1.822708
0.743192
0.412692
0.54904
0.457172
0.392964
0.578256
0.781548
1.078116
0.016064
0.967808
1.086844
0.298264
0.265572
1.079812
0.246116
3.148456
1.17734
0.03338
1.497516
0.017672
0.013128
0.868952
0.269204
0.680048
0.929828
1.131428
0.3787
1.129172
1.124044
1.046556
1.197728
0.613504
0.150276
0.273916
0.99458
3.800916
0.191388
0.377928
0.713864
0.8876
0.741136
0.313876
2.119144
0.74534
0.881028
0.484584
0.012032
1.351404
1.044824
1.855884
0.384464
0.366824
0.158892
0.1113
1.154892
0.18294
0.885672
0.43352
1.530856
0.879812
0.589216
0.258756
2.271636
0.120916
0.187792
0.491308
1.830664
0.3027
0.255892
3.245292
0.060412
1.324624
0.26104
0.48876
0.320396
0.246428
0.431744
2.95004
0.11528
1.661752
0.421276
0.135644
0.687724
0.09454
1.244016
0.412456
0.52504
0.806076
0.58478
0.150024
0.090672
0.680804
0.59088
0.512012
0.167584
0.569012
1.21806
1.290336
0.495248
0.61688
1.15408
0.083212
0.368452
1.705088
0.578768
1.023588
0.113268
0.703964
0.495308
0.254668
0.328928
0.162628
0.049716
0.476516
1.86068
0.805364
0.316972
1.559796
0.28848
0.125268
0.404292
0.4039
0.595908
0.884692
0.75188
1.133304
1.06424
0.407256
0.173344
0.252008
0.974736
1.49092
0.276292
1.562452
0.661636
2.92734
0.720336
0.595208
1.465524
1.059172
0.439244
1.227376
0.058716
0.181348
0.543256
0.718668
0.698772
1.036816
0.374928
2.03728
0.5875
0.49548
0.79036
0.540204
0.010428
0.663424
2.054484
0.848156
0.2128
0.143028
0.284208
0.035296
0.171204
0.694376
0.446544
0.118336
0.325424
0.325524
0.25158
1.069564
0.329104
0.88228
0.230232
0.006532
0.454516
0.353704
0.0716
0.278448
0.076472
1.191624
0.575448
0.129576
1.212416
0.488724
0.89236
0.330552
0.045868
0.769412
0.40564
0.106996
0.625824
1.545444
0.321776
0.68474
3.01938
0.385032
0.501616
1.203736
2.268176
1.608152
1.303636
0.612776
0.1052
0.578044
0.228996
0.013384
0.340356
1.59714
0.459448
0.863268
0.22176
0.158688
0.894292
0.094724
1.1838
0.653196
2.058124
0.223116
0.054852
0.576332
0.077356
0.48364
1.014824
0.240752
0.004536
0.0765
1.356804
0.03746
0.463584
0.185708
1.796564
1.87516
0.89378
0.03398
2.160296
0.229168
0.038172
0.455084
1.64434
0.882332
