4.783668
8.408588
8.463576
8.598812
8.637612
11.835164
12.022032
16.247848
21.158672
24.649496
28.85762
29.004756
34.464016
36.316828
39.128088
39.802308
40.453832
40.57016
40.663768
41.56304
43.682816
43.797048
44.841076
49.485444
50.473348
52.798952
54.826752
57.538712
57.806412
57.891384
58.499468
58.93634
60.0831
62.111568
65.071084
69.881264
71.694816
72.62328
80.937052
82.633836
83.243012
85.759756
86.203536
86.281624
88.245888
92.775836
92.936092
93.106808
97.769248
102.061588
102.194604
102.400612
112.426068
115.051008
116.707504
118.030428
118.217636
121.849148
122.603592
123.802956
134.304816
136.244648
139.354684
141.035948
144.983204
149.0343
150.995096
153.161892
155.010408
156.09188
161.80494
162.713368
163.387676
165.80736
167.337412
167.401888
168.876024
172.075144
178.644656
181.935768
