1.415528
2.589344
4.105656
4.230092
4.502336
5.2964
6.429924
9.069328
10.365
11.63048
16.915244
20.06054
23.33884
28.107252
28.746988
28.762868
31.289552
31.399156
32.682732
33.686208
34.166608
36.05296
36.967896
37.838036
39.20586
40.514016
40.924124
41.422172
49.742332
50.021008
50.352428
50.768776
50.888424
52.737876
53.431552
53.582384
53.672648
54.020624
56.398244
56.849468
58.548216
58.87134
59.794472
61.008404
62.038328
63.243668
63.760668
65.370352
65.552684
66.76846
67.804808
67.862856
68.046264
68.218192
68.901736
69.243436
70.725468
71.942932
71.947236
76.633088
78.21792
79.825968
80.337376
81.419064
84.06288
84.755504
85.607052
86.412316
87.035236
87.71918
89.225716
90.643992
93.48694
93.824004
95.109256
98.811784
99.220008
99.891692
100.265652
101.33464
104.464192
109.469052
110.948072
114.932984
115.48268
120.570568
121.950116
122.357604
122.47004
122.729156
124.99932
129.270656
130.653344
136.451408
136.58616
138.017468
138.539668
139.969632
140.17204
140.84642
143.119796
143.168172
143.18772
143.417916
146.080708
147.224868
148.031488
148.854636
152.939892
153.159464
153.39442
153.78512
155.7293
158.46376
158.515832
158.539108
159.823076
160.02572
161.920012
163.711116
164.792972
164.803356
166.4226
166.946892
167.173044
167.26376
170.694648
171.408756
172.886988
174.512448
175.75118
176.992276
177.079896
178.432944
180.06376
