0.119172
0.132168
0.142532
0.389748
0.994476
1.118804
1.124496
1.393716
1.807624
1.8681
2.077672
2.127764
2.22666
2.3302
2.50926
2.626192
2.747548
2.8041
2.968772
3.187688
3.41318
3.61892
3.743556
3.786272
3.824732
3.88548
4.129728
4.551116
4.747828
4.815684
4.893064
5.205644
5.351352
5.56404
5.622324
5.690152
5.786412
5.8867
5.973616
6.200512
6.470116
6.658852
6.963552
6.992876
7.02862
7.058668
7.084956
7.29016
7.483664
7.668664
7.734284
7.829028
8.133928
8.847508
9.061228
9.13102
9.17872
9.415448
9.435096
9.840908
9.880644
9.990948
10.12674
10.452608
10.474808
10.535276
10.560244
10.709276
10.821796
11.415488
11.64684
11.932028
12.095768
12.12134
12.249408
12.261332
12.410588
12.714296
12.879384
13.131336
13.301512
13.434968
13.467524
13.511436
13.692648
13.792592
13.888144
14.020384
14.110672
14.17106
14.382428
14.446708
14.771344
14.795264
14.813276
14.90746
15.350284
15.457144
15.813292
15.857188
16.28318
16.59366
16.872408
16.934892
17.340848
17.400984
17.601564
17.731132
18.018104
18.088268
18.287436
18.875348
18.915252
19.010016
19.357176
19.516268
19.699176
19.768776
20.012364
20.197496
20.40526
20.932412
21.027144
21.152128
21.395916
21.444408
21.549472
21.948884
22.023692
22.619232
22.665268
22.878456
23.4165
23.466544
23.848804
24.12002
24.444596
24.708348
24.989724
25.02802
26.450148
26.786564
26.836988
26.89552
27.372368
27.385736
27.579104
27.72798
27.863452
28.02118
28.337848
28.5528
28.760284
28.809192
28.937364
29.010356
29.112756
29.284052
29.737844
29.821268
29.873496
29.953044
30.201404
30.210384
30.299804
30.429176
30.430716
30.497992
30.57014
30.769604
30.927504
31.11792
31.2226
31.4966
31.641964
31.772336
32.054604
32.3286
32.76006
32.939436
33.211296
33.269464
33.37522
33.608548
33.689444
33.752504
34.139848
34.306676
34.357492
34.415824
34.548492
34.642628
35.272968
35.581552
35.790272
36.365272
36.412636
37.17188
37.216852
37.421548
37.573012
37.640684
37.715956
37.766924
38.023608
38.2879
38.581404
38.800652
39.175728
39.216888
39.819468
39.852764
39.953992
40.150768
40.15514
40.494604
40.612352
40.813736
41.318012
41.446716
41.513724
41.52946
41.864476
41.920976
41.9264
42.097272
42.423784
42.494444
42.568332
42.753776
42.7772
43.106704
43.433276
43.790536
44.02114
44.277064
44.448368
44.709172
44.737884
44.981552
45.424908
45.491264
45.524536
45.53996
46.53846
46.86404
47.009472
47.3588
47.483352
48.343944
49.190544
49.30298
50.09538
50.368504
50.427468
50.757528
51.179992
51.480088
51.749076
51.81628
51.91598
52.013216
52.102032
52.254288
52.400192
52.718184
52.85668
52.946508
53.05346
53.935832
54.065312
54.192372
54.25578
54.319328
54.565656
54.567968
54.576476
54.635136
54.739612
54.755688
54.879588
55.167684
55.185736
55.287988
55.483384
55.88744
55.998056
56.955172
57.239468
57.28746
57.427744
57.476596
57.897988
57.939872
58.083484
58.181376
58.292
58.737948
58.768892
58.918756
59.321104
59.326744
59.369484
59.423436
59.987784
60.089924
60.77552
60.845668
60.853424
61.095008
61.42296
61.488692
62.436116
62.477512
62.492932
62.504772
62.536496
62.957284
63.049568
63.395324
63.588016
63.782736
63.841656
63.89436
63.946868
64.2091
64.228984
64.318756
64.383912
64.47508
64.486664
64.5824
64.712672
65.32778
65.48656
65.704684
65.848668
65.889616
66.298808
66.502728
66.549104
66.630948
66.709364
67.07428
67.097208
67.135704
67.305676
67.378604
68.12242
68.379384
68.474432
68.908808
69.119308
69.150504
69.177364
69.189144
69.204944
69.357368
69.508124
69.64448
69.652772
69.872068
69.932464
70.008992
70.22452
70.312296
70.889568
70.960628
71.18442
71.258428
71.361064
71.574512
71.5852
71.778668
72.31356
72.63544
73.049304
73.36012
74.148676
74.174124
74.452896
74.721952
74.849756
75.484912
75.632176
75.753148
75.771916
75.802184
76.191068
76.371684
76.51492
76.674272
76.814988
76.9904
77.156304
77.215852
77.900588
78.2273
78.335416
78.670252
78.856576
78.964476
79.0161
79.129952
79.459072
79.731196
80.344396
80.383164
80.42464
80.935424
81.174128
81.402576
81.41572
81.43046
81.471916
81.9363
82.130292
82.217012
82.258572
82.4725
82.833888
83.059488
83.21584
83.222224
83.541204
83.70792
83.75008
83.77964
83.837156
83.905564
83.992496
84.1101
84.335776
84.469328
85.00648
85.326016
85.491908
87.221228
87.233416
87.590288
87.648708
88.80614
88.81802
88.913228
89.15474
89.49948
89.716484
90.071248
90.148556
90.172336
90.699164
91.003712
91.01326
91.244936
91.442144
91.560372
91.85038
92.304352
92.35768
92.614416
92.697084
93.316888
93.759992
93.797948
94.126516
94.228776
94.233168
94.264128
94.271936
94.560852
94.63244
95.012924
95.026968
95.089108
95.160748
95.555064
95.697808
95.853212
95.88264
96.146488
96.339864
96.758496
97.14164
97.331712
97.692976
98.500968
98.619748
98.645976
99.011096
99.311952
99.615524
99.638516
99.685716
99.851012
100.190608
100.305492
100.469884
100.803428
100.864728
101.092836
101.3696
101.741044
101.799764
102.016556
102.38902
102.415096
102.569112
102.7021
102.862824
103.00242
103.100028
103.698764
104.316856
104.529624
105.041104
105.217936
105.391272
105.512636
105.606244
105.7289
105.863388
106.532584
106.613532
106.924948
106.988984
107.098656
107.436704
107.51842
107.789112
107.872484
107.94918
108.138308
108.231204
108.31824
108.633372
108.754796
108.88594
108.93046
109.21772
109.241904
109.261556
109.43826
109.621304
109.789668
110.05396
111.287392
112.175472
112.39404
112.5311
112.67148
112.811944
112.822096
112.961908
113.285696
113.314548
113.53092
113.622864
113.808332
113.829836
114.241916
114.603728
114.678184
114.689956
115.113164
115.271548
115.549428
115.655532
116.308724
116.31934
116.342548
116.380708
116.784912
116.81576
117.253576
117.314812
117.365664
117.551496
117.67914
118.000552
118.00274
118.288748
118.439508
118.866184
119.351592
119.573604
119.774956
120.780816
120.911268
120.935448
121.157276
121.435192
122.034896
122.184524
122.460932
122.5969
122.680124
123.309964
123.399016
123.536304
123.840304
123.917108
124.551452
124.59332
124.80142
125.012892
125.060712
125.119236
125.442504
126.031028
126.161332
126.473584
126.499376
126.587432
126.685312
126.984636
127.002212
127.057208
127.09424
127.112372
127.163612
127.226288
127.71478
128.746764
129.093152
129.15816
129.365448
129.595616
130.106584
130.230576
130.29316
130.403236
130.755824
130.76228
131.038748
131.07928
131.226768
131.612828
131.7492
131.892308
132.3989
132.529876
132.588784
132.592116
132.75878
133.150732
133.25218
133.760472
133.790184
134.154072
134.244212
134.280288
134.378436
134.386272
134.795732
134.875076
135.177828
135.228388
135.236036
135.935988
135.979972
135.991992
136.110664
136.41408
136.725188
136.8127
136.939164
137.153192
137.316724
137.41886
138.019928
138.380024
138.801944
139.345024
139.351492
139.360904
139.587656
139.665192
139.7387
139.793788
139.968504
140.146064
140.351348
140.733556
140.920044
141.034528
141.202112
141.384268
141.46716
141.643424
141.825084
142.229996
142.2612
142.557764
142.793856
142.941464
142.992912
143.474436
143.476724
143.894784
144.62936
144.85706
144.949956
145.291424
145.41256
145.800004
146.344372
146.544724
146.907724
146.942212
147.886788
148.521252
148.539792
148.674772
148.878772
148.899344
149.060496
149.21354
149.609584
150.017112
150.052404
150.831064
151.131388
151.26738
151.576152
152.270472
152.310224
152.325252
152.453212
152.577372
153.12182
153.23424
153.719536
153.722228
153.811544
153.895364
154.107872
154.395376
154.577624
154.847324
155.067392
155.081992
155.44638
155.979088
156.2888
156.487436
156.497108
156.57332
156.588264
156.8632
156.89504
156.89826
156.901656
156.955328
157.078368
157.098244
157.537604
157.57632
157.608628
157.624904
157.720608
157.832556
157.88638
158.39746
158.539204
158.634024
158.719336
158.737368
159.08914
159.098884
159.193616
159.354836
159.602596
159.818456
159.823716
159.874604
160.344156
160.478736
160.50832
160.579176
160.636764
160.997104
161.068032
161.170376
161.370624
161.540304
161.667496
161.705916
162.00134
162.22738
162.37036
162.463332
162.489984
162.49816
162.547868
163.029988
163.039556
163.118584
163.159596
163.177596
163.690952
164.232808
164.243272
164.285416
164.428012
164.64156
165.557588
165.730032
165.760268
165.799012
165.90178
166.178936
166.520992
166.584312
166.631012
166.902524
167.03654
167.496012
167.862536
167.888896
167.9482
168.174264
168.317724
168.807048
169.059308
169.182912
169.370588
169.97352
170.025244
170.1763
170.39786
170.573824
171.167432
171.305996
171.36062
171.736312
172.102264
172.123552
172.467676
172.505896
172.693156
172.84128
173.033924
173.164248
173.199076
173.330836
173.760968
174.144672
174.280668
174.533236
174.558892
174.607148
174.878548
174.939796
175.106516
175.409464
175.421324
175.766168
175.789676
175.814108
176.125716
176.184584
176.81854
176.919016
177.002948
177.010464
177.1298
177.264888
177.35748
177.384436
177.466276
177.48736
177.618376
177.647044
177.79924
177.878184
177.974416
178.061604
178.391972
178.450512
178.470388
178.795968
179.286808
179.369976
179.46948
179.51178
179.736944
179.94408
180.261984
