0.18404
0.23836
0.69012
0.898708
0.964304
1.004292
1.07138
1.391684
1.599572
2.060024
3.159232
3.508892
3.958764
4.268324
4.410588
4.535808
5.027368
5.051036
6.496368
6.809236
7.261792
7.599116
8.055888
8.36946
8.8319
8.917996
8.97352
9.083584
9.25888
9.284536
9.454572
10.0627
10.163172
10.223868
10.6742
10.975532
11.45124
12.704392
13.096436
13.50118
14.069188
14.079388
14.710036
16.269432
17.030392
17.883032
18.688
18.753588
20.066692
20.589468
20.757172
21.342672
21.66222
22.298568
22.521996
22.52828
22.537732
22.649384
22.745432
22.884192
24.14594
24.5265
24.696152
24.713168
25.636292
27.5226
27.718996
28.705068
28.881188
29.3934
31.663812
31.69292
31.856176
32.334556
32.926828
33.480844
33.52314
34.279336
34.8464
34.989968
35.003968
35.787196
35.8833
35.953504
36.133172
36.185316
36.86384
37.032232
37.993124
40.066188
40.498512
40.773032
41.3863
41.550864
41.701488
43.268392
43.457324
44.686704
44.768108
44.888608
45.225628
45.51656
46.790848
47.02012
47.207828
47.982368
48.706728
49.45184
49.683304
50.33188
50.964704
52.910476
52.966992
53.0051
53.174064
53.711068
55.173336
55.93902
56.421856
56.899184
56.94176
56.948972
57.62442
58.050524
58.828612
59.184232
59.208032
59.34872
59.750924
60.37776
60.602756
60.88686
61.201696
62.4567
63.9665
64.561112
65.419188
65.49312
66.46138
66.53042
67.212952
67.315804
67.879516
68.955008
71.199976
71.309852
71.350584
71.474068
71.977796
72.009988
72.048716
73.304488
73.951516
74.423704
74.675676
75.102132
75.591132
76.88334
76.994896
77.089364
77.442712
79.612588
79.70706
80.350444
80.448236
80.616236
80.782476
81.423708
82.09754
82.223196
82.663448
82.704508
82.863308
83.133124
84.143316
84.570292
84.594432
84.779188
85.306852
86.530192
86.84538
87.24944
87.744192
88.428748
88.512652
89.22486
89.617168
89.889532
90.25306
90.297288
91.49442
91.650528
91.755276
92.661324
92.889296
93.200336
93.263208
94.100672
94.517048
95.083596
96.203308
96.207844
97.083508
97.259372
97.314888
97.409496
97.827344
97.89668
98.27394
98.339092
99.383704
99.897212
100.120668
100.652428
101.055036
102.012292
102.327384
102.52704
102.573688
104.895704
106.561884
107.697432
108.12042
109.167788
109.79592
111.932564
112.12918
112.414552
112.56072
113.052768
113.253536
113.430108
113.939436
114.633456
116.25772
116.303084
117.731796
117.868388
118.012692
118.12702
118.72194
118.955548
119.231948
119.85256
120.254488
121.114736
121.16386
121.544056
121.729424
123.590812
124.72136
124.838296
126.251868
126.438508
126.82362
128.067896
128.689164
128.779916
128.939828
130.480128
131.307268
131.852772
132.082508
132.09062
132.563456
134.513756
135.213016
136.649284
138.765244
138.875036
138.995616
139.720228
139.744632
141.56918
141.620112
141.706176
142.021736
142.035152
142.138508
142.228012
143.143224
144.150676
144.1752
144.232384
145.001132
145.381056
145.783064
146.7744
147.213672
147.35236
147.354432
148.218608
148.406424
149.199552
149.283708
149.387812
149.455148
150.364596
150.723472
150.960184
151.295248
151.297656
152.086748
152.145644
153.64172
154.343956
154.429992
154.489456
154.742972
155.03236
155.148864
155.44284
155.877008
156.242928
157.165988
157.749196
158.244772
158.556624
158.596404
159.641528
160.41044
162.058804
162.39174
163.272128
163.421588
165.4228
167.249592
168.69764
168.991256
169.324684
169.620288
172.248536
172.337572
172.508896
173.406704
173.744972
173.849124
174.121424
174.983704
175.588892
176.920116
177.011672
177.377712
177.792924
178.48404
178.585544
178.691932
179.273892
180.062468
