0.550752
1.702396
2.366748
2.507192
3.520448
3.60618
4.186992
4.3839
4.88128
7.940256
10.50952
10.708448
10.733772
11.38994
12.081632
12.169856
12.935704
14.580032
14.81634
15.524944
15.746052
16.739868
17.971436
20.874628
22.948524
23.090148
23.528644
23.88572
23.937868
24.531444
29.6096
29.997
30.166524
30.742868
30.822604
31.971712
32.907568
34.62136
34.818832
35.298288
35.670468
37.503484
37.763504
37.839884
38.10796
39.01078
39.484168
40.14678
40.290192
40.990392
41.1508
41.619928
43.526304
45.512232
46.38112
46.420928
47.302132
48.07886
48.57854
49.437388
53.028968
53.536764
54.491356
56.926032
56.964768
57.010452
57.96188
58.883484
59.536304
60.134284
60.364148
61.833828
63.479172
64.684872
65.632832
66.22506
67.045172
67.293292
67.409672
68.92422
70.261044
70.47066
70.723164
71.521576
72.798756
72.905948
73.795228
75.647636
76.751256
76.987576
78.201404
79.187336
79.670848
79.793068
82.110444
82.5695
83.474848
84.26186
84.338252
84.560052
86.136676
87.371984
87.655664
90.039676
90.21262
91.47826
91.936224
92.687704
93.297508
95.4794
95.821636
95.868748
96.473444
97.052268
97.579696
98.844236
99.503788
100.672824
100.70772
100.74534
101.377292
102.09676
102.52296
102.748652
102.923164
105.168188
106.440548
106.453656
107.479272
108.308212
108.357808
108.643964
108.702184
109.535884
110.83878
111.126556
111.458444
111.778044
112.261368
113.489004
113.844132
114.67542
115.757856
118.478084
118.90054
119.07096
119.427568
121.656612
122.256812
123.442076
125.629688
126.776988
127.252528
127.324544
127.381028
127.534288
128.8657
130.234952
130.399712
130.515724
130.907184
132.417384
132.78998
133.196784
135.718912
135.849384
135.85618
136.8236
137.942692
138.065884
138.68304
138.875224
139.681524
141.397828
142.083092
142.335656
143.17812
143.218716
144.21968
144.742232
145.115544
146.647512
146.956044
148.180172
149.399688
150.330596
151.023524
151.39772
153.451748
153.494824
153.753764
154.571616
155.062196
155.164972
156.660708
157.141484
157.904032
159.172856
160.115172
161.488888
161.868512
164.3982
164.869124
165.4134
166.411716
166.5501
167.206704
169.522792
170.40868
170.721136
170.730632
170.968124
172.48918
172.493448
173.267716
173.572792
175.715148
179.351852
180.196652
