0.143264
0.336776
2.383976
2.456348
2.533772
3.269648
4.296372
4.597544
5.027212
5.86336
5.889248
5.909328
6.128352
6.359528
6.36684
6.568004
6.807956
6.938544
7.488712
7.63376
7.99264
8.18894
8.5153
11.076284
11.661936
13.788156
13.859784
14.65982
15.06398
15.318836
15.6162
17.247624
17.497412
17.961024
17.971032
19.357144
19.650376
19.716596
20.0537
20.228828
20.28642
21.693892
21.973856
23.34946
23.687604
24.983656
25.062196
25.8336
25.87884
26.28038
26.297472
26.725036
27.817556
29.010768
29.457252
29.687004
30.173624
30.2443
30.919932
31.544912
31.677552
32.143948
32.39184
32.576836
32.954484
33.178644
33.471412
34.106864
34.794624
34.917684
35.934652
36.190784
36.366236
36.48032
36.588732
36.922252
37.314
37.626716
37.777812
37.894056
37.912808
38.974304
40.008264
40.514588
41.167724
42.144488
42.399576
42.927968
44.216888
44.306712
44.608992
44.69164
45.038684
45.474364
45.977348
46.076784
48.131592
48.20126
51.2168
51.29742
51.711116
52.495116
53.361944
54.045868
54.400472
54.5916
54.595616
54.714324
55.62724
58.258676
58.690492
58.93502
59.58912
59.71266
59.987688
61.344388
63.858948
66.123944
66.662364
67.59596
67.855472
68.919264
69.029412
69.578092
70.891896
71.430076
72.404872
72.66164
73.263628
73.512868
74.816896
75.416436
75.989568
76.127476
76.241864
76.833584
79.412084
79.673728
80.247592
80.94678
81.55662
81.711776
81.900852
82.121708
83.022484
83.043428
83.73604
83.824924
83.897328
84.257144
85.609564
85.972788
86.417444
86.862872
87.011728
87.207776
87.522168
87.697156
91.319596
91.929776
94.098544
94.153576
94.168804
94.494932
94.730452
97.3913
97.987972
98.497696
98.934116
99.391776
100.635672
100.680784
100.901504
101.283388
102.391452
102.559052
102.931568
103.65394
103.728696
103.809336
103.963632
104.285816
104.3685
105.126232
105.160472
106.207456
106.514548
107.060052
107.59494
107.98062
108.48178
108.83698
109.552016
110.989964
111.105284
111.784048
114.054052
114.525596
114.698236
115.197828
115.211156
116.136184
116.833764
117.402984
117.448048
119.60334
120.017668
120.234856
120.356656
120.844544
121.381168
121.740944
122.874796
123.673284
124.071932
124.269004
124.547104
124.668432
124.691048
124.74526
125.55138
125.619688
125.791508
125.936724
126.661164
127.39224
127.498956
127.502768
127.985472
128.371696
129.61266
130.358436
131.177028
131.969508
132.650792
133.032504
133.431172
133.658748
134.139092
134.887376
135.62826
135.657052
136.432688
136.52896
136.549076
136.73358
137.222456
138.014484
138.139084
139.082988
139.919608
140.463868
140.859292
141.261396
141.43004
142.92234
143.734676
143.743252
144.085532
144.802332
145.502568
146.428172
148.570268
148.7809
149.806792
149.981852
151.251892
152.91166
152.93288
154.694672
155.800588
155.910292
155.916116
156.205224
156.258304
157.407568
157.553292
157.807468
157.94152
158.096468
158.195804
158.637884
159.213936
159.307024
159.552144
159.81752
159.87202
160.615292
162.082528
163.554468
167.596088
168.10214
168.705128
168.886208
170.299896
170.460104
170.740692
171.212284
171.462672
171.746788
171.912624
172.24146
173.429384
173.579224
173.591768
176.554588
177.22442
178.4515
179.591576
180.167176
