0.467212
0.880476
1.550336
1.887712
2.366908
3.055936
3.381764
3.519736
3.543244
3.748392
4.79558
4.864192
5.115916
5.146408
5.328136
6.0578
6.174312
6.195744
6.66832
6.727084
7.2057
7.300424
8.428752
8.5847
8.987116
9.397468
9.589464
13.464844
13.734924
14.136864
15.820304
16.189584
16.336712
16.443252
17.04688
17.153868
17.262628
17.711504
18.867548
19.157304
20.297868
21.50396
21.508992
22.046996
22.0661
22.883604
23.140244
23.23908
26.047784
26.069128
26.224356
26.99026
27.980876
28.738708
28.891204
29.284148
29.5782
29.756536
30.994444
31.030892
31.70848
32.142084
32.175564
33.350916
33.879788
35.417032
35.51082
35.621892
35.9151
36.33486
36.746484
37.108776
38.214952
38.403992
39.718824
39.9646
40.537528
40.575468
40.676156
40.897776
41.528028
42.447136
42.885024
43.122624
43.205364
43.252324
43.803648
44.096804
44.241844
44.28972
44.403584
44.525056
44.538404
45.153164
45.530836
46.081592
46.26778
46.826024
46.959864
46.985228
48.67128
48.801468
50.462796
51.519516
52.462844
53.15722
53.344368
53.580128
53.661412
56.456916
56.797336
57.259756
58.542976
58.77482
60.613808
60.858132
61.299076
61.305756
62.16948
62.366184
62.83334
62.846532
62.85018
63.35682
63.652756
64.379804
64.62396
66.61842
66.747648
67.22512
67.66632
67.893272
70.355664
70.45062
70.641216
71.642636
72.915248
73.147488
73.22774
73.249608
73.3818
73.467228
73.5551
73.587908
73.787408
74.458456
74.540392
75.571736
75.880792
77.334504
78.755992
79.546768
81.239736
81.300592
81.671128
82.071832
82.08942
82.297496
82.614724
83.209436
83.230368
84.017308
84.593112
84.61626
85.268212
85.844828
85.885376
86.046016
86.43812
86.66176
86.676616
87.36778
87.556904
87.563288
87.58378
87.706608
89.145192
89.481628
89.673344
89.951592
89.987672
90.070368
90.218524
90.903672
91.332248
92.28812
92.569992
93.1509
93.440932
93.660424
93.803972
94.46008
95.317028
96.292496
96.349216
96.74362
97.081596
97.198308
97.36584
97.370912
97.922736
98.095932
101.02992
101.060188
101.2894
101.706496
101.935792
102.007556
102.237072
103.734844
103.754644
103.847968
105.074204
105.617716
107.772404
110.574536
111.851488
111.85856
112.946604
113.6607
113.748796
113.835632
113.844064
114.215184
117.229072
120.41862
120.870484
121.37038
121.462212
121.869272
121.98524
122.9256
124.595096
125.606588
125.699624
126.252468
126.7437
126.99476
128.066972
128.369064
128.652664
130.316076
130.95954
132.821188
132.8449
132.858956
133.25584
133.35726
133.359028
133.727368
135.85786
137.354812
137.388644
137.44778
137.598824
137.956768
138.388788
138.69972
140.541916
142.54684
143.05686
143.3187
143.407884
143.476224
143.520608
143.926876
144.513784
144.73122
144.772316
144.840624
144.87456
145.110164
146.486896
147.131852
147.563876
148.048604
148.240544
148.794364
149.654544
150.58226
150.948104
151.549792
152.730524
152.762056
154.398244
154.492612
154.607204
154.702484
155.411416
156.635016
156.718364
157.31308
157.83024
157.892984
158.100768
158.665692
159.047868
159.411252
159.579948
159.747836
160.017828
160.562916
161.963504
164.771596
165.60744
166.221156
166.521744
166.525496
166.764392
167.056948
167.781236
169.015112
170.129968
170.144148
170.293644
170.735268
170.756028
171.084028
172.086432
172.978392
173.000792
175.239536
175.245444
175.38612
175.846844
176.036448
176.23496
176.862956
177.415216
177.914596
178.628732
178.63372
178.889428
179.832132
179.974588
182.380304
