0.302612
0.626656
0.729788
0.934804
1.635008
2.596172
4.020924
4.284872
4.41904
4.83068
5.056824
5.607368
5.701056
5.943444
6.686008
7.76386
8.283132
8.296816
8.52398
8.838656
10.662744
11.090612
12.30142
12.54248
12.569468
12.980084
13.39048
13.767268
14.146412
14.434452
15.307856
15.34264
15.517224
15.664588
15.670656
17.154436
18.482292
18.77316
19.98544
20.140876
21.835128
22.079948
23.375772
24.514584
24.525164
24.774192
25.574724
25.857396
25.950408
26.41742
26.505024
26.747752
27.012584
27.536732
27.9259
28.260052
28.571012
28.586488
28.782984
29.382364
29.387
31.077652
31.55338
33.643744
35.136612
36.243272
36.626496
36.65104
36.724316
37.224536
37.420032
37.679628
37.886196
39.103132
39.307892
40.221304
41.013324
42.574764
42.777256
42.878744
42.929664
43.175908
43.377116
43.752612
43.887256
43.975288
44.73532
44.878836
44.999544
47.388468
47.406112
47.518016
48.33656
48.514216
48.925248
49.13618
52.290616
52.588936
52.81836
53.036764
53.73284
53.880088
53.921044
54.130828
55.119188
55.194616
55.678032
56.694532
57.103692
57.167076
58.84102
60.534872
60.593156
61.089484
61.144008
62.13234
62.41938
62.885304
63.600068
64.018636
64.071436
67.873172
68.265796
68.452484
69.104068
70.228572
70.28328
70.903312
70.927972
71.057552
71.820872
72.589656
72.761984
72.979816
73.708724
73.991912
74.568516
74.89068
75.976392
76.908424
76.931108
76.996308
78.45308
78.675668
78.94004
79.044404
79.085872
79.271404
79.564256
79.997664
80.223864
81.72582
83.379776
83.670784
83.753224
84.321068
84.90386
85.10522
85.402484
86.246496
86.480452
86.814052
86.942572
86.985236
87.19868
87.524288
87.953932
88.213288
88.83276
89.43138
89.761988
90.890708
91.706628
92.581868
93.052548
93.298044
93.374904
95.47806
97.7351
99.730348
99.910184
100.00246
101.476124
101.648396
102.291856
103.04994
103.065396
103.06706
103.898296
105.088552
105.360804
105.76432
106.419264
106.661216
106.758568
107.097572
107.166436
107.282024
110.001612
110.607772
111.53816
112.104464
112.406104
112.4862
112.608324
112.622036
113.005496
113.47978
113.795788
113.804256
114.268344
115.744296
116.27602
116.634716
117.326596
117.619192
119.56642
119.885836
121.038616
121.271676
121.51668
123.041928
123.134488
124.070408
124.853716
125.07632
125.201024
125.947208
126.613424
126.724624
126.72774
126.927872
127.425468
128.183752
129.023208
129.62114
130.401536
130.538116
131.085604
131.184556
131.866928
132.260632
132.347668
132.87994
133.445836
137.771692
138.17618
138.29838
139.105232
139.542116
139.828372
139.924836
142.441028
143.544976
143.649768
144.330364
145.113892
145.834652
146.65314
147.140964
147.294508
148.240396
148.359564
149.650876
149.763052
149.828592
150.03154
150.065352
150.572572
150.687544
151.536908
151.568084
152.083528
152.711208
153.940132
154.383664
154.727912
156.242664
156.67742
157.266112
157.661952
157.768648
157.826276
158.012976
158.090244
159.051152
159.160764
159.28218
159.30144
159.819068
160.494064
160.844824
161.8542
162.734296
164.24354
164.723292
164.72966
165.584
165.649168
165.7656
166.469244
167.238364
167.268772
168.397548
168.741444
169.453636
169.69782
169.77642
169.805336
171.029304
171.122408
171.355764
171.816632
172.37854
172.394092
174.701068
176.44738
177.151092
177.246412
177.420348
177.8896
178.112408
178.465612
178.564156
179.373736
179.800452
180.112184
