1.00238
1.647392
2.36422
2.82136
3.959164
4.025088
4.102084
6.431796
6.809352
6.958756
7.370176
7.385204
7.42144
7.860772
8.773548
9.65308
10.403652
10.574908
10.655532
10.787716
10.973708
12.471176
12.576804
12.985064
13.028208
13.954372
14.486108
14.772768
14.88888
15.602096
15.745336
16.72734
17.240208
18.757704
18.773424
18.845576
19.086636
19.219596
19.489792
20.35512
20.977304
21.450044
22.36278
22.438044
22.72622
22.756288
23.529276
23.629908
23.662456
24.888524
26.01642
26.183276
27.28552
28.489204
28.670772
28.701468
29.404712
30.441436
30.613552
32.433984
32.442256
32.447748
32.800656
33.211628
33.307616
33.445544
33.726812
34.06968
34.479492
35.212328
35.66006
35.954984
36.233252
37.127352
38.270932
38.30252
38.9849
40.55362
40.607712
40.730664
40.732996
42.766584
42.82904
42.892512
44.12354
44.519896
46.122148
46.628624
46.650268
46.857424
47.087912
47.145792
47.93424
48.814124
49.747968
50.81372
52.430764
54.7424
54.779712
56.113796
56.388324
56.519548
56.964976
57.984164
60.21972
60.94146
62.070052
62.352876
63.73462
63.814124
63.9095
63.927972
64.503364
65.061208
65.8135
66.883376
67.603148
67.72472
67.88668
69.530644
70.890616
71.288712
71.781796
72.290868
72.2943
73.161672
73.557376
74.04706
75.917952
75.948376
76.250928
78.773764
79.357092
79.409636
80.3969
81.028852
82.935192
83.180456
83.526004
84.076864
84.116112
85.794808
87.225332
87.2538
87.268788
87.76002
87.791768
88.368068
88.881056
89.539212
89.852164
91.030224
92.036908
92.050176
92.288648
92.62418
92.967088
93.71248
93.930212
94.218984
94.502744
94.5472
95.148836
95.232096
95.358996
95.446248
95.671632
96.50182
96.555248
97.069572
97.101176
99.012256
99.042192
99.921068
100.574508
100.681932
100.711092
100.839092
101.173744
101.499632
101.944124
103.454884
103.73928
104.000124
105.604368
105.7312
105.788304
105.870168
106.511172
106.535052
106.69816
107.003404
107.07514
107.622048
107.82742
108.778676
111.659968
111.907556
112.490148
113.445544
113.686808
113.808052
114.819128
115.35944
117.173028
117.750416
118.547888
118.892892
119.2609
119.37034
119.578892
120.72814
122.429452
122.675376
123.717428
123.772352
124.1683
126.090252
126.515832
126.533216
126.742076
126.92146
126.936376
127.456068
127.511492
128.85676
129.513712
129.540692
130.827572
131.317356
132.420036
132.78758
132.927712
133.573252
136.79862
138.565932
138.637048
139.593168
139.690576
139.811548
139.88086
140.212352
140.234448
141.257848
141.682848
142.2738
143.728016
144.151496
144.724316
145.0602
145.140184
145.895656
146.191852
146.919804
147.053236
147.114368
147.430644
147.56562
148.434648
149.522432
150.449672
150.808688
151.525444
151.774484
154.268316
155.1828
156.29844
157.260536
159.796412
160.249536
161.5536
162.30522
163.292152
163.924212
165.554376
166.01318
166.148544
167.348744
168.549076
169.445236
169.88664
169.929068
170.278004
170.695968
171.261856
171.326452
172.816348
174.152588
174.353996
174.853332
175.141832
176.33306
177.336024
177.383604
177.743172
177.808432
178.027424
178.682296
179.43382
179.504792
180.289436
