1.529072
1.654344
1.729828
3.073296
3.185476
3.751012
4.37088
4.48406
6.781952
8.286292
8.748044
8.911668
9.612968
9.976772
10.134492
10.315744
10.739988
10.973504
11.432008
12.996096
13.014924
13.031376
13.21316
13.691708
13.96496
14.449388
15.535608
16.714052
16.938208
17.083988
19.34308
19.541252
20.64948
20.777416
21.04582
22.75302
23.275264
23.550812
24.514548
25.700656
25.772956
25.797964
26.349772
26.77846
26.8054
27.219384
27.233324
27.867372
28.331624
28.779964
29.078932
29.675512
29.843388
29.955436
31.698668
31.760992
32.250592
32.252508
32.36482
33.447836
33.557072
33.597212
34.533192
36.573264
38.919348
38.98156
38.98938
40.153964
40.372064
40.82924
41.115956
41.15108
41.362524
41.512084
41.78742
42.398764
42.926092
43.860896
44.337684
45.055576
45.06448
45.517488
45.6986
45.702652
45.986056
46.561716
47.494092
47.57466
48.017268
48.370752
48.829424
49.289908
49.686692
50.603684
51.423432
52.024632
52.141892
52.26094
52.98532
53.037268
53.456412
53.532984
53.635548
53.917468
54.488792
55.236548
55.485388
55.64304
55.720156
56.126524
56.800328
57.012908
57.094536
57.284712
57.672168
57.888548
58.304232
58.51488
58.55064
58.570892
59.147636
59.254472
60.278008
60.766432
62.051496
62.954916
63.353476
63.583752
65.639516
65.984552
66.12944
67.10966
67.251364
67.812276
68.920068
70.220704
71.332656
71.402832
71.439328
71.649684
71.9478
73.355916
73.584932
73.707632
74.008972
74.649192
74.827056
75.373616
75.421284
76.70126
77.06016
77.337996
77.616752
77.68788
78.964668
79.592956
79.698592
80.014164
80.021896
80.41096
81.119696
82.796452
83.070048
83.21606
83.278708
83.776492
84.374276
85.315568
85.582396
85.623136
86.511488
87.168216
87.181904
87.64234
88.503712
88.731072
89.137044
89.671716
90.613656
90.986088
91.011788
91.689092
91.780648
92.295868
92.363636
92.405624
92.566604
92.894284
92.923208
94.261904
94.399456
94.420424
96.258156
96.293344
96.310564
96.39252
96.70592
97.016964
98.655048
99.75586
99.833328
99.954848
100.143216
100.26876
100.5235
100.963464
100.982672
101.039064
101.590288
101.767312
101.849004
101.894212
101.99318
102.261208
102.319388
103.37724
103.60174
104.12532
105.776312
105.831068
106.075756
106.240632
106.882188
107.12066
107.871592
108.084588
109.166072
109.201728
109.597852
110.123176
111.656104
111.822972
112.68454
113.371228
113.576684
113.7767
114.232456
115.424084
115.613904
116.187404
118.532028
118.558404
119.225488
119.663536
119.980808
120.029376
120.601592
120.88016
121.1327
122.11186
122.18092
122.192356
122.49768
123.015092
123.34546
123.599856
125.249448
126.427032
129.230696
129.379352
129.674252
130.123288
130.186852
130.365168
130.634236
131.812312
131.844324
131.990856
132.16298
132.378988
132.407932
132.576064
133.2837
134.184336
134.875236
134.990944
135.396268
135.561564
135.593268
136.178892
136.439516
137.052892
137.19548
137.31452
137.699424
138.2894
138.380248
139.107428
139.16512
139.305212
139.451284
140.076564
140.22846
140.29556
140.36694
140.44646
141.132496
141.893836
142.478024
143.322712
143.42226
143.471644
143.484308
143.552264
144.12142
144.573008
144.756228
145.222724
145.356076
145.606656
145.74784
145.76456
146.654556
147.283208
149.392992
149.446968
150.368668
150.668268
150.909736
151.245456
151.632228
152.114752
153.5611
153.828612
154.095408
155.896564
156.13396
156.651092
156.76028
157.190308
157.300384
157.4695
158.198564
159.552508
159.57458
162.882204
162.956124
163.72752
164.319924
164.867148
165.097252
165.285448
165.618624
166.121192
166.575968
167.167388
167.2991
167.81704
168.423948
168.646352
169.990584
170.535572
171.474156
171.94978
173.171468
173.904848
174.079492
174.521896
174.552512
174.575976
175.0937
176.929048
177.522032
177.703028
179.071516
179.454564
179.499668
179.956928
181.282436
