0.244672
1.469276
1.610652
1.997568
3.06926
3.332908
3.998608
4.215056
4.477096
4.480232
4.770828
4.992264
7.990488
8.039848
9.403648
10.363128
11.16784
11.297948
12.049088
12.520952
12.550924
13.2868
14.266692
15.30772
15.832136
15.841284
15.985764
17.186488
17.203264
18.821136
19.277876
19.817384
19.904524
21.399464
21.440256
21.546796
21.582736
21.908004
22.893584
23.256032
24.099284
24.281904
24.492572
24.859468
25.367984
25.86702
26.063484
26.222312
26.505952
28.16248
28.767568
30.675796
30.810904
31.154172
31.2536
31.96514
33.243064
33.501068
34.76976
34.840688
34.869188
35.222176
36.780976
38.282736
38.371936
38.715276
38.88422
39.086768
39.097016
39.115676
39.203324
39.354944
40.074676
41.24394
41.778096
42.895528
43.012552
43.73798
43.915748
44.328828
44.597624
44.667224
47.78898
47.81888
48.070396
48.263016
48.328184
48.45474
49.002656
49.05394
49.12618
50.215772
51.519892
52.219988
52.83588
53.369028
54.317236
54.927668
55.673364
55.760652
56.18344
56.368196
57.091668
57.16474
57.428672
57.564008
57.595352
58.285044
59.31932
59.551596
59.831672
59.871272
61.312164
62.207748
62.729752
63.172868
63.311464
63.737052
63.766104
63.843104
64.853516
65.19772
65.713312
67.057524
67.095276
68.2487
68.29576
68.641344
68.941456
69.576776
69.755804
70.407884
70.641216
70.695012
70.943208
71.098276
71.289336
71.413856
71.741836
72.265724
72.576016
73.655416
74.077044
74.705536
75.019708
75.088108
75.26366
75.450232
75.468016
75.872172
77.161572
77.782364
78.125992
78.2136
78.570092
78.681456
78.795852
79.337528
79.832852
79.961816
80.351768
81.07634
81.122328
81.570912
81.868328
81.932124
81.946392
82.020344
83.628764
83.835892
84.1433
84.856908
85.968464
86.442124
86.84444
86.909924
86.938036
87.276384
87.749644
88.976356
89.12218
89.965032
90.709492
90.740116
91.19538
91.917136
91.986988
92.579188
93.573332
94.540428
94.906312
95.214036
96.009484
97.062512
97.067944
97.397516
97.944052
98.167504
98.6227
98.784712
98.85986
99.526676
100.291388
101.28632
101.82118
101.849964
101.97018
102.29628
102.922432
103.225008
103.336984
105.162568
105.6632
105.813804
105.96132
107.792352
107.906248
108.338768
108.395708
108.877288
109.406236
109.55
109.564008
110.906492
112.067456
112.62354
113.10256
113.19552
113.50382
115.12018
115.341264
115.880428
117.80188
117.805516
118.453752
119.648936
120.213472
121.08886
121.161572
121.72524
121.9386
122.62362
122.656704
123.34544
124.634036
125.835324
125.906528
128.719884
128.967828
129.572156
129.708788
131.182764
131.765552
131.852236
132.098516
132.250564
132.812916
133.356772
134.065388
134.171536
134.88358
134.965584
135.222236
135.237044
135.987644
137.583156
138.106072
140.216192
140.668736
141.63714
142.67878
143.08046
143.19784
143.522056
144.189892
144.520584
144.889676
145.138084
145.66164
145.901492
146.230444
146.7413
147.40244
148.041224
148.294944
148.536016
149.268072
149.749156
150.445312
150.971792
151.02422
151.158012
152.121772
153.283472
153.514008
153.60784
153.648756
154.47106
154.596572
154.687852
154.884388
156.482892
156.558028
156.752616
157.35086
158.138868
158.176684
158.885932
160.338336
160.429644
160.500316
161.238368
161.358572
162.016392
162.20056
163.41574
163.87296
164.062636
164.084552
164.60592
164.737168
164.748596
165.221908
165.927784
166.43316
166.632872
166.739904
168.06012
168.166396
168.248604
168.46234
168.894504
169.31122
169.772844
169.87978
171.778124
172.413452
172.822532
173.568
173.703972
173.860136
174.286272
175.129056
175.33132
175.380824
176.0891
176.473956
176.67636
176.883276
177.340896
177.412764
177.619936
178.099516
178.583792
178.711852
178.746864
179.187916
179.326292
179.496528
179.630924
180.084896
