0.195332
1.078504
1.082816
1.702584
2.206144
3.924404
4.42046
6.148672
6.488076
6.505172
6.539836
8.712484
9.197564
9.652196
9.679524
11.053748
11.513204
11.800504
12.58468
12.590628
13.44436
14.336548
14.412992
14.434632
14.7261
15.058048
15.244756
15.75742
16.068892
16.080988
16.164748
16.355568
16.556276
16.637748
18.419604
18.614124
18.8055
18.89152
19.43936
19.64854
20.796804
21.49466
22.037128
22.4492
23.399056
23.902032
25.944784
26.392112
26.541468
26.914984
27.231504
27.26748
28.129404
28.302856
30.11424
30.314568
31.0537
32.481628
33.817868
34.344864
36.025408
36.106136
36.2623
37.468624
38.244648
38.292336
38.870492
39.35478
39.670772
40.825048
41.229872
41.558704
42.179008
42.211644
42.589692
43.417788
43.471364
43.64904
43.836392
44.234232
45.825052
47.264416
48.533504
49.283008
49.5433
50.065324
51.753544
51.765228
55.121872
55.18528
56.060964
56.352904
56.535968
57.824316
58.035672
58.228748
59.592336
59.645
60.402156
60.648292
60.662988
61.819624
61.882856
61.896256
61.943104
62.230292
62.52954
63.807156
65.200168
65.512084
65.657868
65.663328
65.86064
66.421888
66.699656
66.752812
67.158188
67.165464
67.422268
67.598516
68.0381
68.185484
68.369148
70.264404
70.700632
70.796696
71.054636
71.861812
72.395204
72.612992
73.321156
73.32484
73.44992
73.888456
74.034652
74.216096
74.245316
74.289648
74.492652
74.699616
74.948736
75.01728
76.209832
76.373172
76.387188
76.3945
76.69052
78.2339
78.277772
78.384584
78.810612
78.941108
79.021584
80.7562
81.608552
81.722592
81.818124
82.232908
82.601804
83.354552
83.505972
84.323836
84.41258
84.555128
84.954768
85.107564
85.672148
86.016592
86.111192
86.959288
87.513172
87.760764
88.370768
88.473028
90.15856
90.418024
90.469132
91.902444
92.02272
92.468288
93.15942
94.318076
95.007144
97.476388
98.80802
99.942164
100.084784
100.85186
100.917916
101.133136
101.248924
101.652784
102.151596
102.262604
105.415692
106.000024
106.4769
106.598156
106.67188
106.896916
107.49822
107.732252
107.805808
107.983868
108.323952
109.162424
109.65154
111.017452
111.696832
112.583304
112.79074
112.828792
113.552464
114.160092
114.963624
115.234044
115.491388
115.500228
115.967388
116.10474
117.357248
118.915852
119.217436
119.452064
120.370024
120.439652
120.790708
121.216524
121.300312
121.35916
121.391148
121.999648
122.765296
123.648568
123.82892
123.909232
123.918688
124.758448
124.766836
125.44208
125.65888
126.749804
127.043456
127.157676
127.6062
128.523628
129.910876
130.174256
130.840344
131.052992
132.146068
132.767908
132.994988
133.6922
134.023292
134.046528
134.46562
134.8769
134.905404
135.19128
135.65692
135.992292
136.228624
136.48782
136.926832
137.086088
138.24936
138.27228
139.087
139.25512
140.25
140.273404
140.7651
141.121332
141.478228
142.344536
142.40556
142.650036
142.971468
145.886316
145.985548
146.7593
147.129488
147.424728
148.00982
148.224164
148.525888
149.326756
149.50606
149.668308
149.80494
149.919512
150.007424
150.295864
151.57866
152.190176
152.918072
153.053872
153.688836
154.172288
154.444256
154.808136
154.879872
154.891188
155.131428
155.694104
156.62192
156.769652
156.96914
157.617424
158.315284
159.92886
160.759416
160.85398
161.340204
161.47906
162.109844
162.585392
163.036616
164.313792
164.9355
166.218892
167.234428
167.34756
167.37048
168.37014
168.400188
168.7239
170.575316
170.669836
170.838
171.293316
171.982216
172.30814
172.397624
173.687788
173.717408
175.429784
176.354956
176.641468
178.121376
178.218668
178.465756
180.391192
