0.285556
1.410012
1.852584
1.938796
2.153892
2.48706
2.74098
3.116692
3.251024
6.117768
7.264012
7.462932
8.273136
8.53696
10.138312
10.296304
11.147388
11.67942
12.578268
13.073696
13.691184
14.695132
14.938972
14.947148
14.963748
15.675
15.959416
15.992632
16.323856
16.76302
17.880936
19.402344
19.594604
19.679728
20.879876
22.182264
22.788384
22.84756
23.295516
23.455792
23.928336
24.26234
25.67648
26.123808
28.068068
29.017756
29.684272
29.771936
29.993564
30.031416
30.655844
31.595576
31.71788
31.760108
32.464848
32.612996
33.011772
33.231384
34.19542
34.2031
34.27572
35.484828
36.110704
36.817828
36.9499
37.692108
37.79274
38.528036
38.644448
39.0006
39.01646
39.295096
39.928048
40.755996
40.900676
41.764276
42.09218
42.30494
44.89174
45.092972
45.669832
45.982572
46.130968
46.432492
46.610996
46.806092
48.151208
48.391712
48.696636
48.790716
49.68128
50.43474
51.79034
52.201748
52.71848
53.328804
54.574696
54.982568
55.409412
55.928808
56.906136
57.511928
58.1288
58.637684
60.085188
61.318688
61.539872
61.566672
62.616636
62.876208
63.011872
63.565264
64.22016
65.3889
66.692904
67.192672
67.726916
68.270224
68.349072
68.668
69.17686
69.330316
69.671772
69.810868
70.694444
70.806972
71.221612
71.766124
73.113028
74.092028
74.19696
75.205068
75.928268
76.869412
77.389032
77.526648
77.977104
78.051644
78.403044
79.073264
80.633732
80.771692
80.90722
81.255448
81.622884
81.861276
82.118644
84.176044
85.350428
86.102972
86.516864
88.648432
89.19234
91.126428
91.361928
91.904624
92.40472
92.419116
92.86404
93.067628
93.360824
94.26218
94.409536
94.745432
95.158248
95.6619
96.262544
96.28552
96.686412
96.74146
97.438944
97.685376
98.374288
98.456808
98.741028
98.99578
100.344572
100.49442
101.102236
101.269708
101.374512
101.426188
101.761576
102.295212
102.612112
103.078032
103.784316
103.931956
104.2726
104.868696
106.001228
106.026796
106.05538
107.234372
109.197928
109.345208
109.616492
109.667092
110.371448
110.642236
111.232572
111.377712
112.455328
112.709316
113.00478
113.23736
113.31304
114.11016
114.903604
115.294064
116.661604
117.04752
117.454656
117.595716
118.2419
119.342404
119.606852
120.240192
123.938504
123.96652
125.554132
125.845312
126.055948
126.400404
126.464212
127.205448
127.860256
130.146288
130.530124
131.042304
131.523696
132.557196
132.592644
132.79068
133.16218
133.220104
134.287052
135.750112
135.90932
136.217592
136.5561
136.602608
138.400168
138.858284
140.06256
140.484708
140.967884
142.18582
142.376244
143.597764
144.507192
144.78884
145.651076
145.96144
147.408152
148.087232
149.856868
149.88898
150.711988
151.487276
151.5354
151.930168
152.429856
152.627152
152.676148
154.548812
155.091324
155.252596
156.440524
157.006152
158.037756
159.241004
159.52642
161.49994
161.58704
161.835804
161.938568
161.99154
162.34398
163.009196
163.80526
164.102224
164.212532
165.239388
165.378116
166.36854
167.796552
168.1333
168.940276
169.316156
169.468684
170.241612
170.371244
172.013552
172.592464
173.178212
173.214712
173.50006
174.09988
174.366128
175.003536
175.934996
176.128384
176.285092
176.417612
177.079412
177.591316
178.980304
179.699192
180.675008
