0.394484
0.708228
0.978352
2.712164
3.580856
3.61074
3.950048
4.033156
4.3874
4.40192
4.498028
5.153296
5.71894
5.825068
5.869484
6.368864
6.6503
7.004192
7.144096
7.153556
7.169244
7.403388
7.899848
8.53978
9.31452
9.447304
9.713932
9.798896
10.156976
10.472336
10.777624
12.017792
12.770852
12.966924
14.213272
14.703524
14.879892
15.230304
15.247572
15.347844
15.397928
16.123116
16.36574
17.339392
17.473216
17.999268
18.871276
18.93394
20.658936
21.26224
22.14314
22.397108
22.559276
22.613536
23.891532
28.517544
29.090216
29.375036
29.842628
31.0508
31.207664
31.784908
32.390732
32.475896
33.723548
33.96844
34.617492
35.742252
35.976472
36.443628
36.558068
36.714164
39.010728
39.299544
40.102784
41.47026
41.553476
41.756812
42.400548
42.807856
42.84072
42.942408
43.18682
43.327168
43.875288
44.673068
45.211188
45.466344
45.584456
46.019232
46.294176
48.628796
48.869184
48.890016
50.1994
50.30272
50.858376
51.016652
51.88066
52.244948
52.906552
53.0816
53.089424
53.23728
53.666584
53.875188
54.766584
54.955776
55.875856
56.872804
57.051584
57.090176
57.907692
59.980124
60.33584
60.59752
60.678696
61.121856
62.110396
63.05526
63.307992
63.522104
64.051248
64.191096
64.209916
64.236456
64.855272
65.04898
65.18816
65.756464
65.794736
66.329892
66.829304
67.248008
68.11538
69.782988
69.836208
69.896804
69.979704
70.02526
71.013124
71.031884
71.094188
71.1088
71.1746
71.55346
71.611648
72.33758
73.39572
73.990852
74.483828
75.759944
75.96198
76.661476
77.321212
77.687028
80.182028
80.982404
81.464336
83.498652
83.926464
85.137624
85.752168
86.445868
86.672876
87.235108
87.656168
87.78558
87.906636
88.129908
90.4403
90.68554
90.91882
92.223612
93.696012
96.307372
96.377688
96.827644
98.00434
98.085872
99.299312
99.318156
100.015392
100.076688
100.363736
100.490152
100.84786
101.049312
101.085196
101.1021
101.826924
102.18952
102.59216
103.336392
104.017432
105.135184
105.427852
107.88598
108.12922
108.555928
108.574272
108.803976
108.884468
109.884088
110.38592
110.612928
111.127348
112.42596
112.660616
114.523056
115.335152
115.682152
116.307908
117.241684
117.485792
117.878896
118.050956
118.444072
118.552692
119.10102
119.496412
119.753904
120.263928
120.699024
121.214652
121.363476
122.17948
122.301452
122.520036
123.243668
123.538292
123.820016
124.010716
124.273576
124.41496
124.72276
124.780052
126.47534
126.746452
127.32146
129.627632
130.347088
130.742268
130.79058
130.9859
131.392308
131.45254
131.974404
132.47208
132.533984
132.923952
134.221116
134.471924
135.175428
135.19992
135.591088
136.280908
137.006532
137.895564
138.178884
138.652008
138.944136
139.418828
139.465768
139.81562
140.185404
140.991208
141.48402
141.508168
141.9039
142.549076
142.743676
143.288724
143.423752
144.43062
144.86036
145.119244
145.383952
145.438588
145.882248
145.965236
146.158788
147.140876
147.3136
147.542712
147.818208
147.833344
149.21438
149.888612
150.225196
151.064932
152.362164
152.481576
152.744368
152.83498
152.946284
153.442432
153.61124
154.041836
154.421012
154.726696
156.21898
156.953872
157.287672
157.737372
157.962356
159.029928
159.535436
159.552524
159.650684
159.8488
160.3125
161.266672
162.565304
164.904692
164.967036
165.093576
165.528956
165.966552
167.871784
168.585308
169.016004
169.45336
169.839172
170.694344
170.725928
171.062584
171.484408
172.350488
173.649756
174.207436
175.667708
176.581248
177.23844
177.68154
178.545388
178.685436
180.547904
