0.358556
0.36104
1.051288
1.08354
1.230536
1.7611
1.967852
2.679292
2.771364
3.226012
3.323888
3.34312
3.492032
3.552524
4.209932
4.372268
4.695504
5.05746
5.163696
5.189004
5.48016
5.75296
5.940288
6.026636
6.486996
7.498096
8.929668
9.062652
9.229588
10.266924
10.948504
12.48556
12.597616
13.461556
14.480336
14.780312
14.826908
15.49504
15.74352
15.782028
16.45616
16.770176
16.780156
16.81882
17.125056
17.43302
17.604128
17.617564
17.686472
18.082552
18.765384
19.013484
19.392544
19.949604
20.892724
22.489748
22.504772
22.591488
22.704124
22.708808
22.981744
23.66598
24.670744
25.952428
26.153352
26.4306
27.73472
27.860988
29.2376
29.774252
29.885008
31.415324
31.8896
32.276404
32.45192
32.954364
33.534804
33.7019
33.721888
35.161936
35.416892
35.659724
35.810896
36.471692
37.543484
38.203228
39.558556
39.708324
40.545628
40.829528
41.1431
41.47632
41.581016
42.032292
42.263064
43.393036
43.889096
44.088416
44.355272
44.515456
45.004872
45.14828
45.694284
46.38812
46.6135
46.958492
47.075356
47.216636
48.094304
48.779792
50.036564
52.431488
52.469328
53.717768
53.774576
55.17004
55.972988
56.13778
56.201824
56.86942
56.974408
57.30532
57.4868
57.964444
58.438152
59.642092
60.189912
60.722652
61.4454
61.4613
62.617444
63.229548
63.33026
63.665276
64.27704
64.302072
64.671288
65.225992
65.249292
67.191472
67.378496
67.39236
68.031836
69.08838
69.152348
70.528376
70.560412
70.913756
71.390236
71.72692
72.40046
72.4226
74.140024
75.3657
75.75032
76.472924
77.516972
77.594068
77.645364
80.709496
81.012544
81.252544
81.760432
82.616124
83.7909
84.097252
84.309292
84.839988
85.60232
86.26706
86.892788
87.28872
87.571184
87.6803
88.810668
88.914132
89.180648
89.469256
89.783016
89.895516
90.719516
90.995984
91.703736
92.31386
92.972384
93.188596
93.623492
93.804456
94.453664
94.867268
95.469888
95.944292
96.838312
97.234596
97.76052
98.505904
99.191688
99.902004
99.958
100.838152
101.152716
101.312964
104.297336
104.591528
104.792024
106.35224
107.797076
107.903552
108.107776
108.2396
108.46628
108.528252
108.990032
109.377804
109.804204
109.971468
111.594684
112.040084
112.051976
112.996988
113.591224
113.700092
114.220492
114.321492
115.103032
115.218612
115.454088
115.584228
115.703904
115.875324
116.536624
117.913752
118.111328
118.414504
119.008376
119.80378
119.853756
120.16406
120.342364
120.670944
120.731228
121.0519
122.57392
123.568452
123.59564
123.643092
124.56166
124.729152
125.611228
125.775708
125.901032
126.365404
126.682492
126.805304
127.69568
127.942792
128.441328
128.4964
128.590892
129.291536
130.105944
130.176332
130.686732
131.265888
131.533312
131.749544
131.851176
132.551596
133.844452
134.64026
134.64594
135.039752
135.193928
136.113616
136.267344
136.488164
136.69744
138.038452
138.378988
139.015116
139.484732
139.540576
139.707152
140.524304
142.57008
142.602928
142.684008
142.91696
143.3744
143.825736
144.066432
144.28106
145.102116
146.101896
146.199604
146.602648
147.15402
147.205912
147.9302
149.205792
150.266372
150.933228
151.792232
152.275872
152.526232
153.565548
153.617764
154.205212
154.301316
154.659212
155.415144
155.750196
155.873144
155.979724
156.275468
156.75794
157.955308
158.04932
158.148084
158.212296
158.727748
158.846624
158.907544
159.041672
159.075936
159.741472
159.92376
160.181984
161.665592
161.789952
162.513768
162.557576
162.754132
163.785328
164.28428
164.366812
164.823148
164.875664
165.32044
165.444856
165.702376
165.772692
167.02056
169.120892
169.25304
169.615856
169.961396
170.289952
171.245436
171.46188
172.35844
172.597404
172.785304
172.793156
173.10812
173.20328
174.320804
174.890192
175.288664
175.576216
175.737496
176.029052
176.902704
177.246196
177.485916
177.897616
178.025376
178.076348
178.279212
179.20228
179.819652
179.988656
180.581132
