0.134684
0.169132
0.359484
0.644428
0.78136
1.4376
1.479224
2.932948
3.247344
3.554248
5.777252
7.85794
8.133344
8.461728
8.568796
8.710976
8.97848
9.483952
9.519924
9.985892
11.895584
12.86372
12.869296
13.086196
13.112512
13.609484
13.722736
14.284692
14.30058
15.778408
16.40576
16.702412
17.595908
17.645876
17.743452
18.982032
19.702996
20.442396
21.510428
22.215468
22.49886
22.671828
22.704484
22.987884
23.527616
23.79714
24.024692
24.25588
24.32104
24.435776
25.59182
26.017184
26.343224
27.301292
28.294776
28.311688
28.737776
29.17198
30.000928
30.244984
30.618136
30.658216
32.564344
33.296644
33.574564
34.13386
35.537204
35.852256
36.735588
38.263708
38.798128
38.873448
39.096624
39.360404
39.8586
40.160448
40.401028
40.553612
40.589588
41.818284
42.474428
43.228524
43.731996
44.434044
45.033164
45.829212
46.191716
47.192824
47.620832
48.597484
49.0041
49.193556
49.594584
49.965692
50.4762
50.896496
53.725104
54.430856
54.494264
54.685036
54.746372
55.001416
55.90184
56.28854
57.10136
57.503356
58.291224
58.38782
58.888972
59.192012
60.097164
60.160396
60.441224
60.693224
61.021944
61.281332
61.485108
61.727472
62.552444
63.429392
64.206196
64.488528
65.063236
65.082452
65.854548
66.586084
66.792304
66.844112
67.460504
67.535532
68.029748
68.127792
68.624996
68.863444
69.086232
69.38476
69.672328
70.361132
70.600736
70.815432
70.905532
71.8083
73.193316
73.578068
74.022376
74.13248
74.416828
75.964884
76.827848
78.580916
79.557768
79.564172
80.191364
80.52766
81.603852
82.59898
82.61856
82.97834
83.249976
85.54682
86.986472
87.820764
88.144536
88.3624
88.575248
90.871872
90.999848
91.937432
92.320024
93.300256
93.561732
94.369128
94.38328
95.283708
95.452704
96.248896
96.701624
98.333216
98.432036
99.387568
99.614648
99.9348
100.547084
100.849956
101.018524
101.520484
102.575592
103.018644
103.0427
103.133124
103.183196
103.458112
103.820004
104.103492
104.21972
104.790572
105.296792
105.624628
107.7322
107.7815
107.960892
108.37846
109.029464
109.139336
109.596104
110.111984
110.228748
111.847572
112.366068
112.443296
112.711244
114.894612
115.375224
115.863856
116.39806
116.89348
117.177764
117.471764
117.731404
118.087656
118.15736
118.517104
118.595896
119.43186
119.738328
120.025884
120.328824
121.064852
121.107196
121.298072
125.080592
125.453784
125.611308
125.876548
127.127128
127.945532
128.124168
128.903028
129.182028
129.225976
129.266864
129.31444
130.64982
131.232312
131.253032
132.743732
132.805796
133.133428
133.239964
134.387112
134.434304
134.75942
134.9445
135.98494
136.360456
137.115492
137.23206
137.79158
138.33108
140.512616
141.084872
142.17026
142.318756
143.615996
144.01414
145.63222
146.512728
146.539308
147.139336
148.032244
148.81896
149.171672
149.179816
150.295228
150.64972
151.372064
152.4847
153.277404
153.900884
154.200628
154.276096
154.901808
156.308152
156.5802
157.130608
157.280748
158.189696
158.35572
159.218748
159.417384
159.505708
159.714856
159.736452
159.83864
159.851504
160.028576
160.081868
160.353228
160.369628
160.37136
162.79732
162.850844
163.756188
163.79964
164.068668
165.03636
165.435156
165.84908
166.370076
166.85102
167.164988
167.813032
168.745472
171.460408
171.485396
173.131276
173.155256
173.1842
175.261108
175.379244
175.460204
175.729152
177.107428
177.89324
178.685412
179.2124
179.769536
179.772916
180.345296
