0.046476
0.135952
0.573004
2.141324
2.360312
2.500476
2.935284
3.123796
3.240432
3.768108
3.864604
4.032988
4.880964
5.029852
5.244032
5.97908
6.807664
7.250896
7.65872
8.557124
8.720876
8.77806
9.875964
10.24882
10.92026
11.04686
11.978168
12.533236
12.676992
13.71656
14.578884
14.680756
14.752264
14.872296
15.19556
15.433252
15.849708
16.142812
16.679268
18.70616
19.280284
19.661656
19.67514
19.791932
20.65092
20.86746
21.297152
21.44244
22.676356
24.359048
24.560432
25.273504
25.415008
26.133428
27.869244
28.423036
28.491728
29.402696
29.42106
31.172272
31.56302
32.2171
32.39834
32.596832
32.667368
32.810684
34.557072
34.803176
34.833136
35.152592
35.20794
35.29144
35.918224
35.966136
36.447628
39.971116
40.381012
41.43054
41.863072
43.30454
43.584472
43.801456
44.088552
44.762364
44.974396
45.295384
45.533308
46.462616
46.529216
47.494616
47.628884
51.515612
51.841816
52.331572
52.781888
53.441488
53.723952
53.773944
53.979804
55.001232
55.026084
55.072828
55.129792
55.344084
55.566848
55.671236
57.8553
58.210764
58.582072
58.719904
60.177632
60.750684
60.811252
62.408232
62.509488
62.634292
62.96576
63.531044
63.715144
63.890916
64.141888
64.250556
64.785912
65.174612
65.419596
66.237452
66.260164
66.546324
66.594812
67.377376
67.802612
68.949096
68.95892
69.521408
70.28594
70.640548
71.187936
71.797208
72.605928
72.766704
73.031672
73.367032
73.745652
75.756348
75.898292
76.314232
76.638696
77.086332
77.272224
77.4011
77.444512
77.604516
77.73268
78.0763
78.659808
78.829704
78.897292
79.471592
80.8613
81.626268
82.089664
82.093616
82.827428
83.139908
83.685584
85.31254
85.780564
86.348628
86.448676
86.820816
87.181524
88.303084
88.383204
89.254528
89.329596
89.575544
89.587448
89.72584
90.00096
90.036032
90.520316
90.602672
90.948716
91.177744
92.014268
92.3013
92.473356
92.518596
93.05516
93.466608
93.56594
93.827972
94.052356
94.16988
94.206248
94.40302
94.834452
95.634456
95.821424
96.832868
97.017788
97.137176
97.70514
98.8849
98.949912
101.32618
102.169468
102.65652
103.519376
103.717504
103.96342
105.303392
106.168108
107.52386
107.682492
107.728312
108.053712
108.2086
108.492488
108.513132
108.576608
109.586336
110.431092
111.757304
112.384432
113.947392
114.362036
115.184692
116.22146
116.696768
117.584256
118.150116
118.995452
120.639348
120.828492
120.83216
121.242672
121.976832
122.363
122.872488
123.723304
124.245328
124.660928
126.38442
126.683596
126.803468
127.34378
127.620996
127.887496
128.184988
128.27342
128.522232
128.671828
129.444116
130.82436
131.740552
131.918388
132.675212
133.02702
133.190176
134.818664
135.696504
136.428032
136.599048
137.243976
137.839724
138.178668
138.841496
139.158492
139.556504
139.619052
140.452408
140.626296
140.819516
141.119456
141.19582
141.718744
142.208308
142.853628
143.0093
143.98282
144.880384
144.935052
147.335696
147.76398
147.989272
148.544212
148.83138
148.925836
149.269468
149.636048
149.835876
150.57402
150.896768
150.956636
151.081968
151.33362
152.248548
152.708556
153.100888
153.37822
153.806276
154.000524
154.270124
154.561952
155.101608
155.361196
155.51334
155.739076
157.810352
157.881132
158.845888
159.210124
159.4248
159.66356
159.763156
159.806232
159.9395
160.857816
161.790788
161.903004
162.989524
163.402772
167.496568
167.54594
168.126552
168.330396
168.397968
168.534348
168.757484
169.360604
169.378584
169.474132
170.192436
170.865776
170.98352
171.030164
172.387312
172.404128
172.578124
172.931276
173.746896
174.255856
174.332672
174.52958
174.716972
175.683336
175.956892
176.317232
176.901896
177.368176
177.62212
177.752724
178.895324
179.117084
180.770744
