0.10996
0.501336
0.542012
0.559832
0.619688
2.135124
2.216636
2.381272
2.947764
3.787996
3.819092
3.963868
5.559772
5.615164
5.8994
6.121348
6.2362
7.426576
7.461184
7.977916
8.581664
8.937652
8.987008
10.916316
11.524108
11.833876
12.24962
12.354352
13.002428
13.04648
13.425036
13.959432
14.035464
14.326732
16.007536
16.383768
16.420324
16.644488
16.84126
16.940312
18.17266
19.639836
19.900624
20.127872
20.957164
21.079648
21.771716
21.814612
21.877076
21.986392
22.359244
22.47812
23.010412
23.834772
25.054728
26.294344
26.415496
26.474168
26.61038
26.746768
26.991332
27.353864
27.360468
27.516264
28.202912
28.317424
28.443296
28.977584
29.11126
29.165424
29.415736
29.673592
29.991324
30.658688
30.933504
33.173348
34.196712
34.52518
34.607228
36.469072
36.710344
36.755944
37.526412
37.689772
38.484916
38.571148
39.675696
40.052328
40.574588
41.697684
42.263136
42.949704
42.98296
43.468516
44.312984
45.142388
45.33932
45.391644
46.853396
47.599708
47.6765
47.747712
48.954988
49.050876
51.193676
51.650892
52.30202
52.777892
53.367796
53.379972
53.704344
55.19106
55.347772
55.785092
56.22422
56.312848
56.49716
56.647028
57.034216
57.100728
57.418176
57.667508
58.55664
59.029688
59.48676
59.57222
59.910956
59.93792
60.11352
60.1534
61.240288
61.4271
62.130552
63.579976
64.042716
64.10042
64.534588
64.709492
65.705904
66.553104
66.783456
69.158332
70.006408
70.235856
71.253096
71.635796
71.97914
72.366848
72.737908
72.843112
72.85224
73.917008
74.301436
74.33686
74.889412
74.892208
74.980652
75.702856
77.629116
78.046108
79.244536
80.223012
80.394952
80.452204
80.73964
80.860884
81.361284
81.50206
82.253492
82.442148
82.573908
82.779236
82.799468
83.937664
85.718168
86.066276
86.119148
86.346292
86.665668
87.069916
87.200752
88.340512
88.970848
89.146348
90.218084
91.295408
91.905268
91.94994
92.16628
93.296664
93.866268
94.402384
94.441824
94.52192
94.879532
95.234552
95.872244
96.132548
97.148056
97.250688
98.436692
98.953976
99.704284
100.462024
100.717412
101.764664
101.884496
102.382168
102.598792
103.711176
104.1894
104.229708
104.443428
104.495788
104.818152
106.466932
106.6553
107.611888
107.7263
108.585192
108.753096
108.962492
109.235568
109.267808
109.39376
109.93834
110.866536
111.938832
113.69856
114.965948
115.709996
115.959608
116.03178
116.038276
116.162836
116.555164
116.817396
117.453256
117.779964
118.004824
118.135028
118.191956
118.465732
119.068124
119.639652
120.552076
121.623196
121.8559
122.264172
122.3509
122.71994
123.268724
123.477268
123.736144
124.599512
124.647164
124.895912
125.323472
126.06652
126.744144
127.15472
128.048904
128.451608
128.559376
128.78158
128.919612
129.055536
129.339908
129.672056
129.936624
130.14362
130.75662
131.25936
132.461112
132.482188
132.89256
134.02578
134.91928
135.04262
136.009344
136.686296
136.728064
137.68488
137.692492
138.1424
139.228828
139.375744
139.4496
140.002556
141.09364
141.300436
141.485796
141.968736
143.144004
144.508212
144.633112
144.838808
145.08808
145.912568
145.998468
146.355428
147.036904
147.119444
147.855232
147.98232
148.150384
148.265744
148.749392
150.072256
151.466852
152.187472
154.455092
154.652764
154.724892
155.244944
155.715004
156.412028
156.87514
158.164224
158.172028
158.99896
160.343852
161.889324
162.100176
162.184312
162.330152
162.61982
163.337924
163.94992
164.569144
164.603604
164.845424
164.95106
165.273104
165.903712
166.497544
166.773524
167.001764
167.535068
167.789612
167.848344
168.0137
168.200472
168.930652
169.376832
169.661612
169.693496
170.673964
171.0575
171.216256
171.671432
172.940952
173.699612
173.973916
174.199856
174.438596
174.629496
175.453816
176.189296
176.801216
176.987524
177.170004
177.459916
177.506172
177.534128
177.601744
177.718668
178.152368
179.179904
179.827052
180.18038
