0.106836
1.377704
1.41774
1.468408
1.964304
3.341016
3.864528
4.07938
5.937476
6.116596
6.193868
6.28186
6.287128
6.31136
7.182144
9.245276
10.153756
10.341076
15.630564
15.939552
16.010728
16.54658
17.003328
17.781948
18.10008
19.049468
19.459444
19.710236
19.926008
19.93378
21.103212
21.205468
22.066132
23.319264
23.703948
24.56452
24.581352
24.849304
25.172528
25.299948
26.031372
26.257
27.14878
27.210108
27.26606
27.43624
27.457068
27.522592
28.493096
28.620944
29.339556
29.440988
31.730572
32.070896
32.36946
34.868252
35.65072
36.1041
36.590496
36.604592
36.994572
37.146612
37.207396
37.687368
37.705496
38.186004
38.23138
38.552296
38.590556
38.882748
39.392628
39.5056
39.809368
40.356816
40.485968
40.81192
41.460592
41.787976
41.802848
42.907512
43.851304
44.192292
44.932452
49.676524
50.017956
50.707892
51.258356
53.10456
53.965968
54.060324
54.231848
54.308548
55.78938
56.476268
56.712872
56.946772
57.069376
58.112152
59.062604
59.250508
59.473984
60.155112
60.255332
60.267676
60.483676
60.533184
61.906204
62.022768
63.39032
64.631592
64.764012
64.880488
65.186388
65.628864
66.531092
68.356596
69.118244
70.013268
70.27912
71.803068
71.970776
72.25964
72.651156
72.724992
72.97138
73.091416
74.041012
75.20994
75.895192
76.292628
76.398792
76.533584
76.760392
77.07234
77.450636
77.7733
78.109884
78.4412
78.676964
79.803668
80.046136
80.34686
80.719396
80.758184
80.982172
81.254532
81.432648
81.973352
81.980984
82.029284
82.259352
82.303288
82.373024
83.617856
84.332888
84.445288
85.55376
85.978404
86.454356
88.971384
89.523636
89.744444
90.408248
91.098236
91.721564
91.881228
91.946448
92.16252
92.190964
92.677592
93.233896
95.133864
95.1592
95.202732
95.470944
95.817128
96.217832
96.99536
97.115148
97.203872
97.34416
97.552448
97.990776
98.086732
98.104012
98.435652
98.850364
99.370128
99.933936
100.57966
100.848108
101.160252
101.674924
102.348908
102.665804
102.893292
103.829756
103.832668
104.72748
104.937404
105.3224
105.562388
107.024232
107.09766
107.36282
107.841408
107.955052
108.266136
108.6356
108.733524
108.767028
108.769416
109.191688
109.418708
110.358156
110.883744
111.554716
112.305216
112.395156
112.859288
114.205552
115.273496
115.867292
117.914008
118.189808
118.59452
118.784544
118.998388
119.43794
120.643204
121.28836
121.474088
122.062576
122.426716
122.49952
123.002348
123.072968
123.475632
123.56368
123.682704
123.78298
123.813656
124.239264
125.009696
125.19656
125.527528
125.779696
125.836404
126.33948
128.124804
128.201676
128.225644
130.556692
133.216936
133.262012
133.664844
133.694908
133.730568
134.107172
134.392548
134.501772
134.856316
135.814508
136.451724
136.95392
137.04584
137.586052
138.38864
140.61996
142.17918
142.205836
142.340408
142.942288
143.055312
143.209928
145.2688
145.681256
146.49396
146.824836
147.227908
147.49836
148.573684
148.813592
149.86578
150.173656
150.222228
152.117748
153.041836
153.065036
153.724732
154.452744
155.374764
155.69434
156.98838
157.747536
158.202724
158.491216
158.949352
159.325004
159.490668
159.707652
160.058664
160.358468
161.470456
161.829268
161.926684
162.442268
164.40328
164.671772
165.072596
165.078536
166.318104
166.453604
166.481508
166.65372
166.684348
167.376288
168.919136
169.15818
169.563372
170.130224
170.817204
171.1394
172.121764
172.537084
172.622944
172.712068
174.179576
175.021464
175.153836
175.381324
175.9356
176.34316
177.840728
177.996964
179.131024
179.502092
180.387036
