0.20694
0.668048
0.94564
1.2374
1.61374
2.38194
2.573624
3.171372
3.3887
3.818728
4.4112
5.242728
5.391608
5.78632
5.830148
6.443704
6.447308
6.837476
8.030892
8.893264
9.16952
9.243692
11.78746
12.77288
12.997424
13.000476
13.9156
14.10866
14.688256
14.745992
16.220972
16.365476
16.68056
17.463376
17.79114
18.523704
19.34736
19.437376
19.569256
19.680412
19.803736
20.529796
21.84858
23.620128
24.476988
24.53838
25.25886
25.529604
26.431372
26.542812
26.610876
27.322136
27.709224
28.1865
28.753704
29.654532
30.22512
30.613204
31.504528
32.820224
32.862236
33.709676
34.207504
34.76216
35.284112
35.3434
35.556808
36.15518
36.2685
36.713064
37.124744
37.31708
38.085376
38.315304
38.801968
39.039184
39.81918
41.546896
41.668084
41.819052
41.948856
42.158136
42.448716
42.937276
42.986176
43.080776
44.8096
45.376508
46.11176
48.492304
50.381356
50.659948
51.322156
51.35528
51.5134
52.479004
52.731084
53.647544
53.714376
54.219512
54.251284
54.391844
54.658932
57.511724
57.522772
57.582036
58.18984
58.348304
58.795304
58.957096
59.086304
59.212392
59.6634
60.41796
60.445584
60.905128
61.932952
62.266348
62.3523
62.458412
62.511476
62.522816
62.901332
64.275516
65.89872
66.545448
66.852864
66.967636
66.971052
68.118456
68.426248
68.529696
69.214768
69.314468
69.592268
69.688572
69.701288
71.041112
71.605932
71.828188
73.087728
74.364528
74.636144
75.06902
75.509416
75.898028
76.265384
76.297544
77.298228
78.483296
78.841832
80.22252
81.492032
81.51666
82.492052
82.825888
82.911088
83.173548
83.631096
84.142156
85.09188
86.396648
87.484084
88.057468
88.546272
88.867232
89.036812
89.7465
90.397564
91.2533
92.059988
92.075964
92.884624
93.57588
94.0443
94.499164
94.68326
95.885432
96.314924
96.391164
96.818964
97.478292
97.728772
97.853976
97.966328
100.622144
100.634128
100.801404
101.594336
101.918768
104.37094
104.698136
105.94756
106.453468
106.63128
106.687856
106.775284
107.008352
107.251116
108.426712
109.289548
110.569344
111.000688
111.44236
112.194132
112.290172
112.440852
112.603836
113.140512
113.574124
113.70678
113.81754
114.352304
114.682892
114.881312
116.349652
116.7272
117.20764
117.880704
118.561832
120.086748
120.724728
121.002384
121.259756
121.54288
121.616132
122.600768
122.967836
123.46904
123.819204
124.493516
125.181256
125.19022
126.385476
126.853544
128.341196
128.94588
128.956756
129.847476
130.397392
131.796484
132.240044
132.884308
133.265008
134.342348
134.356424
134.38604
135.360828
135.484176
136.072592
136.224784
136.648688
137.372416
138.759124
140.667984
140.905628
140.921832
141.103192
141.74584
141.910652
142.418724
142.914928
142.952256
143.066088
143.839632
144.529292
145.592836
145.608472
146.442212
146.655648
146.784968
146.797552
147.613196
147.713704
148.018068
148.244768
148.668316
148.681128
148.875268
149.528216
151.197028
151.26572
151.280528
151.650828
151.812456
152.850256
154.081448
154.165756
155.625816
158.899104
159.03162
159.509252
160.697584
162.091924
162.447104
162.752308
162.923768
163.502104
163.657424
163.880284
164.929252
166.862596
166.947264
166.969404
167.321684
168.21484
170.02426
170.70004
171.648348
174.993772
176.013848
177.185152
177.540908
178.038412
178.598252
179.077716
181.033384
