0.651784
1.081444
1.37568
1.54264
2.663272
2.767324
3.240872
3.352288
3.84996
4.339948
4.545072
5.506664
6.884584
6.935064
7.570164
7.655924
8.454992
9.874972
9.933372
11.361948
11.599872
11.728584
14.19956
15.530772
15.618372
16.027316
16.311088
16.900236
17.433216
18.04448
19.088116
19.344084
19.400108
19.588184
20.06788
20.753256
20.801476
20.938764
21.833108
21.919516
22.054356
22.623544
24.672452
25.430752
25.936136
27.194644
27.482556
27.685576
28.031208
28.32974
28.524664
28.83046
29.576644
29.660196
30.774744
32.037396
32.482736
33.1327
33.174912
33.861896
33.876588
35.485572
35.514224
36.658656
36.662288
37.14892
37.38246
37.487252
38.113788
39.2091
39.30968
39.76134
40.196108
40.668036
40.706752
40.984148
41.98558
43.393908
43.957964
44.07968
44.127428
44.200288
44.664892
47.68786
49.06588
49.136784
49.210416
49.80766
50.153544
51.377312
52.66756
52.745232
53.115088
55.070032
55.757796
55.835936
55.864668
56.206468
56.334952
56.366052
57.661164
58.631316
58.683928
61.120556
61.434344
62.46642
62.933508
63.57176
63.680172
64.64068
65.36622
65.458204
65.512036
65.619344
66.177228
66.224824
67.193508
67.229644
67.674896
68.917996
69.137996
69.406188
69.495864
70.57466
71.004172
71.99046
72.672472
72.870656
72.980664
73.758132
73.914484
74.095112
74.658416
74.844876
75.3101
75.492196
75.806564
75.8136
75.88712
76.137228
76.422656
76.455376
78.078816
78.103748
79.072472
80.184276
81.325748
81.40408
81.938748
83.401312
83.445416
83.585504
83.863836
83.875504
83.925404
84.347796
84.746108
84.979352
85.95884
86.422756
86.428692
87.597564
87.81338
87.847308
87.901088
88.420356
90.290696
90.331912
90.76052
90.962332
91.484876
92.461432
92.694248
93.734996
93.825704
95.327448
95.790252
95.966196
96.022144
96.02472
96.346196
97.957824
98.070916
98.2734
99.953708
101.006148
101.633316
101.764228
101.978804
102.066676
103.03822
103.09098
104.2413
104.321772
104.676968
105.809632
106.788424
106.838144
106.997796
107.838528
108.133784
109.532708
110.445184
110.936624
111.5856
111.903864
113.42156
113.538728
114.162712
114.235852
114.99396
115.076932
115.28096
115.574276
116.327684
116.548204
116.790264
117.027
117.97534
118.57314
119.161424
119.638196
120.279288
120.3597
121.076324
121.232984
121.531828
122.234832
122.260168
122.282584
122.835696
123.077988
123.202496
123.332036
123.904448
123.931736
125.203704
125.865572
126.778528
127.370252
127.443668
128.066996
128.632504
130.723868
130.806072
131.941736
133.733576
134.210904
134.677684
136.423708
136.629668
136.816188
137.17604
137.296244
137.885748
138.234996
138.267668
139.180024
140.757448
141.418404
141.520844
141.885004
142.803192
142.979724
143.366512
144.167452
145.238664
146.099276
146.632308
146.676444
147.737228
147.761876
150.456652
150.73212
152.231476
152.854312
153.221848
153.495208
154.892868
155.286916
156.11948
156.34194
157.033548
157.387288
157.513592
158.08518
158.101556
159.846152
159.861432
160.581092
160.815872
161.24574
162.993092
163.557976
167.161228
167.341868
167.376648
167.620784
168.247928
168.830868
169.013964
169.085972
169.950676
170.29586
170.72348
171.488112
171.892692
172.47738
172.825384
174.689508
175.75018
176.40964
177.88406
178.368676
178.84944
179.053912
180.252352
